57541.944847093546 83.150610 0.000369
57542.860008274751 83.158791 0.000447
57543.966252047809 83.169140 0.000228
57569.968629215502 83.159680 0.000236
57570.952150922822 83.169176 0.000194
57637.783945840471 83.136780 0.000261
57660.561366923088 83.167740 0.000263
57661.586858813738 83.172740 0.000509
57665.444894612163 83.136545 0.000252
57688.441827553317 83.174090 0.000220
57694.490236310674 83.150400 0.000582
57694.594665764002 83.150400 0.000432
57696.424116040347 83.166579 0.000254
57696.597498005453 83.168431 0.000169
57698.371784625480 83.164087 0.000343
57699.603748888258 83.143750 0.000241
57754.378712269827 83.140470 0.000224
57754.241154776479 83.137610 0.000189
57756.455186411178 83.143940 0.000196
57789.324425443934 83.151940 0.000141 
57789.191167682220 83.147180 0.000228
57791.112262095419 83.135930 0.000213
57792.117322836668 83.139720 0.000215
57813.317386319992 83.167558 0.000175
57814.050895563792 83.171920 0.000146
57819.240112390304 83.142740 0.000206
57820.369109595973 83.151100 0.000173
57821.290977186552 83.158610 0.000241
57850.984880693592 83.167850 0.000129
57851.236464847709 83.164870 0.000106
57852.086871548410 83.152310 0.000216
57854.093220701354 83.140960 0.000195
57855.126715818340 83.142660 0.000338
57879.889088635922 83.137660 0.000142
57906.966471623280 83.136560 0.000293
57906.044354904174 83.146670 0.000192
57936.788190740044 83.147358 0.000030
57985.865244352171 83.164950 0.000180
