5.754286038615801226e+04 -9.955525818051093778e-05 2.070130000000000050e-04 3.456116815985397466e+02
5.754286108588927891e+04 1.535208618562046835e-04 2.140629999999999866e-04 3.456116831049939151e+02
5.754286178465518606e+04 1.535856106608445102e-04 2.308069999999999740e-04 3.456116846135681158e+02
5.754286248438726034e+04 4.666470166682794339e-04 2.305189999999999930e-04 3.456116861284030506e+02
5.754286306764783512e+04 -1.317679828151526128e-04 2.917959999999999825e-04 3.456116873942623897e+02
5.756996900471571280e+04 3.959519741515725227e-04 3.632919999999999769e-04 3.446526757128628446e+02
5.756996970541327028e+04 -8.677398984876816832e-05 4.113829999999999744e-04 3.446526770235119557e+02
5.756997040419038967e+04 -1.798052620338517333e-04 4.458889999999999859e-04 3.446526783261004425e+02
5.756997110296119354e+04 -8.227216194791787821e-04 3.531960000000000112e-04 3.446526796241866464e+02
5.756997180174654932e+04 -2.131791997812326268e-04 2.848989999999999704e-04 3.446526809177805717e+02
5.757095252687844913e+04 2.543000306842647549e-04 3.106159999999999954e-04 3.447554201264781000e+02
5.757095322765234596e+04 -4.474932237912860868e-05 2.599999999999999772e-04 3.447554215133960156e+02
5.757095392650516442e+04 9.937566187801017670e-06 2.372549999999999909e-04 3.447554228926170481e+02
5.757095462535747356e+04 1.656013861879697348e-05 3.118579999999999811e-04 3.447554242679171352e+02
5.757095520773589669e+04 1.484443033157101309e-04 3.619139999999999640e-04 3.447554254109875842e+02
5.763778429919592600e+04 -7.941380862515716997e-06 3.976289999999999838e-04 3.458197401148916583e+02
5.763778499970196572e+04 2.484884287208186083e-04 3.698489999999999482e-04 3.458197411962564161e+02
5.763778639783190010e+04 1.155904259167472555e-03 4.070330000000000042e-04 3.458197433406008372e+02
5.763778709639007138e+04 -6.088714381699059357e-04 2.761499999999999632e-04 3.458197444049832256e+02
5.765948847625921189e+04 3.035789934305969939e-04 3.221990000000000097e-04 3.458779444287489468e+02
5.765948917693564727e+04 1.585024265481926084e-04 4.245969999999999736e-04 3.458779452431452910e+02
5.765948987568336452e+04 -3.179174672495209473e-04 4.168779999999999751e-04 3.458779460612935850e+02
5.765949057540073409e+04 -1.785650254832473437e-04 3.676619999999999368e-04 3.458779468865526496e+02
5.765949127415910334e+04 2.559813915260838123e-04 3.079940000000000195e-04 3.458779477166251581e+02
5.766056170895777905e+04 -4.499624222462877791e-04 2.444859999999999763e-04 3.263593261698407559e+02
5.766056241068559029e+04 -1.234731928629605212e-04 3.505760000000000126e-04 3.263593274127588302e+02
5.766056310953025968e+04 5.971805717800077792e-04 3.209929999999999945e-04 3.263593286533685500e+02
5.766056380835277378e+04 -6.009007884811416213e-04 2.907230000000000014e-04 3.263593298967008991e+02
5.766056450815856806e+04 -1.573050309997542357e-05 3.251320000000000035e-04 3.263593311445201266e+02
5.766158755167107302e+04 1.816452778263887935e-05 2.730280000000000293e-04 3.267558999264583122e+02
5.766158801855248021e+04 -1.718155811484865596e-04 2.406819999999999836e-04 3.267559008152925344e+02
5.766158848351689812e+04 3.555357713862682058e-04 2.946489999999999635e-04 3.267559017011541869e+02
5.766158883295063424e+04 -2.477702547623071377e-04 3.351289999999999825e-04 3.267559023673426282e+02
5.768971421061408182e+04 2.889766845971484806e-04 1.973389999999999888e-04 3.388413455671787347e+02
5.768971491034347855e+04 4.076720008617158391e-06 2.201419999999999939e-04 3.388413461902750328e+02
5.768971561007629498e+04 2.410265589589914438e-05 1.569649999999999854e-04 3.388413468065944585e+02
5.768971619238675339e+04 2.095257951996096755e-04 3.358759999999999806e-04 3.388413473143084502e+02
5.769449045442261558e+04 9.546884410211780778e-05 2.034049999999999812e-04 3.458278850861059368e+02
5.769449092213838594e+04 1.451603469743116407e-04 2.508170000000000213e-04 3.458278861050034152e+02
5.769449138793040765e+04 2.799803790729048876e-04 2.369509999999999748e-04 3.458278871206235294e+02
5.769449185467913776e+04 -7.626864963615842086e-05 1.786930000000000050e-04 3.458278881392340054e+02
5.769459488343184057e+04 3.216318250463911892e-04 1.418939999999999937e-04 3.480929404899378028e+02
5.769459535210923787e+04 -1.015719322786625062e-04 1.530469999999999867e-04 3.480929414669682842e+02
5.769459581790798984e+04 2.092106722468838758e-04 2.026660000000000007e-04 3.480929424366331659e+02
5.769459628370581777e+04 4.383413945531737391e-04 1.345379999999999916e-04 3.480929434049260180e+02
5.769642444924302981e+04 -9.677811283081925986e-05 2.034240000000000093e-04 3.308384021177402587e+02
5.769642514999984269e+04 -3.369953757047624887e-05 1.927669999999999926e-04 3.308384033028444833e+02
5.769642585075599345e+04 -3.220898812798321899e-05 1.802539999999999720e-04 3.308384044925024909e+02
5.769642654958857747e+04 1.014116433864294825e-04 2.375789999999999966e-04 3.308384056834045168e+02
5.769642713194557291e+04 -9.180156643260443147e-05 3.197449999999999685e-04 3.308384066792376075e+02
5.769659783211635659e+04 1.292713145328129110e-03 4.772849999999999814e-04 3.327236086215714863e+02
5.769659923268227431e+04 5.415275226631691271e-04 4.467119999999999880e-04 3.327236113578138088e+02
5.769659993152103561e+04 1.329797470008711551e-04 3.834529999999999623e-04 3.327236127181299707e+02
5.769660051388100692e+04 -6.995911725167754461e-04 2.975459999999999867e-04 3.327236138491521160e+02
5.769837200091064005e+04 -1.687489484261405252e-04 4.857499999999999622e-04 3.357594195802086574e+02
5.769837293555927317e+04 -1.492605027440191217e-04 3.497039999999999979e-04 3.357594207105726696e+02
5.769837340047162434e+04 -6.137859395552829056e-04 4.538059999999999577e-04 3.357594212769546402e+02
5.769837374989433010e+04 4.673217069671581889e-04 4.092540000000000088e-04 3.357594217044363063e+02
5.769960408035404544e+04 -2.957064236271649948e-04 3.759130000000000175e-04 3.301800916511476203e+02
5.769960478091038385e+04 -7.195220177910280910e-04 4.808619999999999778e-04 3.301800929561304088e+02
5.769960547956196388e+04 5.794843617901650028e-04 3.722149999999999591e-04 3.301800942536955290e+02
5.775129514638583350e+04 1.789196487726698226e-04 4.692049999999999368e-04 3.337299635778772426e+02
5.775129584622950642e+04 1.974413532972643778e-04 3.762929999999999834e-04 3.337299652175877895e+02
5.775129654509410466e+04 -1.203707472105040215e-03 3.242679999999999521e-04 3.337299668589425323e+02
5.775129724495417759e+04 2.299724760407335521e-04 2.358650000000000059e-04 3.337299685065501080e+02
5.775129794382557884e+04 -5.854542886350610651e-04 3.478929999999999436e-04 3.337299701557108733e+02
5.775437904470850481e+04 -2.413870495779553730e-04 3.990009999999999564e-04 3.446790476967094037e+02
5.775437974521403521e+04 -3.230472206916545929e-04 4.324119999999999657e-04 3.446790496699785535e+02
5.775438102787372191e+04 -1.865410268214029834e-04 4.821379999999999568e-04 3.446790532823724220e+02
5.775645622212826856e+04 6.009316917780161202e-05 4.839449999999999481e-04 3.461147080777800511e+02
5.776330243937278283e+04 4.128174540045760686e-04 3.905210000000000105e-04 3.445416404871845657e+02
5.778919151294553740e+04 -6.923495629305436317e-04 3.482459999999999722e-04 3.449575371319764940e+02
5.778919221258217294e+04 -8.265319878889286790e-05 2.839680000000000025e-04 3.449575389934794885e+02
5.778919291124837036e+04 -1.640178663768969533e-04 3.584879999999999599e-04 3.449575408565645489e+02
5.778919360894502461e+04 -8.582635303296727060e-04 3.004289999999999522e-04 3.449575427211874512e+02
5.778919419117319194e+04 -3.652828001018068333e-04 2.959639999999999602e-04 3.449575442803488272e+02
5.778932616735863121e+04 4.987525264627105416e-04 4.958820000000000068e-04 3.432030061089362221e+02
5.779111260678689723e+04 4.654093796580412406e-04 3.332639999999999995e-04 3.450173660335872796e+02
5.779111330729309702e+04 4.597812729953525959e-04 3.939319999999999953e-04 3.450173673176021225e+02
5.779111400586243690e+04 -6.181669477305200017e-04 3.736469999999999549e-04 3.450173686047689898e+02
5.779111470542280586e+04 7.912326634574394892e-04 3.616789999999999502e-04 3.450173699004512855e+02
5.779111528852852643e+04 9.644060516837769503e-05 3.872309999999999793e-04 3.450173709855456536e+02
5.779211766828974214e+04 2.616347891342791379e-05 2.742709999999999766e-04 3.449428873552781170e+02
5.779211906745343731e+04 5.278910745511987152e-04 4.589189999999999611e-04 3.449428900767978803e+02
5.779211976701427920e+04 -1.041327862311508751e-03 4.878339999999999782e-04 3.449428914472520091e+02
5.781405124940830865e+04 -7.365452506373039237e-05 3.270379999999999815e-04 3.436476148919347793e+02
5.781405194924663374e+04 -2.828991762663033956e-04 2.783579999999999800e-04 3.436476162111440544e+02
5.781405264812644600e+04 -1.367069643974287523e-04 3.691689999999999750e-04 3.436476175351972984e+02
5.781405334797110118e+04 1.981833675505190423e-04 3.459339999999999984e-04 3.436476188677204391e+02
5.781405404588102829e+04 -2.847719214665679404e-04 4.075179999999999428e-04 3.436476202031603293e+02
5.781616810797306243e+04 5.246816944764439220e-05 4.844859999999999553e-04 3.454190175112182715e+02
5.781924046880882815e+04 1.410358835206958618e-04 3.133690000000000282e-04 3.439868927721021237e+02
5.781924116935736674e+04 4.898886390733864373e-05 3.228879999999999619e-04 3.439868948744382919e+02
5.781924186798348092e+04 1.402566244101611972e-04 3.825479999999999701e-04 3.439868969689511005e+02
5.781924256660481478e+04 -1.837314638259508119e-04 3.672179999999999932e-04 3.439868990613647952e+02
5.781924314974876324e+04 -6.981071243850168291e-04 4.970660000000000009e-04 3.439869008062960916e+02
5.782037016573882283e+04 1.470407034457288942e-05 3.153569999999999963e-04 3.443757621710909120e+02
5.782037086636240565e+04 5.426413604880435610e-04 3.729919999999999959e-04 3.443757633629915063e+02
5.782037156505043822e+04 1.357844769033726814e-04 3.776030000000000098e-04 3.443757645445925277e+02
5.782037226374872989e+04 6.114014110981770079e-04 3.911309999999999657e-04 3.443757657191980002e+02
5.782129133452770475e+04 5.206081868433790527e-05 2.707300000000000049e-04 3.469781573538317616e+02
5.782129203520918963e+04 -2.697062081007514027e-04 3.054769999999999621e-04 3.469781592012411693e+02
5.782129273397072393e+04 -1.634230956680349602e-04 3.337529999999999468e-04 3.469781610389813409e+02
5.782129343272919505e+04 -3.259029271299253880e-04 3.400710000000000039e-04 3.469781628720841127e+02
5.782129413244964962e+04 -5.367145684819895485e-04 3.051089999999999683e-04 3.469781647030433760e+02
5.782204184615408303e+04 2.512135475066972959e-05 4.868410000000000099e-04 3.447889816847610405e+02
5.785098559776780166e+04 -2.690015626626719833e-04 2.026139999999999951e-04 3.443324354948198902e+02
5.785098699640211998e+04 -1.923898383762262206e-04 2.412760000000000122e-04 3.443324386181431009e+02
5.785098839407661580e+04 1.533889437949540705e-04 3.544879999999999711e-04 3.443324417614309141e+02
5.785098979271103599e+04 2.982857501548688540e-04 2.803740000000000095e-04 3.443324449288040228e+02
5.785099107389651908e+04 -7.255216937258068561e-04 4.104439999999999890e-04 3.443324478492793332e+02
5.785123683174205507e+04 5.239839249599730900e-04 4.083389999999999676e-04 3.439050968391209722e+02
5.785123753148535616e+04 -1.176364128033556685e-03 4.507520000000000103e-04 3.439050983857163715e+02
5.785123893005346326e+04 -7.435620302750535352e-04 3.620860000000000159e-04 3.439051014599510836e+02
5.785123962885955552e+04 -2.279258220240899617e-04 4.152039999999999637e-04 3.439051029875164431e+02
5.785208724027391872e+04 4.796894356917456425e-04 4.470389999999999867e-04 3.289673333269907403e+02
5.785208991943610454e+04 -1.243401578081553211e-03 4.467329999999999934e-04 3.289673408926948923e+02
5.785409358909892762e+04 4.081745346494287458e-05 3.227119999999999555e-04 3.332174042295477534e+02
5.785409428961028607e+04 3.127432016821818437e-04 3.300570000000000283e-04 3.332174062364049405e+02
5.785409498915092991e+04 -1.493596326009019777e-04 3.386279999999999976e-04 3.332174082408791946e+02
5.785409568774723448e+04 9.335127535333305167e-04 4.909989999999999927e-04 3.332174102430108178e+02
5.785409638630488917e+04 -1.324276225163090745e-03 4.359219999999999914e-04 3.332174122453612881e+02
5.785512708625799132e+04 1.626526291033001889e-04 4.133469999999999441e-04 3.416963872366455348e+02
5.785512848542203574e+04 -3.273237728545213437e-04 3.463229999999999434e-04 3.416963912893870088e+02
5.785512918501041713e+04 -2.696732140319248649e-05 3.004109999999999940e-04 3.416963933136805167e+02
5.785512976623064606e+04 -2.879002384546701311e-04 3.255280000000000044e-04 3.416963949943744296e+02
5.787989156343205104e+04 -9.172473422831826408e-04 4.616630000000000148e-04 3.448702910090285059e+02
5.787989226203562430e+04 1.683320710470865222e-04 4.010749999999999775e-04 3.448702923201310568e+02
5.788089193013332260e+04 -3.611900910388162996e-04 2.961109999999999979e-04 3.440414570293449401e+02
5.788089402876516397e+04 -1.063755856796177432e-04 2.940260000000000204e-04 3.440414610408059843e+02
5.788089472734880110e+04 1.423253361135274492e-04 4.165899999999999400e-04 3.440414623878106113e+02
5.788193499969445838e+04 -5.128353776765254756e-04 3.440169999999999556e-04 3.446958260293267244e+02
5.788193569927968201e+04 1.220947058978186055e-04 4.133410000000000122e-04 3.446958276910289101e+02
5.788193639790004090e+04 5.306640244651491178e-04 3.353589999999999718e-04 3.446958293545997094e+02
5.788193709650003439e+04 -8.234535512292115054e-04 3.703659999999999570e-04 3.446958310222501609e+02
5.790604471061109507e+04 1.768621284440070462e-04 2.941870000000000075e-04 3.414327177648785892e+02
5.790604541023576166e+04 4.540744098587015600e-04 2.852759999999999975e-04 3.414327192688991204e+02
5.790604610889832111e+04 7.589656475342111555e-04 3.853260000000000170e-04 3.414327207667038238e+02
5.790604680851666490e+04 5.049509117822420425e-04 3.280749999999999921e-04 3.414327222623753073e+02
5.790604739073342353e+04 5.952248253778163242e-04 3.396410000000000097e-04 3.414327235038495587e+02
5.799256431241164682e+04 -9.711159251386568866e-05 1.618779999999999839e-04 3.476727247761021431e+02
5.799256501217806363e+04 -2.464618078947816292e-04 1.900899999999999910e-04 3.476727254693016675e+02
5.799256571098667337e+04 8.935636631498344260e-06 1.805710000000000030e-04 3.476727261679384355e+02
5.799256641075548396e+04 5.709466015161865831e-05 1.806559999999999861e-04 3.476727268739095962e+02
5.799256710955964081e+04 -8.163786368571123841e-05 1.565089999999999884e-04 3.476727275852522894e+02
5.799757157626045955e+04 -5.750719960527622123e-04 3.646879999999999480e-04 3.476861106201454845e+02
5.799757227484428586e+04 -1.682012797805002111e-04 4.617959999999999947e-04 3.476861114919321949e+02
5.799768010632243386e+04 -6.594900126044971338e-05 4.439479999999999447e-04 3.482232995016062773e+02
5.799768080682863365e+04 2.671603673537930183e-05 2.413159999999999914e-04 3.482233009213479704e+02
5.799768150636935752e+04 -1.624394074155632352e-04 3.177959999999999639e-04 3.482233023400966090e+02
5.799768220495067362e+04 -1.078650449745770663e-04 2.957139999999999812e-04 3.482233037578255903e+02
5.799768278806658782e+04 1.601988062762496905e-04 2.493649999999999816e-04 3.482233049419081112e+02
5.799864827392747975e+04 -7.101661151445215524e-04 3.250369999999999713e-04 3.482707121543463131e+02
5.799864897447460680e+04 2.034532829028735501e-04 3.533519999999999738e-04 3.482707135034573298e+02
5.799864967308070482e+04 -3.090399834232714126e-04 4.098469999999999674e-04 3.482707148512165531e+02
5.799865037265521096e+04 -2.941711125122960561e-04 2.410249999999999903e-04 3.482707162031982762e+02
5.799865095579635090e+04 -1.106835981988108094e-04 3.622189999999999958e-04 3.482707173319397498e+02
5.799979020505598601e+04 1.442876736689145938e-04 3.548049999999999750e-04 3.478744608927270860e+02
5.799979090565774095e+04 2.777948101535373995e-04 3.275139999999999952e-04 3.478744620034458421e+02
5.799979160528764623e+04 -4.118934820779295860e-04 2.900389999999999652e-04 3.478744631080741669e+02
5.799979230396605999e+04 -1.663953002619691327e-04 3.243099999999999629e-04 3.478744642066343431e+02
5.799979288619832369e+04 5.729776678541697124e-05 3.943120000000000154e-04 3.478744651185954240e+02
5.800060973313765135e+04 -2.599456748877499931e-04 3.951469999999999896e-04 3.488935908735014095e+02
5.800164669351843622e+04 5.218981391095726258e-04 4.637970000000000048e-04 3.484111341817391008e+02
5.800164739328288124e+04 -4.606326243401295535e-04 4.321250000000000004e-04 3.484111355509114105e+02
5.800164879091316106e+04 -1.502960304280034453e-04 3.547669999999999730e-04 3.484111382917121773e+02
5.800269810388253973e+04 3.521644297945775029e-04 3.397089999999999962e-04 3.475637162708426899e+02
5.800269880468340125e+04 1.751210827795061020e-04 3.106559999999999747e-04 3.475637176965470871e+02
5.800269950452141347e+04 -2.208373243054822694e-05 2.806099999999999849e-04 3.475637191196688036e+02
5.800270020339601615e+04 -2.871274579679946128e-04 3.695239999999999810e-04 3.475637205401741880e+02
5.800270078580579866e+04 7.247300641698740942e-04 3.867440000000000092e-04 3.475637217234308309e+02
5.793678889354979765e+04 1.653745356855015783e-05 2.767999999999999926e-05 8.194408328338166712e+02
5.793679028992341046e+04 -3.025290153571413837e-05 2.473899999999999811e-05 8.194408394276822492e+02
5.793679168822234351e+04 -3.985525268824358352e-05 2.503099999999999802e-05 8.194408460663597680e+02
5.793679320296707010e+04 2.640272358866484556e-05 2.471099999999999770e-05 8.194408532975456865e+02
5.793679436837670073e+04 4.255886035422918089e-06 2.557499999999999823e-05 8.194408588886757343e+02
5.798586559443947044e+04 1.663719254726982901e-05 2.503809999999999868e-04 8.176654771722977557e+02
5.798586629421862017e+04 -2.459740821264952068e-04 2.322149999999999985e-04 8.176654791520227263e+02
5.798586699303299974e+04 -6.918296938784039866e-04 3.423419999999999827e-04 8.176654811150928026e+02
5.798586769185593585e+04 -3.897554009697769511e-04 2.701480000000000027e-04 8.176654830642168008e+02
5.804262446757286671e+04 -6.916136330630871343e-05 1.537179999999999807e-04 8.224795135346399775e+02
5.804262516711641365e+04 -4.916986095952366150e-05 1.621860000000000088e-04 8.224795169226408689e+02
5.804262586569769337e+04 -3.294622322515249350e-05 1.410890000000000039e-04 8.224795203005385247e+02
5.804262656524399790e+04 2.233934172872781439e-04 1.487609999999999941e-04 8.224795236775725016e+02
5.804262714835739462e+04 2.436176049958453953e-04 1.804409999999999890e-04 8.224795264882448009e+02
5.807056908610045502e+04 -2.614839302205089960e-05 6.722699999999999856e-05 8.187491100696762487e+02
5.807056978471501498e+04 1.548563310250977961e-06 5.930499999999999547e-05 8.187491136119083421e+02
5.807057048429152201e+04 -2.289578922041228534e-06 5.734300000000000307e-05 8.187491171514934649e+02
5.807057118386782531e+04 -2.612474163263954987e-05 5.609700000000000179e-05 8.187491206834723698e+02
5.807057176700945274e+04 3.723978361418666880e-05 6.855999999999999410e-05 8.187491236217366577e+02
5.809551426746327343e+04 1.904458725007731517e-04 3.037720000000000047e-04 8.184242801890036390e+02
5.809551496605588181e+04 3.578008881877290629e-04 3.180980000000000027e-04 8.184242839939242913e+02
5.809551566560269566e+04 -1.668437083263438561e-04 2.371829999999999685e-04 8.184242877953327024e+02
5.809551636419830902e+04 2.656893943544582650e-04 2.605099999999999842e-04 8.184242915828016294e+02
5.809551694731938187e+04 2.658346674048701419e-04 3.001529999999999975e-04 8.184242947374563073e+02
5.809751691583669890e+04 9.696074450162433806e-05 3.438699999999999721e-04 8.199343944399247448e+02
5.809751831402248354e+04 -3.032926931120255467e-04 3.478430000000000237e-04 8.199344019188766879e+02
5.809751901360817283e+04 4.996861974020432246e-04 2.958749999999999683e-04 8.199344056465984067e+02
5.809850130024370446e+04 3.194870804503876431e-05 1.055190000000000040e-04 8.172347084269135848e+02
5.809850199891308148e+04 1.251848996718137453e-04 1.222119999999999880e-04 8.172347123364726258e+02
5.809850269854185899e+04 -4.044115922864271665e-05 1.168819999999999966e-04 8.172347162432330379e+02
5.809850339721159253e+04 7.637669982711757705e-05 9.224200000000000216e-05 8.172347201364082139e+02
5.809850397943369899e+04 -6.051998937652956366e-05 1.036319999999999998e-04 8.172347233743702191e+02
5.813148766640506801e+04 4.834335923035422498e-05 2.315980000000000144e-04 8.236188090046294974e+02
5.813148836498495075e+04 -7.447045444998453894e-04 3.577160000000000019e-04 8.236188121996742666e+02
5.813148906454976532e+04 4.243759458049557319e-04 3.741809999999999603e-04 8.236188153842809925e+02
5.813148976313128514e+04 -2.225647261146726128e-04 3.443189999999999944e-04 8.236188185494401068e+02
5.813149034625349304e+04 -7.941488941628277920e-06 4.549369999999999846e-04 8.236188211799798182e+02
5.818527780224054004e+04 4.812113544905780840e-05 1.385639999999999832e-04 8.238047055461572654e+02
5.818527850179665984e+04 9.925315078068582913e-06 1.270780000000000054e-04 8.238047101765123443e+02
5.818527920038907905e+04 -1.506430349538548342e-04 1.238549999999999992e-04 8.238047147912627679e+02
5.818527989994581731e+04 -1.292616720828508603e-04 9.865999999999999390e-05 8.238047194030723404e+02
5.818528048210873385e+04 -3.612324736479571998e-05 1.484310000000000024e-04 8.238047232338111598e+02
5.823710543448675162e+04 1.054067640011112785e-06 6.062400000000000097e-05 8.289585096815055749e+02
5.823710613334399386e+04 1.022069694599511767e-04 6.111600000000000235e-05 8.289585142294076832e+02
5.823710683219887869e+04 4.658115269465115679e-06 6.164599999999999897e-05 8.289585187710625860e+02
5.823710753105526965e+04 4.339797202702483381e-05 5.746600000000000173e-05 8.289585233064166232e+02
5.823710811151033704e+04 7.711485538562040198e-05 6.532799999999999523e-05 8.289585270685302021e+02
5.826609677646796627e+04 -2.725970000033496078e-04 2.770099999999999516e-04 8.259690546360786811e+02
5.826609747507485736e+04 6.461472495262771554e-04 2.264149999999999930e-04 8.259690577223304899e+02
5.826609817462845240e+04 2.249367461716802595e-04 2.196149999999999903e-04 8.259690607992737341e+02
5.826609887322466238e+04 2.276709006842802445e-04 2.059089999999999694e-04 8.259690638584758062e+02
5.826609945538405736e+04 -1.237056540383010795e-04 3.229269999999999797e-04 8.259690663974228073e+02
5.830400585745391436e+04 1.021909326263240881e-05 1.029749999999999958e-04 8.254273532813421070e+02
5.830400655702374206e+04 -2.435551150568546789e-06 1.618470000000000108e-04 8.254273555212078008e+02
5.830400725563288142e+04 1.181952145935116912e-04 1.798699999999999973e-04 8.254273577432691127e+02
5.830400795520311658e+04 1.354795151437818070e-04 1.338719999999999949e-04 8.254273599535870289e+02
5.830400853834032023e+04 2.884263416867454593e-04 2.312229999999999917e-04 8.254273617846752131e+02
5.809227669465780491e+04 2.752152277172557982e-05 8.609399999999999258e-05 8.949157314601177404e+02
5.809227669465583313e+04 -1.425448887440778256e-04 6.318099999999999021e-05 8.457023105840323751e+02
5.809227669465836516e+04 7.596871414506830547e-05 5.079099999999999533e-05 7.957069624633775220e+02
5.809227669465821236e+04 6.256264297929814270e-05 6.316899999999999100e-05 7.457116143427439283e+02
5.809227954980665527e+04 -1.507959127203749826e-04 8.373499999999999704e-05 8.949157407580863719e+02
5.809227954980868526e+04 2.488346780048167963e-05 5.594500000000000053e-05 8.457023193707093469e+02
5.809227954980800132e+04 -3.441226332653029446e-05 5.064899999999999567e-05 7.957069707306172859e+02
5.809227954980846698e+04 6.209589647706085867e-06 5.956299999999999876e-05 7.457116220905591035e+02
5.809228240592290967e+04 3.273027750251159750e-05 9.508999999999999929e-05 8.949157503543997336e+02
5.809228240592157090e+04 -8.264303292732452398e-05 5.957600000000000016e-05 8.457023284393012545e+02
5.809228240592224756e+04 -2.443246622486934183e-05 5.924300000000000182e-05 7.957069792631194787e+02
5.809228240592295333e+04 3.641306980102327012e-05 5.809999999999999599e-05 7.457116300869686256e+02
5.809228526203786896e+04 5.287300821493033659e-05 8.358799999999998642e-05 8.949157602428764449e+02
5.809228526203637011e+04 -7.640878769424560885e-05 5.478699999999999570e-05 8.457023377839997238e+02
5.809228526203706861e+04 -1.582228618905136481e-05 5.258299999999999444e-05 7.957069880554013253e+02
5.809228526203598449e+04 -1.099496488957306465e-04 6.376200000000000379e-05 7.457116383268296431e+02
5.809228811719024816e+04 2.684173304212560929e-05 8.839499999999999647e-05 8.949157704168704868e+02
5.809228811719027726e+04 2.915610857555107002e-05 5.368900000000000045e-05 8.457023473985198052e+02
5.809228811718936049e+04 -5.007765172113662013e-05 5.002100000000000101e-05 7.957069971015483816e+02
5.809228811719024088e+04 2.598130339428949976e-05 6.136599999999999488e-05 7.457116468046160662e+02
5.809229097330341756e+04 -2.088538093726832149e-04 9.216299999999999157e-05 8.949157808799702707e+02
5.809229097330526565e+04 -4.919064870508526276e-05 5.378899999999999610e-05 8.457023572862483434e+02
5.809229097330557124e+04 -2.270157338845525826e-05 5.539899999999999594e-05 7.957070064047618416e+02
5.809229097330525110e+04 -5.086201749723527068e-05 8.087699999999999154e-05 7.457116555233070585e+02
5.809229379861562484e+04 -2.247777149318112410e-04 1.122409999999999982e-04 8.949157915080661496e+02
5.809229379861849884e+04 2.342540027881160553e-05 6.365499999999999956e-05 8.457023673298965605e+02
5.809229379861862981e+04 3.447688175930572107e-05 6.143499999999999710e-05 7.957070158546724770e+02
5.809229379862009228e+04 1.612983486764526327e-04 6.548099999999999190e-05 7.457116643794873880e+02
5.809229668457842490e+04 1.444651801339995204e-04 1.032289999999999971e-04 8.949158026461159352e+02
5.809229668457731896e+04 4.892741428789367143e-05 5.694599999999999315e-05 8.457023778554370210e+02
5.809229668457777007e+04 8.771849265550107314e-05 6.634999999999998646e-05 7.957070257579890722e+02
5.809229668457747175e+04 6.217619236300330236e-05 6.859600000000000528e-05 7.457116736605743199e+02
5.809229953973228112e+04 4.448009001337332942e-05 9.435099999999999162e-05 8.949158139419548661e+02
5.809229953973309603e+04 1.149903633887301940e-04 6.757099999999999392e-05 8.457023885301107384e+02
5.809229953973163356e+04 -1.140234660670834989e-05 6.765000000000000451e-05 7.957070358016145519e+02
5.809229953973201918e+04 2.192945163863278609e-05 6.527800000000000757e-05 7.457116830731616801e+02
5.809230191549879237e+04 3.266839433285366251e-05 1.165280000000000065e-04 8.949158235483521366e+02
5.809230191549847223e+04 5.067047786333122238e-06 8.323900000000000721e-05 8.457023976082356285e+02
5.809230191549814481e+04 -2.358532747621652903e-05 8.225400000000000224e-05 7.957070443430826572e+02
5.809230191550016752e+04 1.510613115504455127e-04 8.377500000000000344e-05 7.457116910779752743e+02
5.809227669465780491e+04 2.756463851728088732e-05 8.609800000000000135e-05 8.949167313670800468e+02
5.809227669465583313e+04 -1.424239246006347721e-04 6.317299999999999977e-05 8.457023105840323751e+02
5.809227669465836516e+04 7.595142525580861315e-05 5.079299999999999972e-05 7.957069624633775220e+02
5.809227669465820509e+04 6.251096023587302995e-05 6.317499999999999060e-05 7.457116143427439283e+02
5.809227954980664799e+04 -1.509945994187266479e-04 8.371699999999999823e-05 8.949167406650591374e+02
5.809227954980868526e+04 2.498716241512330847e-05 5.593599999999999435e-05 8.457023193707093469e+02
5.809227954980800132e+04 -3.436905078361018222e-05 5.065500000000000205e-05 7.957069707306172859e+02
5.809227954980846698e+04 6.157752020614419656e-06 5.955999999999999896e-05 7.457116220905591035e+02
5.809228240592290967e+04 3.265242910462386839e-05 9.509399999999999450e-05 8.949167502613832994e+02
5.809228240592157090e+04 -8.271215944367589013e-05 5.957499999999999797e-05 8.457023284393012545e+02
5.809228240592224756e+04 -2.442381210001033984e-05 5.924399999999999724e-05 7.957069792631194787e+02
5.809228240592295333e+04 3.631801963101149761e-05 5.810099999999999819e-05 7.457116300869686256e+02
5.809228526203786896e+04 5.311484938468076088e-05 8.359199999999999519e-05 8.949167601498710383e+02
5.809228526203637011e+04 -7.636557515132549661e-05 5.478799999999999111e-05 8.457023377839997238e+02
5.809228526203706861e+04 -1.588277794100203047e-05 5.258499999999999882e-05 7.957069880554013253e+02
5.809228526203597721e+04 -1.100272746532744841e-04 6.376700000000000120e-05 7.457116383268296431e+02
5.809228811719024816e+04 2.701444769552465726e-05 8.844700000000000207e-05 8.949167703238763352e+02
5.809228811719027726e+04 2.912153079703166166e-05 5.368799999999999826e-05 8.457023473985198052e+02
5.809228811718936049e+04 -5.000853488501439965e-05 5.002199999999999643e-05 7.957069971015486090e+02
5.809228811719024088e+04 2.601587149257975906e-05 6.136799999999999926e-05 7.457116468046160662e+02
5.809229097330341756e+04 -2.087242879017459573e-04 9.217700000000000871e-05 8.949167807869880562e+02
5.809229097330526565e+04 -4.914744584239429619e-05 5.378999999999999830e-05 8.457023572862483434e+02
5.809229097330557124e+04 -2.265837052576429847e-05 5.539699999999999833e-05 7.957070064047618416e+02
5.809229097330525110e+04 -5.082746875940330949e-05 8.087799999999999373e-05 7.457116555233070585e+02
5.809229379861562484e+04 -2.247605228399163094e-04 1.121849999999999974e-04 8.949167914150956449e+02
5.809229379861849884e+04 2.337356265171993848e-05 6.365999999999999697e-05 8.457023673298965605e+02
5.809229379861862981e+04 3.452870970616823569e-05 6.142799999999999530e-05 7.957070158546724770e+02
5.809229379862009228e+04 1.611946540618110072e-04 6.548399999999998493e-05 7.457116643794873880e+02
5.809229668457842490e+04 1.445082861993256924e-04 1.032339999999999945e-04 8.949168025531579360e+02
5.809229668457731896e+04 4.898790603984433709e-05 5.694899999999999295e-05 8.457023778554370210e+02
5.809229668457777007e+04 8.773578154476076546e-05 6.635599999999998607e-05 7.957070257579890722e+02
5.809229668457747175e+04 6.220210633643455628e-05 6.859399999999998734e-05 7.457116736605743199e+02
5.809229953973228112e+04 4.432446097427522201e-05 9.435500000000000039e-05 8.949168138490093725e+02
5.809229953973309603e+04 1.149903633887301940e-04 6.757299999999998475e-05 8.457023885301107384e+02
5.809229953973163356e+04 -1.139368280162020053e-05 6.765299999999999753e-05 7.957070358016145519e+02
5.809229953973201918e+04 2.199858783521330469e-05 6.527800000000000757e-05 7.457116830731616801e+02
5.809230191549879964e+04 3.291874442402568354e-05 1.165549999999999979e-04 8.949168234554175569e+02
5.809230191549847223e+04 5.153453511715046901e-06 8.323799999999999147e-05 8.457023976082356285e+02
5.809230191549814481e+04 -2.349028698643389879e-05 8.224599999999998470e-05 7.957070443430826572e+02
5.809230191550016752e+04 1.510526864662739511e-04 8.377699999999999427e-05 7.457116910779752743e+02
5.836752618759591860e+04 -1.152448212675701006e-04 1.664559999999999933e-04 8.907153401871897813e+02
5.836752618759639154e+04 -7.474788907118590209e-05 3.247659999999999870e-04 8.448215287580592303e+02
5.836752618759465986e+04 -2.239657025325774830e-04 1.253709999999999894e-04 7.957777302717694283e+02
5.836752618759466714e+04 -2.234529356245033166e-04 2.035569999999999893e-04 7.485799242005908809e+02
5.836752862225057470e+04 1.791172006862277403e-04 1.543419999999999937e-04 8.907153454196943585e+02
5.836752862224205455e+04 -5.568866679949501875e-04 3.602099999999999681e-04 8.448215337209512654e+02
5.836752862224879209e+04 2.553525283052668202e-05 1.180659999999999907e-04 7.957767349506850678e+02
5.836752862225681019e+04 7.183057939562884379e-04 2.904080000000000290e-04 7.485799285981660205e+02
5.836753115409101156e+04 -2.436858965119788258e-04 1.280399999999999735e-04 8.907153510806116401e+02
5.836753115409669408e+04 2.473669242083257041e-04 2.390469999999999900e-04 8.448215390902315676e+02
5.836753115409531165e+04 1.279865197731162212e-04 1.068949999999999854e-04 7.957777400041588862e+02
5.836753115409260499e+04 -1.057823548747799098e-04 3.096029999999999833e-04 7.485799333557690716e+02
5.836753363686384546e+04 1.856028189532783637e-04 1.575109999999999900e-04 8.907153568469914262e+02
5.836753363686359808e+04 1.642048693443436797e-04 3.377679999999999550e-04 8.448215445594969424e+02
5.836753363686008379e+04 -1.395988853696780447e-04 1.229729999999999897e-04 7.957777451559278461e+02
5.836753363686527882e+04 3.096465376230694995e-04 1.802769999999999817e-04 7.485799382020126131e+02
5.836753611963227013e+04 1.919591865825955479e-04 1.262299999999999891e-04 8.907153628241796923e+02
5.836753611963528238e+04 4.523335212802248985e-04 3.705210000000000122e-04 8.448215502287295067e+02
5.836753611962946161e+04 -5.093743422813142865e-05 1.119939999999999987e-04 7.957777504960541819e+02
5.836753611963030562e+04 2.177071399699738314e-05 3.605989999999999673e-04 7.485799432254181056e+02
5.836753860239683854e+04 -1.777440011791903965e-04 1.701089999999999937e-04 8.907153690098914467e+02
5.836753860239728238e+04 -1.394817350835897841e-04 1.303959999999999896e-04 7.957777560224835725e+02
5.836753860240154609e+04 2.291438742103721815e-04 2.341969999999999805e-04 7.485799484240926631e+02
5.836754108516617998e+04 -1.769166898968145606e-04 1.378720000000000108e-04 8.907153754018115706e+02
5.836754108516916313e+04 8.065806444962254505e-05 2.730639999999999999e-04 8.448215621583217398e+02
5.836754108516501583e+04 -2.774362874223556012e-04 1.324979999999999908e-04 7.957777617331316833e+02
5.836754108517181885e+04 3.099172939637194089e-04 4.052619999999999834e-04 7.485799537960579073e+02
5.836754361797872116e+04 2.912536189840061728e-05 1.245929999999999911e-04 8.907153821325648551e+02
5.836754361797829915e+04 -7.189380107498247740e-06 1.501399999999999686e-04 7.957767677505652273e+02
5.836754361797605088e+04 -2.014277805895648094e-04 1.873199999999999887e-04 7.485799594527667296e+02
5.836754608727805316e+04 1.508759660868096934e-04 1.256979999999999881e-04 8.907153888962625388e+02
5.836754608727530285e+04 -8.695957467669905550e-05 2.992389999999999720e-04 8.448215749574789015e+02
5.836754608727904997e+04 2.367528012195721737e-04 1.503579999999999858e-04 7.957767737933631906e+02
5.836754608728118910e+04 4.217216763089494456e-04 2.957389999999999412e-04 7.485799651371934260e+02
5.836754823323349410e+04 -3.118381182985007611e-04 1.351160000000000121e-04 8.907163949300717150e+02
5.836754823323995515e+04 2.466143774885713605e-04 1.764749999999999934e-04 7.957777791836460892e+02
5.836754823324135214e+04 3.671764093828866222e-04 2.629019999999999708e-04 7.485799702115988339e+02
5.845233521503386146e+04 -6.323413692052686721e-06 2.747299999999999937e-05 8.949171372013523751e+02
5.845233521503399243e+04 5.262220664354194225e-06 2.167299999999999731e-05 8.457026941003039155e+02
5.845233521503370139e+04 -1.982915646261853613e-05 2.458499999999999924e-05 7.957073233075043390e+02
5.845233521503538213e+04 1.251076492781086065e-04 1.258009999999999836e-04 7.457119525147538752e+02
5.845233847550758219e+04 1.037524614594911756e-04 3.028799999999999868e-05 8.949171522017092002e+02
5.845233847550649807e+04 1.023069045095459769e-05 2.073100000000000192e-05 8.457027082757474545e+02
5.845233847550635255e+04 -2.342950038235559100e-06 2.329799999999999615e-05 7.957073366449519654e+02
5.845233847550846258e+04 1.793864319302265504e-04 1.353340000000000023e-04 7.457119650142077489e+02
5.845234170421113959e+04 -4.244302567248296547e-06 2.398000000000000080e-05 8.949171673593731384e+02
5.845234170421079034e+04 -3.455634560564825207e-05 2.079799999999999637e-05 8.457027225998554059e+02
5.845234170421108865e+04 -8.678702602464085468e-06 2.174399999999999714e-05 7.957073501222763525e+02
5.845234170421251474e+04 1.143248916189678921e-04 1.251219999999999991e-04 7.457119776447450477e+02
5.845234493291557010e+04 -2.025395651654482418e-07 2.314999999999999689e-05 8.949171828125809043e+02
5.845234493291534454e+04 -1.986276821558441484e-05 2.309199999999999846e-05 8.457027372032515586e+02
5.845234493291578838e+04 1.841166664239795149e-05 2.000199999999999925e-05 7.957073638623768375e+02
5.845234493291435501e+04 -1.052463483085893970e-04 1.487810000000000109e-04 7.457119905215384961e+02
5.845234816065717314e+04 2.505276817264897826e-05 2.300899999999999942e-05 8.949171985500436222e+02
5.845234816065688210e+04 -4.966594473991883978e-08 2.213599999999999948e-05 8.457027520752692453e+02
5.845234816065733321e+04 3.871737641417622507e-05 2.156299999999999667e-05 7.957073778552178283e+02
5.845234816066025815e+04 2.915965200679592156e-04 1.273089999999999834e-04 7.457120036352214356e+02
5.845235138936039584e+04 -2.924758394919577709e-07 2.425799999999999712e-05 8.949172145744761337e+02
5.845235138936024305e+04 -1.343006928716056318e-05 2.471299999999999869e-05 8.457027672184761968e+02
5.845235138936077419e+04 3.235188664763013550e-05 1.935399999999999800e-05 7.957073921032161934e+02
5.845235138936361182e+04 2.773786607414457689e-04 1.240709999999999849e-04 7.457120169880114418e+02
5.845235461613799998e+04 -1.594577743043718964e-05 2.239499999999999819e-05 8.949172308646429883e+02
5.845235461613765074e+04 -4.608425396016229498e-05 2.550899999999999920e-05 8.457027826128019115e+02
5.845235461613803636e+04 -1.276770334435355665e-05 1.913899999999999751e-05 7.957074065874867301e+02
5.845235461614063388e+04 2.114745152209476537e-04 1.162129999999999934e-04 7.457120305622275964e+02
5.845235784387796593e+04 -1.623610992914276591e-05 2.235000000000000116e-05 8.949172474281052700e+02
5.845235784387802414e+04 -1.122331244376796169e-05 2.570599999999999749e-05 8.457027982653962681e+02
5.845235784387810418e+04 -4.678093794448419542e-06 1.953000000000000105e-05 7.957074213147568571e+02
5.845235784387925378e+04 9.463093249319667996e-05 1.212619999999999920e-04 7.457120443641696284e+02
5.845236107354293927e+04 -1.531825430825009262e-06 2.131099999999999976e-05 8.949172642631467625e+02
5.845236107354327396e+04 2.769563934012127181e-05 2.669800000000000086e-05 8.457028141746341134e+02
5.845236107354304113e+04 7.417814238839200992e-06 1.970899999999999714e-05 7.957074362834981685e+02
5.845236107354239357e+04 -4.851110288018128610e-05 1.515889999999999881e-04 7.457120583924088351e+02
5.845236411356624012e+04 -4.799088408653354773e-05 2.450700000000000101e-05 8.949172803424449967e+02
5.845236411356669123e+04 -9.373035587981968161e-06 3.529799999999999984e-05 8.457028293696879473e+02
5.845236411356658937e+04 -1.780677119794330326e-05 2.306299999999999925e-05 7.957074505802769409e+02
5.845236411357087491e+04 3.521893411492419790e-04 1.623220000000000088e-04 7.457120717909344876e+02
5.845236653557385580e+04 -2.007581665566909090e-05 2.689999999999999656e-05 8.956982211384015500e+02
5.845236653557339014e+04 -6.040146042272401489e-05 4.063699999999999734e-05 8.457018417168981159e+02
5.845236653557400132e+04 -7.616323350913082491e-06 2.303199999999999903e-05 7.957064622030316059e+02
5.845236653556949750e+04 -3.969575783926172492e-04 2.115869999999999784e-04 7.457110826891912438e+02
5.845236877082823048e+04 -3.144718505376229757e-05 2.681299999999999892e-05 8.956982332379898253e+02
5.845236877082844148e+04 -1.335746666210901652e-05 4.164999999999999594e-05 8.457018531411172262e+02
5.845236877082880528e+04 1.834072388303277756e-05 2.427499999999999713e-05 7.957064729518904187e+02
5.845236877083023865e+04 1.423378774709647607e-04 1.384339999999999963e-04 7.457120926703220221e+02
5.845237100512043253e+04 1.835900411323519553e-05 2.593900000000000017e-05 8.956982454460311374e+02
5.845237100511940662e+04 -7.075815031830037143e-05 4.391999999999999962e-05 8.457018646677255447e+02
5.845237100512035977e+04 1.162376464351323268e-05 2.222099999999999951e-05 7.957064837970895042e+02
5.845237100512110919e+04 7.630972829835434065e-05 1.700169999999999817e-04 7.457111029265023490e+02
5.845237324037363578e+04 -5.393480882573652564e-05 2.614499999999999786e-05 8.956982577705568929e+02
5.845237324037380313e+04 -3.936075605631819468e-05 4.265199999999999753e-05 8.457018763043289482e+02
5.845237324037456710e+04 2.696196851503033286e-05 2.211000000000000007e-05 7.957064947457772632e+02
5.845237324037465442e+04 3.452873333374287750e-05 1.397149999999999998e-04 7.457111131872725309e+02
5.845237547755324340e+04 -8.084154780752711070e-06 2.523199999999999830e-05 8.956982702146028714e+02
5.845237547755308333e+04 -2.206104730453763114e-05 4.724099999999999713e-05 8.457018880537729046e+02
5.845237547755344713e+04 9.724091058844882500e-06 2.271199999999999871e-05 7.957065058006332947e+02
5.845237547755482228e+04 1.286014488833434164e-04 1.531030000000000010e-04 7.457111235475496187e+02
5.845237771184439043e+04 1.188199258886671600e-05 2.679399999999999791e-05 8.956982827487951226e+02
5.845237771184424491e+04 -6.866201983478543229e-07 5.279599999999999392e-05 8.457018998883330596e+02
5.845237771184451412e+04 2.308201063961580268e-05 2.239399999999999599e-05 7.957065169355753369e+02
5.845237771184449230e+04 2.093056109040170121e-05 1.548210000000000005e-04 7.457111339828676364e+02
5.845237994709756458e+04 6.517429899503779826e-07 2.502399999999999961e-05 8.956982953920546606e+02
5.845237994709737541e+04 -1.620162962537609726e-05 4.775299999999999494e-05 8.457019118258722301e+02
5.845237994709703344e+04 -4.547484638516492196e-05 2.035200000000000098e-05 7.957065281674056223e+02
5.845237994709920895e+04 1.422019134873152529e-04 1.825109999999999743e-04 7.457111445090031339e+02
5.845238218235048407e+04 -1.229345591887321694e-05 2.498400000000000000e-05 8.956983081364420514e+02
5.845238218235082604e+04 1.745954464409347690e-05 5.650399999999999298e-05 8.457019238588973167e+02
5.845238218235067325e+04 4.392870722890258097e-06 2.207000000000000045e-05 7.957065394890809102e+02
5.845238218235199020e+04 1.176815031320464831e-04 1.760229999999999781e-04 7.457111551193239620e+02
5.845238441760357819e+04 1.192388048450800909e-05 2.475100000000000070e-05 8.956983209793755805e+02
5.845238441760365822e+04 1.881885915620404770e-05 5.518800000000000084e-05 8.457019359849634839e+02
5.845238441760405840e+04 5.336044276973459053e-05 2.265499999999999909e-05 7.957065508982987012e+02
5.845238441760445858e+04 8.763931591307055706e-05 1.447379999999999956e-04 7.457111658116865556e+02
5.845238643144823436e+04 -2.882389803669727025e-05 3.255400000000000036e-05 8.961602899966210316e+02
5.845238643144771777e+04 -7.375123459671503907e-05 5.989899999999999690e-05 8.457029468952604248e+02
5.845238643144867820e+04 9.594986073215871662e-06 2.206499999999999965e-05 7.957075611581636849e+02
5.845238643144981324e+04 1.072914023475622631e-04 1.571959999999999905e-04 7.457121754211202642e+02
