5.753527522224756103e+04 4.855619779017411868e-05 3.208800000000000178e-05 3.771243839613928230e+02
5.753527521593781421e+04 -4.781408580722014136e-05 1.758699999999999950e-05 3.248379354996510529e+02
5.753527615485322895e+04 5.225275010655112598e-05 3.140200000000000191e-05 3.771243859130556757e+02
5.753527614854407148e+04 7.098966140868699752e-06 2.051300000000000164e-05 3.248379371807263851e+02
5.753527708696887566e+04 4.104759473668155595e-05 3.855199999999999952e-05 3.771243878731962695e+02
5.753527708066007472e+04 2.616553779801126441e-05 1.845699999999999964e-05 3.248379388691037093e+02
5.753527784434145724e+04 1.451017028521607990e-05 2.706199999999999941e-05 3.771243894728231680e+02
5.753527783803277998e+04 1.067496839543402740e-05 2.579599999999999832e-05 3.248379402469504384e+02
5.753653830438174919e+04 -1.875348307143771126e-05 3.132899999999999769e-05 3.761772549548921916e+02
5.753653829819530802e+04 -4.734059472683820188e-05 2.267899999999999750e-05 3.249896220917106007e+02
5.753653923701503663e+04 3.913062266064645537e-06 2.105799999999999727e-05 3.761772565309861420e+02
5.753653923082861002e+04 -2.306476606467359824e-05 2.216199999999999889e-05 3.249896234533404709e+02
5.753654016912732186e+04 -1.913110563213984237e-05 2.212999999999999649e-05 3.761772580946957873e+02
5.753654016294150642e+04 6.652291923592269425e-06 2.292299999999999720e-05 3.249896248042720686e+02
5.753654092649804079e+04 1.986479837048893597e-05 3.751400000000000031e-05 3.761772593567571903e+02
5.753654092031102482e+04 -5.775919142628055516e-05 2.410099999999999846e-05 3.249896258945989871e+02
5.753742187015467789e+04 6.365279783737459642e-05 2.821799999999999986e-05 3.769241079978410767e+02
5.753742186369253614e+04 9.229761197452998175e-06 1.959499999999999789e-05 3.235816307257359199e+02
5.753742280275465600e+04 6.497738693374444598e-06 3.186499999999999392e-05 3.769241105208347449e+02
5.753742279629346012e+04 3.345065915075395082e-05 1.944000000000000022e-05 3.235816328916765201e+02
5.753742373486480210e+04 -3.416739247503391768e-05 3.223099999999999685e-05 3.769241130392740047e+02
5.753742372840356984e+04 -1.086411940606814060e-05 2.694899999999999897e-05 3.235816350537049857e+02
5.753742449227016914e+04 4.401480120158052121e-06 3.490599999999999411e-05 3.769241150832502854e+02
5.753742448580873315e+04 1.040664543976200249e-05 1.851599999999999687e-05 3.235816368084163059e+02
5.753841178580397536e+04 1.516712914392881775e-05 3.290899999999999951e-05 3.797950693753309110e+02
5.753841177903595963e+04 1.429775427484789657e-05 1.722099999999999995e-05 3.234387687329394225e+02
5.753841283490615024e+04 1.443221022846204113e-05 4.278300000000000017e-05 3.797950722684743141e+02
5.753841282813803264e+04 4.890065833404598871e-06 2.230899999999999935e-05 3.234387711967804080e+02
5.753841388354838273e+04 -1.989334203941345912e-05 3.631999999999999785e-05 3.797950751570476200e+02
5.753841387678122555e+04 5.303177993162788131e-05 2.451899999999999682e-05 3.234387736567318825e+02
5.753841487391339615e+04 5.654844409633930064e-05 5.686599999999999392e-05 3.797950778819545121e+02
5.753841486714458733e+04 -1.288886442861221306e-05 2.053699999999999666e-05 3.234387759772966433e+02
5.753925427083786053e+04 -2.934285849941453730e-05 4.928600000000000212e-05 3.767200516193140629e+02
5.753925426455986599e+04 -1.804758723378958502e-05 1.893199999999999763e-05 3.248064896080704784e+02
5.753925520346166741e+04 1.743881684577078709e-05 2.206199999999999985e-05 3.767200534868160275e+02
5.753925519718342548e+04 7.060659080631672081e-06 2.095099999999999982e-05 3.248064912182225612e+02
5.753925613562548824e+04 2.050794331950332212e-06 3.327199999999999586e-05 3.767200553635637448e+02
5.753925612934731180e+04 -2.421017360722964711e-06 1.772899999999999915e-05 3.248064928363468198e+02
5.753925689298188809e+04 -9.339746957655245733e-06 3.901599999999999372e-05 3.767200568958105009e+02
5.753925688670387899e+04 7.918077954618075405e-07 2.401699999999999723e-05 3.248064941574438649e+02
5.754160229332758172e+04 1.994891651946100701e-06 3.046799999999999696e-05 3.756502688438349082e+02
5.754160228717232530e+04 1.565065174429052574e-05 1.669799999999999835e-05 3.248294793728630339e+02
5.754160322594950412e+04 -4.221821804253566798e-06 2.928699999999999929e-05 3.756502693727516089e+02
5.754160321979375294e+04 -3.282327508693873622e-05 2.382899999999999835e-05 3.248294798302235336e+02
5.754160415805154480e+04 4.078456481748852342e-05 2.806699999999999741e-05 3.756502698873267718e+02
5.754160415189561900e+04 -3.521439540986610145e-06 1.723299999999999916e-05 3.248294802751830161e+02
5.754160491541217198e+04 -1.774409467334374770e-05 2.747399999999999818e-05 3.756502702950858747e+02
5.754160490925701743e+04 5.352874753074946565e-06 3.204500000000000236e-05 3.248294806277776843e+02
5.754519145613298315e+04 4.085334404504594840e-05 4.682099999999999777e-05 3.809439159855583057e+02
5.754519144930319453e+04 -2.997428122861943729e-05 2.026399999999999775e-05 3.236945354026282757e+02
5.754519238870122354e+04 3.555065658720356928e-05 3.718500000000000397e-05 3.809439173308241493e+02
5.754519238187160227e+04 -1.995247852995740083e-05 1.601300000000000068e-05 3.236945365457238495e+02
5.754519332084082271e+04 3.788267926805462645e-05 3.286699999999999550e-05 3.809439186882636363e+02
5.754519331401107047e+04 -2.903888669939710265e-05 2.096299999999999902e-05 3.236945376991633339e+02
5.754519413642834843e+04 2.480483598413851717e-05 3.286600000000000009e-05 3.809439198864320133e+02
5.754519412959870533e+04 -3.313432940329065994e-05 2.445899999999999740e-05 3.236945387172675623e+02
5.760523081684148929e+04 -3.091396249222742567e-05 2.566199999999999926e-05 3.767527332691162201e+02
5.760523081059477408e+04 2.144001865418221779e-05 1.620200000000000175e-05 3.250099072405956804e+02
5.760523174937694421e+04 2.282253173467361030e-06 2.807199999999999821e-05 3.767527360847698787e+02
5.760523174312926130e+04 -2.892035269129734470e-05 1.954799999999999648e-05 3.250099096695479375e+02
5.760523268145249313e+04 1.152007159488083011e-06 2.725799999999999889e-05 3.767527388965066848e+02
5.760523267520531226e+04 1.322045133526613443e-05 1.672099999999999796e-05 3.250099120951250597e+02
5.760523343875640421e+04 2.498119738305684621e-05 3.297699999999999276e-05 3.767527411791024861e+02
5.760523343250840844e+04 -3.344606349629453070e-05 2.451999999999999902e-05 3.250099140642294060e+02
5.763719519451455562e+04 -1.477735586439512875e-06 3.831999999999999903e-05 3.798290879424032482e+02
5.763719518799144134e+04 -5.162653637025487209e-06 1.846699999999999785e-05 3.250221994367182106e+02
5.763719612703891471e+04 3.154980748778296384e-05 3.296800000000000013e-05 3.798290904697212227e+02
5.763719612051574222e+04 2.292166962390761601e-05 2.044999999999999902e-05 3.250222015993602440e+02
5.763719705910341872e+04 3.420091715426861275e-05 2.869999999999999965e-05 3.798290929888223673e+02
5.763719705257972964e+04 -1.934588008513709673e-05 1.841999999999999982e-05 3.250222037549701213e+02
5.763719787460966472e+04 8.286417380443805375e-06 2.747999999999999778e-05 3.798290951871265406e+02
5.763719786808615027e+04 -2.965887013169525235e-05 2.876200000000000008e-05 3.250222056360735792e+02
5.763799649786858208e+04 -4.082260385907055190e-05 3.307599999999999977e-05 3.777908682625140386e+02
5.763799649107098958e+04 5.080242757994415394e-05 2.198999999999999783e-05 3.219529663193118836e+02
5.763799743038648012e+04 -1.465853256743119271e-05 3.290899999999999951e-05 3.777908704571899534e+02
5.763799742358773074e+04 -2.299332189374085085e-05 2.090500000000000059e-05 3.219529681896100328e+02
5.763799836241461162e+04 1.850735322550458185e-05 2.620999999999999808e-05 3.777908726602078104e+02
5.763799835561578948e+04 4.324063691892418168e-06 1.828000000000000116e-05 3.219529700670193506e+02
5.763799911969881941e+04 2.562216698703226420e-05 3.381799999999999368e-05 3.777908744571326451e+02
5.763799911290010641e+04 2.034612487737583639e-05 3.357399999999999399e-05 3.219529715983569531e+02
5.765517077420228452e+04 -4.542661766285175818e-06 3.519599999999999302e-05 3.797518587306544759e+02
5.765517076758740586e+04 1.498115400856693636e-06 1.965500000000000070e-05 3.244419663570377566e+02
5.765517170675615489e+04 -2.232349714693158572e-05 3.885300000000000223e-05 3.797518609685653246e+02
5.765517170014173462e+04 2.284976423139248512e-05 2.073899999999999913e-05 3.244419682690035529e+02
5.765517263875951176e+04 3.412014638016415305e-05 3.555299999999999655e-05 3.797518631962745417e+02
5.765517263214425475e+04 6.795891355141330518e-06 1.709799999999999791e-05 3.244419701722508762e+02
5.765517345429510897e+04 -6.236434672851081285e-05 4.640200000000000059e-05 3.797518651382632129e+02
5.765517344767999020e+04 -7.738129789958609922e-05 3.404399999999999457e-05 3.244419718313941416e+02
5.768710789866022969e+04 2.260726860196359683e-05 2.908599999999999562e-05 3.683793959309039110e+02
5.768710789327016391e+04 2.086425140668580233e-05 2.572500000000000188e-05 3.250342900720413013e+02
5.768710868569831655e+04 -1.020970331246264770e-05 3.762399999999999756e-05 3.683793973686574645e+02
5.768710868030840356e+04 1.533756834723186084e-06 1.801399999999999727e-05 3.250342913406226444e+02
5.768710929728476185e+04 -1.488631525901742947e-06 2.160800000000000047e-05 3.683793984808288542e+02
5.768710929189453600e+04 -1.738597149758315202e-05 1.982299999999999977e-05 3.250342923219306499e+02
5.768710999627553974e+04 -3.392214621565918693e-06 2.998199999999999856e-05 3.683793997464954373e+02
5.768710999088555400e+04 1.757602240061179907e-06 2.806200000000000000e-05 3.250342934386737284e+02
5.768903385059243010e+04 -3.494644258527860724e-05 2.993699999999999814e-05 3.766870480851993079e+02
5.768903384437676868e+04 3.972570916634610638e-05 1.692899999999999665e-05 3.252303532273992914e+02
5.768903455024262803e+04 1.998549575392376870e-05 2.592099999999999797e-05 3.766870498302154147e+02
5.768903454402582429e+04 -4.283999569165910465e-06 2.857799999999999642e-05 3.252303547340380305e+02
5.768903524921820645e+04 -5.677385276710613640e-06 2.918299999999999825e-05 3.766870515704114837e+02
5.768903524300134450e+04 -3.486293485475036699e-05 2.128299999999999935e-05 3.252303562365175367e+02
5.768903588997919724e+04 -1.369161487869362712e-05 2.953299999999999998e-05 3.766870531628916865e+02
5.768903588376296102e+04 1.084218948146604557e-05 3.115800000000000221e-05 3.252303576114610451e+02
5.768922353593815933e+04 5.428475468424632168e-06 2.339300000000000117e-05 3.768613323437590452e+02
5.768922352978262643e+04 -5.122721072859942880e-06 2.032799999999999917e-05 3.256146156109505796e+02
5.768922423560341849e+04 2.586059555391338491e-05 2.192899999999999621e-05 3.768613323696773705e+02
5.768922422944803839e+04 2.843220188132606006e-05 2.760299999999999982e-05 3.256146156333442718e+02
5.768922493459419638e+04 -2.503520346257843339e-05 2.065399999999999910e-05 3.768613323875570131e+02
5.768922492843958753e+04 4.452623050266329600e-05 1.995899999999999983e-05 3.256146156487926078e+02
5.768922557533851068e+04 -5.937073238018702987e-05 6.168899999999999839e-05 3.768613323969111661e+02
5.768922556918467308e+04 7.717556135599026184e-05 2.786499999999999833e-05 3.256146156568747188e+02
5.768973973639649194e+04 3.726452328809581909e-05 3.589800000000000087e-05 3.773675923535511174e+02
5.768973973008767643e+04 3.353334038358976203e-05 2.422099999999999731e-05 3.250339045012820520e+02
5.768974020336740068e+04 -1.760842741192817813e-05 3.607200000000000293e-05 3.773675925589969893e+02
5.768974019705876708e+04 -5.434264762348828153e-06 2.356499999999999884e-05 3.250339046782365244e+02
5.768974066939004115e+04 2.580669592142122154e-05 2.155799999999999926e-05 3.773675927675720914e+02
5.768974066308137117e+04 3.457767258051778044e-05 2.571399999999999809e-05 3.250339048578861707e+02
5.768974096063564502e+04 1.047048047790805948e-04 7.982400000000000010e-05 3.773675928997213873e+02
5.768974095432500326e+04 -5.677455620301255707e-05 4.329799999999999778e-05 3.250339049717081252e+02
5.769085166020868201e+04 3.867224371348477616e-07 2.173999999999999853e-05 3.772038152640063231e+02
5.769085165396113734e+04 1.637177158527278976e-06 2.140700000000000019e-05 3.251641157832095246e+02
5.769085235987430497e+04 1.453912735988919326e-05 2.479599999999999773e-05 3.772038167018365016e+02
5.769085235362673120e+04 1.345625186467500490e-05 1.896099999999999685e-05 3.251641170226741906e+02
5.769085305889652955e+04 4.686680616039090935e-06 3.209400000000000138e-05 3.772038181435744946e+02
5.769085305264881026e+04 -8.811564624644957193e-06 1.716400000000000033e-05 3.251641182655072271e+02
5.769085369963883568e+04 -4.486791223522573589e-06 3.059299999999999661e-05 3.772038194696784217e+02
5.769085369339065073e+04 -5.892468585336003344e-05 2.410200000000000065e-05 3.251651194797644280e+02
5.769112403739694855e+04 1.237743750301996272e-07 2.123900000000000112e-05 3.771334516704903876e+02
5.769112403111887397e+04 -1.297579564650328878e-06 1.961699999999999870e-05 3.250346593819134569e+02
5.769112496985775215e+04 -4.403386521389709454e-06 1.951300000000000105e-05 3.771334530505041016e+02
5.769112496357969940e+04 -3.418873473238563666e-06 1.602799999999999630e-05 3.250346605712864516e+02
5.769112590185875160e+04 -3.390209497241377832e-05 2.058800000000000007e-05 3.771334544178016586e+02
5.769112589558087348e+04 -1.812321257791842233e-05 1.692000000000000063e-05 3.250346617497000921e+02
5.769112665905399626e+04 -5.483993157703404096e-05 3.848599999999999710e-05 3.771334555197597638e+02
5.769112665277621272e+04 -3.072377577870726880e-05 2.144000000000000140e-05 3.250346626994291910e+02
5.769288528782304638e+04 -2.275691341326921928e-05 3.492099999999999989e-05 3.774270630680975387e+02
5.769288528151471110e+04 -1.776590875829589934e-05 2.289099999999999818e-05 3.250343062925830964e+02
5.769288622036248853e+04 -2.410612897013554153e-05 2.552799999999999682e-05 3.774270653028040101e+02
5.769288621405458980e+04 1.902907472445303542e-05 2.293400000000000099e-05 3.250343082170783759e+02
5.769288715241180034e+04 -4.271158530894665330e-05 2.318999999999999989e-05 3.774270675426780599e+02
5.769288714610402531e+04 1.013504912608585278e-05 1.950499999999999706e-05 3.250343101460231310e+02
5.769288796787914907e+04 2.387030751017514979e-06 2.485099999999999636e-05 3.774270695075268804e+02
5.769288796157078468e+04 4.783024767192515705e-06 5.478799999999999111e-05 3.250343118381191516e+02
5.769412956120218587e+04 -3.380852708604427034e-05 3.831999999999999903e-05 3.772656771524054875e+02
5.769412955492505716e+04 2.070372912756475664e-05 1.846299999999999924e-05 3.250348453681348815e+02
5.769413049367962958e+04 2.592089026635141145e-05 2.424899999999999772e-05 3.772656783242717893e+02
5.769413048740175145e+04 1.586707360067160061e-05 1.987199999999999880e-05 3.250348463777602888e+02
5.769413142569675256e+04 3.491021667210605049e-07 4.288399999999999802e-05 3.772656794828978377e+02
5.769413141941899812e+04 7.045413723397261034e-07 2.264999999999999829e-05 3.250348473759794956e+02
5.769413224119310325e+04 2.030021015735845031e-05 3.329499999999999886e-05 3.772656804862586455e+02
5.769413223491514509e+04 2.828816167185184498e-06 2.391400000000000177e-05 3.250348482404289712e+02
5.769505709735544951e+04 1.157347404323507980e-05 3.653699999999999933e-05 3.774496194177023085e+02
5.769505709104669950e+04 -1.218238986017217436e-06 2.045499999999999643e-05 3.250347840257429084e+02
5.769505779699808772e+04 2.075234319650192199e-05 3.521399999999999861e-05 3.774496208995734605e+02
5.769505779068948323e+04 2.064356981775405595e-05 1.830000000000000097e-05 3.250347853018330966e+02
5.769505849599694193e+04 -2.177827996742134743e-05 6.058400000000000135e-05 3.774496223751977482e+02
5.769505848968884675e+04 2.230366813363228885e-05 2.773099999999999928e-05 3.250347865725447036e+02
5.769505913674889598e+04 -1.474323156727425104e-05 2.826099999999999928e-05 3.774496237235480294e+02
5.769505913044036424e+04 -8.815948047889673501e-06 2.612999999999999885e-05 3.250347877336545253e+02
5.769586640177197842e+04 2.716168105505397285e-05 3.211200000000000019e-05 3.747399962950237864e+02
5.769586639573776483e+04 -6.673384237724197564e-05 2.170799999999999613e-05 3.250344155015912406e+02
5.769586710143054370e+04 -9.270433118612118369e-09 3.759699999999999934e-05 3.747399978840564927e+02
5.769586709539721778e+04 -1.729661892039518464e-05 1.799199999999999985e-05 3.250344168798561100e+02
5.769586780041547900e+04 -2.160289478772065746e-05 2.280399999999999715e-05 3.747399994755759849e+02
5.769586779438274243e+04 1.176566664603351814e-05 1.975400000000000094e-05 3.250344182602773344e+02
5.769586844118216686e+04 -5.720288264980300419e-05 3.895400000000000007e-05 3.747400009380393158e+02
5.769586843514961947e+04 -7.212163717483403979e-06 2.071099999999999873e-05 3.250344195287597131e+02
5.769618525280188624e+04 -9.460766293923686602e-06 1.959099999999999928e-05 3.753586719868673072e+02
5.769618524670780607e+04 1.679491197176651170e-05 1.311800000000000044e-05 3.250349620498293461e+02
5.769618704219036590e+04 -1.787053813638630600e-05 1.497199999999999828e-05 3.753586724744114917e+02
5.769618703609606018e+04 -1.130176742493139186e-05 1.416699999999999836e-05 3.250349624720090560e+02
5.769618878965301701e+04 -1.104633034024038368e-05 1.750899999999999787e-05 3.753586729002582842e+02
5.769618878355893685e+04 1.436761975368407679e-05 1.298600000000000069e-05 3.250349628407631712e+02
5.769619047889687499e+04 -3.134599954064687806e-05 1.887000000000000060e-05 3.753586732646515998e+02
5.769619047280272935e+04 -1.199955471857169527e-05 1.597799999999999847e-05 3.250349631563026378e+02
5.769870621927241154e+04 2.308411514459618379e-05 2.897700000000000056e-05 3.751698979628071129e+02
5.769870621317787300e+04 1.139565447812505620e-05 2.105399999999999866e-05 3.250343034703810190e+02
5.769870715174697398e+04 3.884253517368704194e-06 2.853999999999999780e-05 3.751698981764575933e+02
5.769870714565290837e+04 3.300738158887804688e-05 1.762000000000000071e-05 3.250343036554804712e+02
5.769870808376171044e+04 -4.761985304729215269e-05 3.654399999999999435e-05 3.751698984041732956e+02
5.769870807766776124e+04 -8.060547504264321399e-06 1.462099999999999943e-05 3.250343038527653334e+02
5.769870889924878429e+04 -2.600931555503512978e-06 1.949599999999999765e-05 3.751708986867354270e+02
5.769870889315446402e+04 4.495946101852346239e-06 1.951999999999999946e-05 3.250343040354468940e+02
5.769987253507833520e+04 -2.242184655141613646e-05 2.438500000000000116e-05 3.761342181754528724e+02
5.769987252889220690e+04 -6.772991502401581792e-06 1.482399999999999902e-05 3.250345204514026705e+02
5.769987346755775798e+04 -3.238140215136483526e-05 2.680799999999999812e-05 3.761342203912745958e+02
5.769987346137181885e+04 -4.136857661409199062e-07 1.538899999999999784e-05 3.250345223661943805e+02
5.769987439954721049e+04 -3.973647502648946437e-05 2.181699999999999796e-05 3.761342226116940992e+02
5.769987439336120588e+04 -1.290109745934498066e-05 1.604899999999999830e-05 3.250345242849586498e+02
5.769987515678921045e+04 3.308884864925901385e-06 3.073699999999999387e-05 3.761342244199750553e+02
5.769987515060270380e+04 -1.306221273165279704e-05 1.844200000000000063e-05 3.250345258475746846e+02
5.772678690246462793e+04 -9.442159328225369725e-05 2.419699999999999889e-05 3.748342731001416723e+02
5.772678689640204539e+04 1.117666376790802655e-05 1.910899999999999949e-05 3.250320480631326632e+02
5.772678783494488744e+04 4.379359865725156452e-05 3.711999999999999696e-05 3.748342750372764272e+02
5.772678782888076239e+04 1.682290707384947922e-05 1.785899999999999960e-05 3.250320497428879207e+02
5.772678876696385851e+04 1.496210548581464470e-05 2.644600000000000057e-05 3.748342769800029259e+02
5.772678876089995174e+04 6.486240385463042530e-06 2.799099999999999679e-05 3.250320514274949915e+02
5.772678952420426504e+04 -2.156725822173300296e-05 2.986899999999999812e-05 3.748342785631864444e+02
5.772678951814071479e+04 3.861656449538850922e-07 2.319299999999999969e-05 3.250320528003300069e+02
5.772693826917025581e+04 -5.169965082315408618e-06 3.512099999999999798e-05 3.774137871332974896e+02
5.772693826286151307e+04 -9.496011511339642157e-07 2.338899999999999917e-05 3.250323469151860536e+02
5.772693896880171087e+04 -7.658440164079782016e-05 5.358400000000000061e-05 3.774137886086147091e+02
5.772693896249396494e+04 1.330103179314929192e-05 1.714999999999999674e-05 3.250323481857450929e+02
5.772693966779128823e+04 -3.647085700259757133e-05 3.819799999999999579e-05 3.774137900789393143e+02
5.772693966148315667e+04 2.047231563040218205e-05 2.736799999999999614e-05 3.250323494520020517e+02
5.772694036681198486e+04 4.993465181241723227e-05 5.172999999999999430e-05 3.774137915456605583e+02
5.772694036050206341e+04 -4.798068146015621284e-05 2.616399999999999886e-05 3.250323507151530862e+02
5.772883547616840224e+04 -2.994828744904811375e-05 3.061799999999999721e-05 3.708376922256954344e+02
5.772883547050376364e+04 2.794439854977453475e-05 1.813800000000000151e-05 3.250797688252845887e+02
5.772883722393082280e+04 1.397078583775840821e-05 2.930600000000000029e-05 3.708376962609586940e+02
5.772883721826536930e+04 1.227224935357148486e-06 1.654200000000000188e-05 3.250797723626322409e+02
5.772883897141656053e+04 -5.092032494051924180e-05 2.592599999999999877e-05 3.708377003021628866e+02
5.772883896575194376e+04 8.636635907541076546e-06 1.788500000000000240e-05 3.250797759051910134e+02
5.772884080366919079e+04 1.020478492834436005e-05 4.924799999999999333e-05 3.708387046098018232e+02
5.772884079800351901e+04 -2.131760865430292872e-05 2.495999999999999819e-05 3.250797796252675198e+02
5.772908922180167428e+04 4.126827574841674084e-06 2.038699999999999979e-05 3.757454163185200855e+02
5.772908921567679499e+04 2.701936725404874170e-06 1.494899999999999867e-05 3.251501285853706804e+02
5.772909096959165618e+04 7.551073377961992993e-06 1.537599999999999983e-05 3.757454164293848748e+02
5.772909096346671868e+04 1.159419560801340477e-06 1.323000000000000039e-05 3.251501286813072511e+02
5.772909271713724593e+04 1.845358504594906535e-05 1.898499999999999865e-05 3.757454164906158667e+02
5.772909271101189370e+04 -2.388602213723092980e-05 1.399999999999999979e-05 3.251501287342932756e+02
5.772909440640471439e+04 -1.819054982108664632e-05 2.133399999999999937e-05 3.757454165025897623e+02
5.772909440028029348e+04 2.022643325590812186e-05 1.666599999999999934e-05 3.251501287446549782e+02
5.775160181762644061e+04 3.304023206237063080e-06 2.544699999999999878e-05 3.785107989816289660e+02
5.775160181122620270e+04 1.818810870987609519e-05 1.613899999999999913e-05 3.250254252057348481e+02
5.775160356542828958e+04 -2.600982201318544400e-06 2.566899999999999767e-05 3.785107999300158212e+02
5.775160355902808078e+04 1.433175700193095181e-05 1.351699999999999950e-05 3.250254260201102738e+02
5.775160531295439432e+04 2.297116593315210378e-05 2.402099999999999922e-05 3.785108009253024193e+02
5.775160530655385082e+04 1.084153855791056326e-05 1.509599999999999912e-05 3.250254268747582955e+02
5.775160700226344488e+04 1.152567857557694668e-05 2.098299999999999883e-05 3.785108019319615096e+02
5.775160699586295959e+04 4.664828936260894341e-06 1.511899999999999873e-05 3.250254277391717892e+02
5.775256439751277503e+04 -1.184605268212546342e-05 3.947399999999999509e-05 3.752882656582072514e+02
5.775256439105083700e+04 -1.222112767107483862e-05 4.965499999999999808e-05 3.226519843085354751e+02
5.775256544667403796e+04 3.919270605896273401e-05 4.723400000000000211e-05 3.752882656358767122e+02
5.775256544021125592e+04 -3.458281979240795067e-05 5.938599999999999690e-05 3.226519842893368377e+02
5.775256633710431197e+04 7.714165912875937047e-05 1.367599999999999849e-04 3.752882656309199092e+02
5.775256633064149355e+04 2.850010896131113563e-07 3.732300000000000163e-05 3.226519842850751729e+02
5.775256713596313784e+04 -4.442609466370972337e-05 1.134939999999999945e-04 3.752882656373991495e+02
5.775256712950220390e+04 4.128558690101045211e-05 5.139999999999999577e-05 3.226529843339891954e+02
5.775268337373097893e+04 -5.867682050054590911e-05 6.162099999999999837e-05 3.740903154425022876e+02
5.775268336699459906e+04 3.757374361650084863e-05 4.128599999999999740e-05 3.200649591997599828e+02
5.775268407341994316e+04 -3.278432742663524427e-07 5.020399999999999570e-05 3.740903165794747451e+02
5.775268406668248645e+04 2.171245357649550772e-06 2.436600000000000015e-05 3.200649601725317552e+02
5.775268477243398956e+04 -3.756864051800093299e-05 4.720900000000000150e-05 3.740903177203455243e+02
5.775268476569715858e+04 1.925004161835678501e-05 3.389200000000000009e-05 3.200649611486412027e+02
5.775268541313898459e+04 2.992958883915954753e-06 5.489099999999999335e-05 3.740903187704108745e+02
5.775268540640171705e+04 2.193512523772037719e-05 3.187899999999999751e-05 3.200649620470576906e+02
5.775354547795272083e+04 1.614141422125501703e-05 3.228399999999999787e-05 3.750138697975934861e+02
5.775354547188914876e+04 2.529113698452156763e-05 1.869099999999999774e-05 3.250247543634499152e+02
5.775354641047228506e+04 -1.646630775680820154e-05 3.114800000000000061e-05 3.750138695266282980e+02
5.775354640440902585e+04 1.938691219566767554e-05 2.356400000000000004e-05 3.250247541286043429e+02
5.775354734250286856e+04 2.569166700832743475e-05 2.745099999999999857e-05 3.750138692700157321e+02
5.775354733643888903e+04 -1.254936565039844397e-07 2.350400000000000061e-05 3.250247539061982707e+02
5.775354815803620295e+04 -3.972762503776860684e-05 3.827199999999999542e-05 3.750148690994465710e+02
5.775354815197321295e+04 1.967849854465088843e-05 2.846399999999999717e-05 3.250247537216889668e+02
5.775398359586826700e+04 -2.820500603134514699e-05 2.929299999999999889e-05 3.771355901267930903e+02
5.775398358959038160e+04 -9.878180997679259569e-06 2.317500000000000088e-05 3.250252978044034080e+02
5.775398452842694678e+04 -3.087883048449101983e-06 2.881399999999999890e-05 3.771355905778855799e+02
5.775398452214947611e+04 5.109436390036561991e-05 2.766899999999999885e-05 3.250252981931668614e+02
5.775398546046490083e+04 2.330211718187670156e-05 2.812900000000000122e-05 3.771355910152988713e+02
5.775398545418657886e+04 3.782765905057251280e-06 2.471999999999999710e-05 3.250252985701407624e+02
5.775398621769497549e+04 -3.423038053981481088e-05 5.397199999999999757e-05 3.771355913607710022e+02
5.775398621141707554e+04 -1.713909555794765265e-05 3.220199999999999425e-05 3.250252988678778934e+02
5.775404554903350800e+04 -4.395577485209848116e-05 4.684199999999999638e-05 3.752825084203042820e+02
5.775404554293960246e+04 -1.038682793650868387e-05 2.102599999999999825e-05 3.250252976400502689e+02
5.775404648152271693e+04 1.341513329138002669e-05 4.280999999999999839e-05 3.752825079426457933e+02
5.775404647542834573e+04 6.626928081285393918e-06 1.727700000000000077e-05 3.250252972263592142e+02
5.775404741352122073e+04 2.120285007151535744e-05 2.522499999999999989e-05 3.752825074510701029e+02
5.775404740742697322e+04 2.547116500308405231e-05 4.244299999999999327e-05 3.250252968006143988e+02
5.775404822905413312e+04 1.830216814330902137e-05 5.210199999999999684e-05 3.752825070093063573e+02
5.775404822295956546e+04 -5.180553913569393339e-06 2.681399999999999772e-05 3.250252964180110666e+02
5.775595115521235857e+04 1.475514319315100804e-05 1.980199999999999777e-05 3.766567545952263458e+02
5.775595114887327509e+04 1.876255366237062052e-05 1.693299999999999864e-05 3.241315575996845837e+02
5.775595290303555521e+04 -2.801944883386082877e-05 2.358699999999999965e-05 3.766567561118635012e+02
5.775595289669679187e+04 3.924840215411678312e-06 2.051099999999999725e-05 3.241315589048247148e+02
5.775595465058472473e+04 2.634895009319333418e-05 2.468299999999999729e-05 3.766567575844981661e+02
5.775595464424515376e+04 -1.167524364506181590e-05 1.987799999999999840e-05 3.241315601720977497e+02
5.775595633982557774e+04 -6.284126431193158618e-06 2.786499999999999833e-05 3.766567589661540865e+02
5.775595633348669071e+04 1.545318714661363840e-05 2.613499999999999965e-05 3.241315613610802302e+02
5.775605941443052143e+04 -3.257499257663019166e-05 2.606800000000000181e-05 3.748216823071641670e+02
5.775605940836684749e+04 -3.713420741682660754e-05 2.087900000000000118e-05 3.250245988280257734e+02
5.775606116219388787e+04 9.066543349875360006e-07 2.235399999999999977e-05 3.748216808350597375e+02
5.775606115613030124e+04 4.005026890324449735e-06 1.869499999999999973e-05 3.250245975514985162e+02
5.775606290974283911e+04 -1.364072619977399368e-05 3.081699999999999988e-05 3.748216793140892946e+02
5.775606290367914335e+04 -1.972364694206638595e-05 1.854400000000000067e-05 3.250245962325975029e+02
5.775606459904502117e+04 -2.816935572390427927e-06 2.571099999999999829e-05 3.748216777972860996e+02
5.775606459298186383e+04 3.758719512434728052e-05 2.249500000000000062e-05 3.250245949173096847e+02
5.775606713122274959e+04 -5.814037236089444687e-06 4.848399999999999861e-05 3.768937620952622183e+02
5.775606712497503031e+04 -3.548002303965382918e-05 4.173699999999999698e-05 3.250245928718093182e+02
5.775606806376601889e+04 -3.415406637175747421e-05 3.650899999999999892e-05 3.768937611957558147e+02
5.775606805751927459e+04 2.041130472964704194e-05 2.902199999999999759e-05 3.250245920960945227e+02
5.775606899575977877e+04 7.397868390404913085e-05 3.572999999999999841e-05 3.768937602828685840e+02
5.775606898951090989e+04 -5.491402223191389732e-05 4.557800000000000306e-05 3.250245913088431280e+02
5.775606975303831859e+04 -8.553327805682262551e-05 4.827999999999999854e-05 3.768947595727028670e+02
5.775606974679003906e+04 -1.630304583868982793e-04 9.396599999999998769e-05 3.250245906603506683e+02
5.775658364934942801e+04 -1.708871641771477057e-05 3.923799999999999939e-05 3.823069686490347294e+02
5.775658364258110669e+04 -3.878774130929216315e-05 2.468799999999999809e-05 3.250237258106124614e+02
5.775658434906386537e+04 9.717744019343841011e-06 6.753400000000000765e-05 3.823069689616351639e+02
5.775658434229644627e+04 6.589545466585291871e-05 2.556200000000000022e-05 3.250237260763745439e+02
5.775658504807367717e+04 2.047890007460369540e-05 4.190499999999999943e-05 3.823069692816235374e+02
5.775658504130531946e+04 -4.096992905583998622e-06 2.186099999999999957e-05 3.250237263484166874e+02
5.775658568883444968e+04 -3.061921157011877784e-05 3.696500000000000268e-05 3.823069695816997751e+02
5.775658568206656491e+04 -1.461026345292231183e-05 2.656800000000000042e-05 3.250237266035310313e+02
5.775770087194864027e+04 1.935464220248439584e-05 8.092000000000000451e-05 3.637809933818111858e+02
5.775770086701796390e+04 1.884522372435195117e-05 3.153899999999999738e-05 3.250235025167491472e+02
5.775770157164452394e+04 4.297061902116400267e-05 6.024099999999999464e-05 3.637809946618800723e+02
5.775770156671364384e+04 2.460143305085604271e-05 3.022099999999999746e-05 3.250235036604381094e+02
5.775770227066544612e+04 -3.536235394085404025e-05 1.117379999999999930e-04 3.637809959442907939e+02
5.775770226573558466e+04 3.408541438360607916e-05 3.011899999999999742e-05 3.250235048062215810e+02
5.775770291143906798e+04 5.751065585363706158e-05 6.336500000000000064e-05 3.637809971229568760e+02
5.775770290650763491e+04 -8.914678385221332471e-06 3.764399999999999398e-05 3.250235058593090685e+02
5.775889932270273857e+04 2.181948527928492549e-05 5.247399999999999260e-05 3.779385261046093092e+02
5.775889931660806906e+04 1.326089497483788598e-06 2.086699999999999859e-05 3.266115533473647474e+02
5.775890002245901997e+04 -8.807314697226172149e-05 8.170999999999998848e-05 3.779385271072296177e+02
5.775890001633538486e+04 3.464083660402916316e-05 3.001699999999999738e-05 3.266115542137855527e+02
5.775890072145166778e+04 -2.642890325359098015e-05 8.255399999999999598e-05 3.779385281030758392e+02
5.775890071532702132e+04 9.176884901697444745e-06 3.117099999999999683e-05 3.266115550743869562e+02
5.775890136222427827e+04 -8.101495369596916881e-05 5.548899999999999677e-05 3.779385290109681819e+02
5.775890135610081779e+04 5.721484136036091641e-05 4.300199999999999926e-05 3.266125558974260912e+02
5.776061342714248894e+04 3.928252053476766821e-05 2.986100000000000091e-05 3.750110654250846665e+02
5.776061342107816745e+04 -2.928651589798071450e-05 2.497099999999999860e-05 3.250223238120581755e+02
5.776061435966868157e+04 -1.233459682406884509e-05 3.788900000000000265e-05 3.750110663773569399e+02
5.776061435360532778e+04 1.775048378781586201e-06 2.333700000000000035e-05 3.250223246373941492e+02
5.776061529170480208e+04 -6.074482874209102487e-05 5.161499999999999964e-05 3.750110673409085962e+02
5.776061528564190667e+04 -6.671542659539107083e-06 2.137000000000000038e-05 3.250223254725053152e+02
5.776061610721830948e+04 -3.289256351293416612e-06 2.601299999999999980e-05 3.750120682284692748e+02
5.776061610115510121e+04 2.396789804148433903e-05 2.503399999999999782e-05 3.250223262115512171e+02
5.776301317390220356e+04 -2.294321262605421841e-05 2.563999999999999846e-05 3.763268463683079972e+02
5.776301316771647544e+04 1.688341919562172077e-05 1.468199999999999936e-05 3.250220950190756071e+02
5.776301492174567102e+04 2.739852327036345193e-05 1.981799999999999897e-05 3.763268456100005892e+02
5.776301491555916436e+04 1.275863351661840809e-09 1.542100000000000025e-05 3.250220943641485292e+02
5.776301666931213549e+04 -6.525776617118139540e-07 2.334599999999999975e-05 3.763268448018225172e+02
5.776301666312600719e+04 3.951227011887933847e-06 1.543999999999999786e-05 3.250220936661491464e+02
5.776301835856886464e+04 -1.949627001702917010e-05 2.506200000000000162e-05 3.763268439731024273e+02
5.776301835238286003e+04 -4.451541785382209138e-06 1.942800000000000101e-05 3.250220929504084211e+02
5.778790519968567969e+04 -6.523229128437709975e-05 3.408499999999999638e-05 3.749992830036096620e+02
5.778790519362297346e+04 -4.253029231924784249e-06 1.842399999999999843e-05 3.250121119800282372e+02
5.778790613222766842e+04 1.725601065283309982e-05 2.375199999999999892e-05 3.749992831505072672e+02
5.778790612616402359e+04 -2.470603914129248457e-06 1.866000000000000091e-05 3.250121121073441941e+02
5.778790706430903811e+04 -1.602908673072643697e-05 2.428199999999999892e-05 3.749992832835927743e+02
5.778790705824599718e+04 1.676245888563486714e-05 1.989499999999999841e-05 3.250121122226894386e+02
5.778790782159267837e+04 -4.104259920587668698e-05 3.153399999999999996e-05 3.750002833850148818e+02
5.778790781552982662e+04 7.596244857988627833e-06 2.060399999999999789e-05 3.250121123076258414e+02
5.778957206264726119e+04 -6.801308882215627729e-06 3.268399999999999404e-05 3.782648072588673926e+02
5.778957205624705239e+04 2.933396911634742502e-05 1.840500000000000081e-05 3.250108343938907183e+02
5.778957334460943093e+04 2.147284499739217892e-06 2.030099999999999757e-05 3.782648091208993719e+02
5.778957333820893837e+04 1.324108293779352883e-05 1.765299999999999853e-05 3.250108359937761975e+02
5.778957462620382285e+04 -3.044587972403445803e-05 2.176499999999999914e-05 3.782648110005309832e+02
5.778957461980381049e+04 2.262484681280494195e-05 1.713500000000000111e-05 3.250108376087844704e+02
5.778957573302282981e+04 4.903677152929979447e-05 3.169200000000000082e-05 3.782648126382961209e+02
5.778957572662156599e+04 -6.191715334375449346e-06 1.913299999999999791e-05 3.250108390159753640e+02
5.779058841549732460e+04 -1.374093709818608776e-05 3.292999999999999812e-05 3.782483570244450561e+02
5.779058840909728315e+04 1.369682728982021004e-05 1.943400000000000062e-05 3.250104475223030249e+02
5.779058923155820958e+04 8.522105815872917139e-06 2.178099999999999695e-05 3.782483583694575486e+02
5.779058922518836334e+04 -1.388080264396919723e-06 2.592999999999999738e-05 3.250104486780497268e+02
5.779059004712812748e+04 -6.374770184676242758e-05 6.066899999999999122e-05 3.782483597199993710e+02
5.779059004072867538e+04 1.439944602795600282e-05 1.746699999999999726e-05 3.250104498384627050e+02
5.779059074623710330e+04 -5.197143925723184620e-05 4.584999999999999639e-05 3.782483608826970567e+02
5.779059073983711278e+04 -2.030929259113769750e-05 2.487600000000000035e-05 3.250104508375114278e+02
5.779174188154292642e+04 5.158416692834030583e-06 1.986299999999999939e-05 3.776481932979191356e+02
5.779174187520381383e+04 -2.703333901363709241e-06 1.889300000000000021e-05 3.250103057387744343e+02
5.779174362945874600e+04 2.641679352889904616e-05 2.445899999999999740e-05 3.776481967188593671e+02
5.779174362311937148e+04 -4.287248675801992682e-06 1.355000000000000071e-05 3.250103086828920596e+02
5.779174537706751289e+04 -4.022498591533237245e-05 2.668400000000000066e-05 3.776482001209527084e+02
5.779174537072872045e+04 -2.088922241305053455e-05 1.341899999999999976e-05 3.250103116107911205e+02
5.779174706640130898e+04 -2.571313139271294242e-05 1.965800000000000051e-05 3.776482033917784520e+02
5.779174706006277120e+04 1.608133342001501385e-05 1.390999999999999896e-05 3.250103144257186045e+02
5.781343264310400991e+04 4.229910979108846166e-05 2.812499999999999923e-05 3.792355536558696940e+02
5.781343263661155652e+04 1.392415310364742990e-05 2.203999999999999905e-05 3.250011905941137229e+02
5.781343357567214116e+04 -6.330228863908063874e-05 4.707699999999999667e-05 3.792355541165777595e+02
5.781343356918032805e+04 -3.649380481625321711e-05 1.769399999999999695e-05 3.250011909889360595e+02
5.781343450772186043e+04 2.308567098302269390e-05 3.255700000000000016e-05 3.792355545904552514e+02
5.781343450122937793e+04 -7.586155326117112723e-06 1.757700000000000129e-05 3.250011913950440885e+02
5.781343532331000461e+04 -1.065571347768629317e-05 4.076899999999999540e-05 3.792355550161076394e+02
5.781343531681770401e+04 -2.571445068980485768e-05 1.726399999999999937e-05 3.250011917598239961e+02
5.781583163948858419e+04 -3.094623787184781064e-06 1.996999999999999684e-05 3.756764210533796131e+02
5.781583163336427970e+04 3.532852835250090156e-05 1.799799999999999946e-05 3.250009829512276269e+02
5.781583257210420561e+04 -3.273652681263419914e-05 2.136400000000000077e-05 3.756764212171427175e+02
5.781583256597994477e+04 9.493075945020854894e-06 1.628500000000000078e-05 3.250009830929003556e+02
5.781583350420008355e+04 2.296804501052470362e-05 2.118799999999999772e-05 3.756764213670012396e+02
5.781583349807495688e+04 -9.182773988092480399e-06 2.054500000000000065e-05 3.250009832225439936e+02
5.781583431974136329e+04 3.781423760900698119e-05 4.115500000000000153e-05 3.756764214867786222e+02
5.781583431361579278e+04 -3.339442438681053019e-05 2.235499999999999857e-05 3.250009833261642598e+02
5.781667289400101436e+04 -2.167801691152295459e-05 4.214200000000000411e-05 3.786857111935161697e+02
5.781667288757005008e+04 8.737977582441117203e-06 1.798000000000000065e-05 3.250004533446537494e+02
5.781667382657290727e+04 3.437026969639283397e-05 2.773300000000000027e-05 3.786857130864689225e+02
5.781667382014117175e+04 -2.193455218541459690e-06 1.300099999999999970e-05 3.250004549692462774e+02
5.781667475874535012e+04 -2.518534408245339695e-05 2.818399999999999985e-05 3.786857149735753296e+02
5.781667475231422577e+04 -9.004949722308096073e-06 1.612799999999999873e-05 3.250004565888237948e+02
5.781667551604866458e+04 3.353228999575722224e-05 3.189399999999999652e-05 3.786867164704768811e+02
5.781667550961721281e+04 2.150511621952952922e-05 1.936299999999999740e-05 3.250004579013508987e+02
5.781688286860063090e+04 -9.807789730910967152e-06 1.492599999999999906e-05 3.748780140471777713e+02
5.781688286253716797e+04 1.292368174303827825e-05 1.184500000000000094e-05 3.250006087745417176e+02
5.781688461654682760e+04 -2.599280447309497611e-05 1.602199999999999669e-05 3.748780128245886658e+02
5.781688461048330646e+04 -7.967460377837047383e-06 1.588399999999999903e-05 3.250006077146177290e+02
5.781688636421742558e+04 -4.169556302040123899e-06 2.018399999999999852e-05 3.748780115527291059e+02
5.781688635815375164e+04 1.543713489535214180e-07 1.472399999999999997e-05 3.250006066119788670e+02
5.781688805363904976e+04 1.374914790910447584e-05 1.839900000000000121e-05 3.748780102763063837e+02
5.781688804757537582e+04 1.772400405126982618e-05 1.346699999999999998e-05 3.250006055053839304e+02
5.781769165486968996e+04 -2.586055069491574116e-05 3.309199999999999420e-05 3.787233336448066439e+02
5.781769164843885665e+04 -2.557167774886521669e-07 1.539299999999999984e-05 3.250001304107148030e+02
5.781769258744531544e+04 4.134525198542221474e-06 3.314800000000000179e-05 3.787233354069192046e+02
5.781769258101398736e+04 -1.299023039261989839e-05 1.621600000000000195e-05 3.250001319228648526e+02
5.781769351953094156e+04 2.027006005522991074e-05 2.059299999999999748e-05 3.787233371613166355e+02
5.781769351309937338e+04 -1.722346253965249498e-05 1.728899999999999998e-05 3.250001334283946335e+02
5.781769427690371231e+04 -9.113468190522206914e-06 5.045899999999999919e-05 3.787233385818156535e+02
5.781769427047266072e+04 -2.225664374509865842e-06 1.813899999999999692e-05 3.250001346473918034e+02
5.781776124334253836e+04 -1.160281757717798769e-05 1.851899999999999667e-05 3.773374878493850133e+02
5.781776123703398480e+04 1.321957227603258519e-06 1.256400000000000033e-05 3.250002233030685375e+02
5.781776299128220853e+04 -6.537652181715480436e-06 2.001899999999999586e-05 3.773374898405043041e+02
5.781776298497374955e+04 1.446487426601269091e-05 1.480199999999999821e-05 3.250002250180168630e+02
5.781776473897729011e+04 -4.518203965127621696e-06 1.607599999999999990e-05 3.773374917909893611e+02
5.781776473266874382e+04 9.000329510731107743e-06 1.421999999999999938e-05 3.250002266979668661e+02
5.781776642842489673e+04 3.467506428095948448e-05 2.820999999999999926e-05 3.773374936378063467e+02
5.781776642211573926e+04 -4.008629744716726610e-06 1.326999999999999831e-05 3.250002282886272837e+02
5.781857666222583066e+04 -2.314622343007932386e-05 2.776799999999999909e-05 3.784776897223584911e+02
5.781857665582573100e+04 -9.880075237528557374e-06 1.613800000000000033e-05 3.249995704372333876e+02
5.781857759482695838e+04 1.058698825511959415e-04 4.109699999999999633e-05 3.784776917208339455e+02
5.781857758842571639e+04 2.002462110902465534e-05 1.486899999999999943e-05 3.249995721533263122e+02
5.781857852690506843e+04 2.743896349782441233e-05 3.105999999999999739e-05 3.784776937211968288e+02
5.781857852050416113e+04 -2.886750898333575733e-05 2.228999999999999835e-05 3.249995738710426849e+02
5.781857928424724378e+04 -3.371360281117044712e-05 3.608400000000000214e-05 3.784776953487110518e+02
5.781857927784767526e+04 2.576306208439287757e-05 2.098400000000000102e-05 3.249995752685950379e+02
5.781878477331851900e+04 3.363322448711143027e-05 2.139299999999999999e-05 3.778000857758618167e+02
5.781878476697894075e+04 -1.026723799473546611e-05 1.436400000000000003e-05 3.249998906286962210e+02
5.781878628829442459e+04 -1.674545239911608314e-05 1.903099999999999787e-05 3.778000869604538252e+02
5.781878628195536294e+04 -1.627572674510230528e-05 1.401699999999999810e-05 3.249998916477334774e+02
5.781878780296489276e+04 -2.282560059149974665e-05 2.240599999999999859e-05 3.778000881112332081e+02
5.781878779662631132e+04 1.979420894849951481e-05 1.188499999999999886e-05 3.249998926376836152e+02
5.781878931754372752e+04 -3.253792951326723594e-05 2.438899999999999976e-05 3.778000892282145742e+02
5.781878931120457128e+04 -3.985785864916591029e-05 1.636899999999999862e-05 3.249998935985586854e+02
5.781953590906921454e+04 -1.345095507805116454e-05 3.748299999999999332e-05 3.770792532687904099e+02
5.781953590279128548e+04 -5.162642636346089613e-06 1.718199999999999914e-05 3.249991518912856350e+02
5.781953684164670995e+04 1.523941019536339490e-05 2.805099999999999621e-05 3.770792550734316819e+02
5.781953683536811877e+04 -3.374874724119830298e-05 1.709199999999999831e-05 3.249991534466786902e+02
5.781953777373332559e+04 -2.032248681965135263e-05 2.114000000000000089e-05 3.770792568833471705e+02
5.781953776745549840e+04 -3.446329257492960974e-06 1.708699999999999751e-05 3.249991550066199579e+02
5.781953853107755276e+04 3.639355113071191124e-05 5.484799999999999393e-05 3.770792583584798194e+02
5.781953852479913621e+04 2.142373827424311465e-06 3.419200000000000060e-05 3.249991562780143681e+02
5.785169467799106496e+04 -3.296734662301636606e-05 2.243000000000000039e-05 3.771375170017795995e+02
5.785169467171351425e+04 2.114380995482698475e-06 1.553799999999999929e-05 3.249907639927421314e+02
5.785169561058873660e+04 -1.180473127902146243e-05 3.324599999999999984e-05 3.771375179392342147e+02
5.785169560431077844e+04 -1.205023486622260058e-05 1.464699999999999885e-05 3.249907648005745386e+02
5.785169654275747598e+04 5.436147302172743254e-06 3.141599999999999872e-05 3.771375188636566236e+02
5.785169653647930681e+04 -1.320968486970126618e-05 1.690399999999999943e-05 3.249907655971770168e+02
5.785169730015412642e+04 2.671054666382969236e-05 2.091400000000000000e-05 3.771375196054562480e+02
5.785169729387559346e+04 -2.358351553971335438e-05 2.488199999999999996e-05 3.249907662364077510e+02
5.787545492106628808e+04 1.778925584855388587e-05 2.167800000000000149e-05 3.775610896852475662e+02
5.787545491454287549e+04 -1.790248652638813564e-05 1.701799999999999868e-05 3.236379330079855663e+02
5.787545585367202875e+04 4.908251754475126557e-05 2.068499999999999931e-05 3.775610920877360286e+02
5.787545584714819415e+04 -2.336630473755705708e-05 1.597799999999999847e-05 3.236379350673504405e+02
5.787545678581744869e+04 -1.517608460635046127e-05 2.279299999999999675e-05 3.775610944893153942e+02
5.787545677929463272e+04 7.678961234681493980e-07 1.506400000000000011e-05 3.236379371259392315e+02
5.787545754318995751e+04 -3.107262062764228560e-05 2.207099999999999926e-05 3.775610964407558185e+02
5.787545753666769451e+04 3.349107541764759937e-05 2.098400000000000102e-05 3.236379387986767711e+02
5.820474854933772440e+04 -1.622514824606682135e-05 3.075699999999999707e-05 3.779846449613855839e+02
5.820474854296781268e+04 -2.663569180025275601e-05 2.002100000000000025e-05 3.249934986138895283e+02
5.820474948241944367e+04 -3.199696674279801375e-05 3.061199999999999761e-05 3.779846455283426963e+02
5.820474947605009220e+04 5.422324032906743356e-06 2.765499999999999865e-05 3.249934991013629997e+02
5.820475041452112782e+04 -4.142501711132842403e-05 4.068099999999999218e-05 3.779846460813039926e+02
5.820475040815161628e+04 -1.769637906650759865e-05 2.143199999999999741e-05 3.249934995768025487e+02
5.820475123016028374e+04 -3.728011702042239014e-06 3.278000000000000125e-05 3.779846465541648968e+02
5.820475122379047389e+04 -5.517295314757788961e-06 3.826899999999999562e-05 3.249934999833711231e+02
5.797933726918554021e+04 -5.305745635061801564e-06 3.790999999999999787e-06 8.950051681346858459e+02
5.797933726878747257e+04 -1.559466152648240977e-06 5.020999999999999869e-06 8.450537680717583271e+02
5.797933726832814136e+04 5.905529831738968422e-07 4.135999999999999872e-06 7.950533676164483268e+02
5.797933726774615934e+04 -1.002779852853629944e-05 6.903999999999999459e-06 7.450529671610403284e+02
5.797933796839084971e+04 -5.136266753009214290e-06 4.806000000000000234e-06 8.950051712448581611e+02
5.797933796799289848e+04 8.437813781962173352e-06 5.360000000000000350e-06 8.450537710083484626e+02
5.797933796753343631e+04 -1.988255951482676875e-07 4.617000000000000010e-06 7.950533703792848428e+02
5.797933796695174533e+04 1.346729415900490039e-05 5.816999999999999532e-06 7.450529697501250439e+02
5.797933866741255770e+04 5.104237398948660075e-07 5.395999999999999667e-06 8.950051743382572340e+02
5.797933866701429361e+04 -1.323113465979349442e-05 4.719999999999999702e-06 8.450537739290994068e+02
5.797933866655511520e+04 2.268528626169334424e-06 3.795999999999999739e-06 7.950533731272208797e+02
5.797933866597324231e+04 9.847202357813469167e-07 5.742999999999999902e-06 7.450529723252450367e+02
5.797933936646501388e+04 9.930307759741344739e-06 5.022000000000000368e-06 8.950051774157914224e+02
5.797933936606680072e+04 1.152200416270017568e-06 4.908999999999999925e-06 8.450537768348731333e+02
5.797933936560743314e+04 -1.050668997120159365e-07 4.833000000000000144e-06 7.950533758610637278e+02
5.797933936502553115e+04 -4.164966648106535644e-06 6.954999999999999479e-06 7.450529748871583706e+02
5.797934000724005455e+04 5.812677242974855812e-06 6.447999999999999928e-06 8.950051802226687414e+02
5.797934000684184866e+04 -2.137314285841869750e-06 5.621999999999999705e-06 8.450547794931177350e+02
5.797934000638253201e+04 1.518579657596888193e-06 5.120000000000000107e-06 7.950543783624992784e+02
5.797934000580082648e+04 1.408812163888891427e-05 5.917999999999999921e-06 7.450539772317857796e+02
5.800915786936284712e+04 2.947975623667564628e-06 5.012999999999999268e-06 8.950350086505146692e+02
5.800915786896469945e+04 1.216768700798085777e-06 5.413999999999999325e-06 8.448909352517116531e+02
5.800915786850539007e+04 7.378871785740115599e-06 7.600999999999999731e-06 7.950798756227140984e+02
5.800915786792335712e+04 -5.947420625996514541e-06 7.903999999999999202e-06 7.450778080956265512e+02
5.800915856853630976e+04 -5.411406784093706641e-07 6.085999999999999837e-06 8.950350132957040614e+02
5.800915856813811115e+04 -6.408471388510902007e-06 4.804999999999999735e-06 8.448909396366552755e+02
5.800915856767890364e+04 8.265854843409945857e-06 8.769000000000000237e-06 7.950798797491412415e+02
5.800915856709697982e+04 4.532375492711689407e-06 1.182199999999999794e-05 7.450778119625459794e+02
5.800915926758719434e+04 -1.378673361720643372e-05 6.261999999999999507e-06 8.950350179328752347e+02
5.800915926718930132e+04 6.801818207103168947e-06 5.427999999999999530e-06 8.448909440140325842e+02
5.800915926672996284e+04 9.806782711783316938e-06 6.948000000000000223e-06 7.950798838684464727e+02
5.800915926614798809e+04 1.670314436018596162e-06 1.035599999999999876e-05 7.450778158227909671e+02
5.800915996657710639e+04 -5.702297031457011065e-06 5.533999999999999870e-06 8.950350225623631104e+02
5.800915996617912606e+04 6.966016075662078075e-06 4.903999999999999973e-06 8.448909483841540577e+02
5.800915996571986034e+04 1.667756151917777703e-05 6.450999999999999730e-06 7.950798879809251503e+02
5.800915996513788559e+04 8.094852624399984499e-06 1.120800000000000009e-05 7.450778196766384553e+02
5.800916060740980174e+04 3.951567912481984679e-06 8.695000000000000607e-06 8.950350268002075609e+02
5.800916060701162496e+04 1.983602910003669316e-07 4.889000000000000117e-06 8.448909523845734384e+02
5.800916060655215551e+04 -7.828316589527095908e-06 7.680999999999999812e-06 7.950808917868670278e+02
5.800916060597044270e+04 6.806340076811896813e-06 8.081999999999999869e-06 7.450788232458303355e+02
5.803910586399996828e+04 -5.368483479998974810e-06 5.435999999999999284e-06 8.950568495894378884e+02
5.803910586360195884e+04 3.733570539382551092e-06 5.184999999999999485e-06 8.451025651174355744e+02
5.803910586311188672e+04 -3.696085602097277643e-06 6.155000000000000362e-06 7.935891781351418786e+02
5.803910586256087845e+04 1.578266659538261383e-05 7.006999999999999150e-06 7.450959897295895189e+02
5.803910656315062079e+04 -1.763439099374673570e-06 5.202999999999999990e-06 8.950568535507035222e+02
5.803910656275242218e+04 -8.820909969073012293e-06 4.780999999999999626e-06 8.451025688576171433e+02
5.803910656226264837e+04 9.412586799763892815e-06 5.184999999999999485e-06 7.935891816473414337e+02
5.803910656171131268e+04 9.548349775358769650e-07 6.168999999999999720e-06 7.450959930271704934e+02
5.803910726214794704e+04 -8.201391088704369534e-06 6.009999999999999209e-06 8.950568575005722778e+02
5.803910726174985757e+04 -6.433091495346922287e-06 4.189000000000000042e-06 8.451025725870392762e+02
5.803910726125993097e+04 -9.301086028834618950e-07 4.916000000000000027e-06 7.935891851494352522e+02
5.803910726070874807e+04 3.410587060241449784e-06 6.983999999999999540e-06 7.450959963152654382e+02
5.803910796111475065e+04 8.817715137686843813e-07 5.128999999999999513e-06 8.950568614396723888e+02
5.803910796071658842e+04 -3.237186348338949689e-06 4.801999999999999086e-06 8.451025763062928036e+02
5.803910796022670547e+04 5.708331194598329164e-06 5.860999999999999450e-06 7.935891886419813090e+02
5.803910795967524609e+04 -1.349866242859205200e-05 6.738000000000000540e-06 7.450959995943942431e+02
5.803910860186464561e+04 -1.071839129645588110e-05 5.692999999999999534e-06 8.950568650413172236e+02
5.803910860146671621e+04 5.327242452062100059e-06 4.618999999999999313e-06 8.451035797726974579e+02
5.803910860097662953e+04 -3.299019062898087007e-06 6.163000000000000116e-06 7.935891918353277106e+02
5.803910860042554123e+04 9.702442904651977616e-06 8.067999999999999665e-06 7.450970026583803474e+02
5.804199827746261872e+04 5.206559867361245626e-06 7.344000000000000328e-06 8.950576631753264110e+02
5.804199827706439828e+04 -5.049152758976874440e-06 5.378000000000000009e-06 8.451033332960327016e+02
5.804199827660503070e+04 -6.279510778911864534e-06 6.470999999999999539e-06 7.951000001503521162e+02
5.804199827602332516e+04 5.244240485930384291e-06 7.398999999999999802e-06 7.444416233403630940e+02
5.804199897662105650e+04 1.521297514968972901e-05 6.857999999999999391e-06 8.950576678158382720e+02
5.804199897622269054e+04 -7.457377813552516884e-06 5.830000000000000086e-06 8.451033376775507122e+02
5.804199897576353396e+04 8.583782985637635697e-06 5.704999999999999588e-06 7.951000042726241190e+02
5.804199897518156649e+04 -1.948769839041441773e-06 6.481999999999999942e-06 7.444416271999906485e+02
5.804199967559547804e+04 2.546171637284908106e-07 7.858999999999998786e-06 8.950576724558294472e+02
5.804199967519735947e+04 -9.713073212206100520e-07 5.185999999999999983e-06 8.451033420585793010e+02
5.804199967473794095e+04 -7.254419719837621152e-06 5.594999999999999794e-06 7.951000083944334165e+02
5.804199967415616265e+04 -2.044452771881580417e-06 6.479000000000000140e-06 7.444416310591872161e+02
5.804200037460079329e+04 8.118817337569201678e-06 8.223999999999999526e-06 8.950576770966426920e+02
5.804200037420249282e+04 -8.744325883337316735e-06 4.604999999999999956e-06 8.451033464403816424e+02
5.804200037374328531e+04 3.013055083409149749e-06 7.780999999999998855e-06 7.951000125169730381e+02
5.804200037316144153e+04 2.850066943401022328e-06 7.371000000000000239e-06 7.444416349190663595e+02
5.804200101536078000e+04 1.600075106448925016e-05 8.617999999999999481e-06 8.950576813512261651e+02
5.804200101496244315e+04 -4.115418458858399553e-06 5.948000000000000480e-06 8.451043505241943876e+02
5.804200101450320653e+04 5.207549997245692604e-06 5.957999999999999538e-06 7.951010163630988927e+02
5.804200101392128272e+04 -2.259878205549734320e-06 6.499999999999999600e-06 7.444416384577078816e+02
5.804307847127222340e+04 -9.136877680525359543e-06 5.793999999999999075e-06 8.950586412794280022e+02
5.804307847087426489e+04 3.562997204544012036e-06 5.318999999999999388e-06 8.449002429887131029e+02
5.804307847041481000e+04 -5.080917483409006720e-06 5.438999999999999933e-06 7.951008690223843587e+02
5.804307846983310446e+04 7.374284683113031764e-06 7.634000000000000093e-06 7.450974812337597086e+02
5.804307917044018541e+04 -6.460874201453089950e-06 5.658999999999999521e-06 8.950586454156613172e+02
5.804307917004219053e+04 3.652811953480939849e-06 4.993999999999999958e-06 8.449002468931550993e+02
5.804307916958282294e+04 2.401004414340042320e-06 6.272000000000000258e-06 7.951008726966945233e+02
5.804307916900098644e+04 2.963842826501811147e-06 9.348999999999999766e-06 7.450974846769943269e+02
5.804307986942442221e+04 3.423464763329653892e-06 5.889999999999999511e-06 8.950586495419422590e+02
5.804307986902632547e+04 4.773675929520164584e-06 4.293999999999999037e-06 8.449002507882020154e+02
5.804307986856691423e+04 -2.915608972675643371e-07 5.584999999999999890e-06 7.951008763621625803e+02
5.804307986798512138e+04 4.448543914553970247e-06 7.308999999999999816e-06 7.450974881119437896e+02
5.804308056843897066e+04 -7.713646409825864150e-06 5.499999999999999857e-06 8.950586536594636300e+02
5.804308056804093940e+04 -1.459046605326298795e-06 4.666999999999999532e-06 8.449002546749808289e+02
5.804308056758166640e+04 5.706013556653581343e-06 5.008999999999999815e-06 7.951008800198509334e+02
5.804308056699964072e+04 -9.273711159504454885e-06 7.296000000000000110e-06 7.450974915396016058e+02
5.804308120917684573e+04 -7.937351040426570743e-06 6.583999999999999135e-06 8.950586574257930579e+02
5.804308120877884357e+04 1.044666854358634564e-06 4.731999999999999756e-06 8.449002582302484825e+02
5.804308120831942506e+04 -4.635599790352153535e-06 7.084999999999999928e-06 7.951018834333398217e+02
5.804308120773765404e+04 2.343179629947136121e-06 7.916999999999998908e-06 7.450984947426819645e+02
5.804503536421492026e+04 -1.584664816189537707e-06 5.497999999999999707e-06 8.950592437629487677e+02
5.804503536381676531e+04 -3.632071449046361931e-06 5.924000000000000371e-06 8.451048256690103244e+02
5.804503536335752869e+04 7.860090470656971333e-06 6.194999999999999979e-06 7.951014042221464706e+02
5.804503536277567036e+04 9.828164955828378122e-06 7.260999999999999598e-06 7.450979827751420999e+02
5.804503606338398095e+04 1.175604593630581146e-06 5.865999999999999402e-06 8.950592482362201281e+02
5.804503606298581872e+04 -1.568397524054365334e-06 4.393999999999999774e-06 8.451048298926224334e+02
5.804503606252632744e+04 -1.201611024090308102e-05 6.815999999999999624e-06 7.951014081958533097e+02
5.804503606194465101e+04 5.463951334576327546e-06 8.843999999999998672e-06 7.450979864989460566e+02
5.804503676239990455e+04 -1.901507710870276103e-06 5.854000000000000195e-06 8.950592527038199933e+02
5.804503676200186601e+04 5.474113979329061098e-06 4.694999999999999941e-06 8.451048341108804607e+02
5.804503676154246205e+04 2.891766735323782713e-06 5.719999999999999445e-06 7.951014121645248451e+02
5.804503676096040726e+04 -1.274620035276749279e-05 7.222999999999999285e-06 7.450979902180282579e+02
5.804503746138526913e+04 -4.588297546528137712e-06 5.797999999999999376e-06 8.950592571664525394e+02
5.804503746098717966e+04 -1.805547695534088176e-06 4.275000000000000574e-06 8.451048383244476554e+02
5.804503746052787028e+04 4.280875157350560199e-06 6.490999999999999347e-06 7.951014161287824891e+02
5.804503745994591009e+04 -3.136632397478808518e-06 6.842999999999999535e-06 7.450979939329770332e+02
5.804503810215256090e+04 -4.400225092071755330e-06 6.086999999999999488e-06 8.950592612531338546e+02
5.804503810175448598e+04 3.241130355391202249e-07 6.049000000000000022e-06 8.451058422514944368e+02
5.804503810129506019e+04 -4.072846177192964588e-06 7.286999999999999858e-06 7.951024198275218851e+02
5.804503810071307817e+04 -1.371449930332579625e-05 1.246299999999999909e-05 7.450989974034097258e+02
5.806909281014390581e+04 -6.765670447493608794e-06 7.367999999999999590e-06 8.950639332565727955e+02
5.806909280974602007e+04 1.183478744509256953e-05 1.141699999999999928e-05 8.451102535095983512e+02
5.806909280928642693e+04 -8.838106383731372394e-06 8.638999999999999788e-06 7.951065700792371445e+02
5.806909280873540411e+04 8.233864663980920362e-06 1.016600000000000058e-05 7.474460592543604207e+02
5.806909315992533811e+04 2.809925298272798878e-06 1.075199999999999972e-05 8.950639343507282319e+02
5.806909315952730685e+04 9.402812236393963408e-06 9.833000000000000553e-06 8.451102545426884944e+02
5.806909315906785923e+04 6.715271287497217685e-07 8.657000000000000293e-06 7.951065710512015130e+02
5.806909315851667634e+04 4.207243595611521356e-06 1.114599999999999967e-05 7.474460601680626723e+02
5.806909350946177437e+04 1.040903930257841195e-05 9.023999999999998643e-06 8.950639354400384491e+02
5.806909350906359032e+04 3.646604527944638208e-06 7.833999999999999872e-06 8.451102555712034246e+02
5.806909350857386016e+04 2.498548284598168178e-05 9.966999999999999609e-06 7.951065720187773422e+02
5.806909350805317081e+04 1.709027550121474789e-05 1.318699999999999927e-05 7.474460610777193779e+02
5.806909385893673607e+04 -2.283749765097425987e-06 6.695999999999999079e-06 8.950639365250752917e+02
5.806909385853868298e+04 1.918903194237983968e-06 1.334999999999999924e-05 8.451102565956848593e+02
5.806909385807917715e+04 -1.116340537340012019e-05 1.093899999999999979e-05 7.951065729827253108e+02
5.806909385752811795e+04 2.951206314225074909e-06 1.254599999999999813e-05 7.474460619838072262e+02
5.806909415022723260e+04 -4.637236783468346925e-06 1.088899999999999857e-05 8.950649375000137979e+02
5.806909414982892486e+04 -2.165125925613820457e-05 1.097700000000000010e-05 8.451102574466497117e+02
5.806909414936962276e+04 -1.750482785870545704e-05 1.412199999999999964e-05 7.951065737833405365e+02
5.806909414881902194e+04 3.594748333047034599e-05 1.185699999999999845e-05 7.474460627364331913e+02
5.809898020069281483e+04 1.413233797230335329e-05 5.849999999999999047e-06 8.950532180330973233e+02
5.809898020029452891e+04 2.028877454795239181e-07 9.038000000000000542e-06 8.450991362429805349e+02
5.809898019980453682e+04 8.764055749052232466e-07 7.227999999999999237e-06 7.950960514297028112e+02
5.809898019925323024e+04 -3.625439732722942804e-06 6.775000000000000355e-06 7.454709899377119200e+02
5.809898089989451546e+04 -2.100777315363191472e-06 6.079999999999999386e-06 8.950532204458331762e+02
5.809898089949648420e+04 5.708606193872975644e-06 6.294999999999999869e-06 8.450991385210595581e+02
5.809898089900625200e+04 -1.389091297329238371e-05 9.021000000000000535e-06 7.950960535729914227e+02
5.809898089845527284e+04 9.342645697111712832e-06 8.624000000000000779e-06 7.454709919472302317e+02
5.809898159885150380e+04 1.722568670538035214e-06 5.216999999999999348e-06 8.950532228434074113e+02
5.809898159845332702e+04 -2.387616560375777012e-06 6.653999999999999311e-06 8.450991407848216568e+02
5.809898159796323307e+04 -1.032968110953506176e-05 7.722999999999998733e-06 7.950960557028113271e+02
5.809898159741217387e+04 6.600876669440180733e-06 7.879999999999999093e-06 7.454709939441194138e+02
5.809898229790038749e+04 4.076490613543895522e-06 5.368999999999999756e-06 8.950532252269242690e+02
5.809898229750213795e+04 -6.821575092985681976e-06 7.520999999999999650e-06 8.450991430353111582e+02
5.809898229701213131e+04 -7.054259276907850369e-06 6.340999999999999936e-06 7.950960578201439830e+02
5.809898229646092659e+04 -2.871681763752131362e-06 9.062999999999999455e-06 7.454709959293003294e+02
5.809898293866954918e+04 -8.844942249518029318e-06 6.932999999999999520e-06 8.950532273990545491e+02
5.809898293827165617e+04 1.127765430900668541e-05 6.812999999999999822e-06 8.451001451479199886e+02
5.809898293778145307e+04 -6.082500267757526989e-06 7.048000000000000113e-06 7.950970598114042787e+02
5.809898293723008828e+04 -1.583285756890330715e-05 8.615999999999998484e-06 7.454719978001290883e+02
5.813081710420552554e+04 -3.376849636468993741e-06 6.912999999999999712e-06 8.950253418795491598e+02
5.813081710383798054e+04 -8.356193274345430718e-06 7.118999999999999094e-06 8.447708066678866317e+02
5.813081710334813397e+04 3.818526527046396371e-06 9.438000000000000100e-06 7.950712884110565710e+02
5.813081710279674735e+04 -9.692350145870832497e-06 9.766999999999999830e-06 7.457177807245379881e+02
5.813081780347254244e+04 8.691485302997895411e-06 8.169999999999999704e-06 8.950253451553445529e+02
5.813081780307433655e+04 5.080448643233575313e-07 6.676999999999998922e-06 8.447708097596147354e+02
5.813081780258437357e+04 2.138585372007132052e-06 8.216999999999999424e-06 7.950712913208918735e+02
5.813081780203317612e+04 4.841742128478320445e-06 9.691000000000000897e-06 7.457177834537479839e+02
5.813081850243318331e+04 1.613976045342139005e-06 7.050999999999999915e-06 8.950253484225454486e+02
5.813081850206564559e+04 -2.891113723821097286e-06 8.734999999999998530e-06 8.447708128435014032e+02
5.813081850157579902e+04 9.095024271417558243e-06 9.018999999999999538e-06 7.950712942233481044e+02
5.813081850102434692e+04 -1.029680145471246039e-05 1.227099999999999991e-05 7.457177861760352471e+02
5.813081920145498589e+04 -1.990936070368414405e-05 7.541000000000000306e-06 8.950253516827960993e+02
5.813081920108766644e+04 -5.074820475284511530e-06 6.980000000000000086e-06 8.447708159206938490e+02
5.813081920059772528e+04 -1.973949064051075620e-06 7.557999999999999465e-06 7.950712971195032424e+02
5.813081920004637504e+04 -1.189946491207444228e-05 9.361999999999999473e-06 7.457177888924139779e+02
5.813081984226127679e+04 4.673291593766990982e-06 7.777000000000000248e-06 8.950253546651053966e+02
5.813081984189374634e+04 7.197730509845784373e-07 7.015999999999999403e-06 8.447708187355491418e+02
5.813081984140382701e+04 6.119643164782494238e-06 8.361999999999998883e-06 7.950722997993193530e+02
5.813081984085260046e+04 6.415474120009653592e-06 1.198699999999999890e-05 7.457177913772156899e+02
5.815975629701750586e+04 6.253411335589003268e-06 6.122000000000000000e-06 8.949931097024248174e+02
5.815975629661939456e+04 7.146282120367253182e-06 7.262999999999999749e-06 8.450423826362531372e+02
5.815975629615999787e+04 3.888857019396717399e-06 7.551000000000000210e-06 7.950426558378806021e+02
5.815975629557821230e+04 1.062555152396957996e-05 1.182000000000000033e-05 7.450429290394146165e+02
5.815975699644578708e+04 4.183212286491783010e-06 7.358999999999999338e-06 8.949931126987439711e+02
5.815975699604768306e+04 5.175913540202497897e-06 6.095999999999999741e-06 8.450423854653440685e+02
5.815975699558833730e+04 6.752538390149495244e-06 6.771999999999999706e-06 7.950426584995791472e+02
5.815975699500638439e+04 -1.066222958901444131e-06 6.700999999999999031e-06 7.450429315337202070e+02
5.815975769550634141e+04 -1.170814512099818255e-05 6.506999999999999702e-06 8.949931156843135795e+02
5.815975769510844839e+04 7.813615555293997327e-06 6.225999999999999343e-06 8.450423882842860621e+02
5.815975769464892801e+04 -5.613309160695471952e-06 7.542999999999999609e-06 7.950426611517283391e+02
5.815975769406712789e+04 -1.751993027901709535e-07 8.375999999999999087e-06 7.450429340190781886e+02
5.815975839456725225e+04 1.081226150746596810e-05 6.739999999999999843e-06 8.949931186606395386e+02
5.815975839416906820e+04 4.798890415328932093e-06 6.376999999999999253e-06 8.450423910944982708e+02
5.815975839370966423e+04 1.346772243349975345e-06 6.079999999999999386e-06 7.950426637956653622e+02
5.815975839312771859e+04 -6.103006703040454418e-06 1.035299999999999896e-05 7.450429364967392303e+02
5.815975897713290033e+04 -1.534861411522772434e-06 8.256000000000000236e-06 8.949931211338595176e+02
5.815975897673480358e+04 -9.511127469351563558e-08 7.133999999999999798e-06 8.450423934296851485e+02
5.815975897627563972e+04 1.728023727135049667e-05 9.067999999999998561e-06 7.950426659926839648e+02
5.815975897569361405e+04 2.991499503071199542e-06 9.201999999999999310e-06 7.450429385555887620e+02
5.824051954550464143e+04 -9.092161439794870059e-07 6.616999999999999496e-06 8.949346468832582104e+02
5.824051954510646465e+04 -5.197475707292751390e-06 4.867000000000000158e-06 8.449871827028948701e+02
5.824051954464700975e+04 -1.285031965432389350e-05 7.549999999999999711e-06 7.949907219911152652e+02
5.824051954406514415e+04 -1.184419761758272920e-05 9.510999999999999232e-06 7.449942612792120826e+02
5.824052024491457269e+04 -5.245800567763922996e-07 6.790999999999999863e-06 8.949346508376271458e+02
5.824052024451644684e+04 -9.450200749842368577e-07 5.431999999999999830e-06 8.449871864365655938e+02
5.824052024405720294e+04 1.026063200493163302e-05 8.063999999999999364e-06 7.949907255038718858e+02
5.824052024347516999e+04 -3.461118336462592868e-06 8.708000000000000313e-06 7.449942645710531224e+02
5.824052094401804061e+04 -1.289563220618476835e-05 6.953000000000000176e-06 8.949346547831869430e+02
5.824052094361998752e+04 -6.519202275368610187e-06 5.280999999999999074e-06 8.449871901619191021e+02
5.824052094316062721e+04 -5.530106549890438026e-06 8.617999999999999481e-06 7.949907290088018499e+02
5.824052094257878343e+04 -3.124662564873565049e-06 8.215999999999998925e-06 7.449942678555613611e+02
5.824052164309103682e+04 -5.642170784004225698e-06 7.065000000000000120e-06 8.949346587214230340e+02
5.824052164269290370e+04 -6.561368871868852335e-06 5.203999999999999642e-06 8.449871938803566991e+02
5.824052164223392901e+04 2.804411931159385649e-05 9.891999999999999480e-06 7.949907325072277899e+02
5.824052164165170689e+04 -2.734368459023379024e-06 7.634999999999998897e-06 7.449942711339716652e+02
5.824052222569785226e+04 9.128402571625682734e-06 7.713000000000000522e-06 8.949346619980260584e+02
5.824052222529965366e+04 2.426114523902024662e-06 6.344999999999999390e-06 8.449871969740879649e+02
5.824052222484015510e+04 -8.791725936576317928e-06 1.074099999999999931e-05 7.949907354179052845e+02
5.824052222425839136e+04 8.201215996604588971e-07 9.727999999999999018e-06 7.449942738616010729e+02
5.826644416583434941e+04 -8.004721278348604977e-06 5.849000000000000242e-06 8.949384703783579198e+02
5.826644416543626721e+04 -5.997450582918281395e-06 5.652000000000000265e-06 8.447988055744062876e+02
5.826644416497692146e+04 -5.060595466204038964e-06 3.915999999999999437e-06 7.946781395067821450e+02
5.826644416439510678e+04 -2.353552460232152386e-06 7.514999999999999199e-06 7.449974441729716546e+02
5.826644486524730746e+04 7.127639498102285240e-06 4.871000000000000458e-06 8.949384747183797799e+02
5.826644486484912341e+04 2.752123535708280495e-07 4.527000000000000025e-06 8.447988096712741708e+02
5.826644486438978493e+04 1.485221296878057591e-06 4.612000000000000058e-06 7.946781433605890470e+02
5.826644486380800663e+04 7.929460489553833539e-06 8.310999999999998863e-06 7.449974477858512500e+02
5.826644556435380218e+04 7.550560443416120123e-06 4.677999999999999934e-06 8.949384790501161433e+02
5.826644556395548716e+04 -1.032171925377113717e-05 4.407999999999999978e-06 8.447988137603208543e+02
5.826644556349626509e+04 1.020569729755308394e-06 4.300999999999999986e-06 7.946781472070391601e+02
5.826644556291434128e+04 -5.146239582199542085e-06 7.236999999999999489e-06 7.449974513918332377e+02
5.826644626346016594e+04 2.969084791279924137e-06 4.839000000000000595e-06 8.949384833753910016e+02
5.826644626306200371e+04 -1.780771526712631907e-06 5.407999999999999721e-06 8.447988178432696031e+02
5.826644626260275254e+04 7.268393448530908073e-06 4.684999999999999190e-06 7.946781510477521806e+02
5.826644626202076324e+04 -5.037595428325069847e-06 6.591999999999999736e-06 7.449974549924372695e+02
5.826644684598241292e+04 -7.180367978792078023e-08 6.182999999999999925e-06 8.949384869743848867e+02
5.826644684558433801e+04 2.753903380033664043e-06 5.286999999999999525e-06 8.447988212406272623e+02
5.826644684512507229e+04 1.029679927144729844e-05 7.643999999999999997e-06 7.946781542435495567e+02
5.826644684454314847e+04 4.148146330404928619e-06 7.481999999999999685e-06 7.449974579884442392e+02
5.826746557650374598e+04 2.004139612950616309e-06 4.828999999999999844e-06 8.949389990670255202e+02
5.826746557610557647e+04 -2.276411874059452828e-06 4.658999999999999778e-06 8.449912919856362805e+02
5.826746557564628165e+04 4.636668022646931841e-06 6.371000000000000496e-06 7.949945881345576026e+02
5.826746557509483682e+04 -1.247528738372396190e-05 8.294000000000000550e-06 7.465477821027898244e+02
5.826746627591478318e+04 -7.662745701106959296e-07 5.151999999999999970e-06 8.949390031536530614e+02
5.826746627551660640e+04 -5.585504486055808143e-06 4.956999999999999296e-06 8.449912958441836963e+02
5.826746627505731885e+04 1.764846269934167276e-06 6.340999999999999936e-06 7.949945917648012710e+02
5.826746627450611413e+04 5.739987769746900196e-06 5.759999999999999909e-06 7.465477855118083426e+02
5.826746697501955350e+04 8.327082478188228759e-07 4.388999999999999822e-06 8.949390072294823995e+02
5.826746697462149314e+04 6.422184682349562261e-06 3.967999999999999956e-06 8.449912996925365860e+02
5.826746697416208917e+04 3.443827516480244212e-06 6.679999999999999571e-06 7.949945953854528398e+02
5.826746697361076076e+04 -3.472014702424149772e-06 7.643999999999999997e-06 7.465477889118176336e+02
5.826746767409362656e+04 1.951897716780319866e-06 5.208999999999999594e-06 8.949390112960534225e+02
5.826746767369552981e+04 4.401958239058024486e-06 3.482999999999999941e-06 8.449913035321468442e+02
5.826746767323604581e+04 -5.423046114041419690e-06 6.220999999999999391e-06 7.949945989978793932e+02
5.826746767268495751e+04 8.385317721671358538e-06 7.049999999999999416e-06 7.465477923041049735e+02
5.826746825667053781e+04 -3.632930934732512147e-06 5.828999999999999587e-06 8.949390146779622910e+02
5.826746825627244834e+04 -7.274037548089451322e-07 4.754999999999999367e-06 8.449913067253071404e+02
5.826746825581312441e+04 3.606308371727331599e-06 8.079000000000000067e-06 7.949946020021066033e+02
5.826746825526183966e+04 5.192327438474610386e-07 9.074999999999998663e-06 7.465477951252543107e+02
5.830337621532566118e+04 3.133871493670106406e-06 6.985000000000000039e-06 8.949627394583935711e+02
5.830337621492725157e+04 -2.111421206390328741e-05 1.331199999999999892e-05 8.448337144864760830e+02
5.830337621446795674e+04 -1.448905245514849580e-05 1.017299999999999899e-05 7.950166772226614285e+02
5.830337621388634579e+04 8.321471266491116083e-06 1.268099999999999937e-05 7.450186470896396713e+02
5.830337691470904974e+04 3.570441359714191017e-06 9.435999999999999103e-06 8.949627437952067339e+02
5.830337691431093117e+04 3.736841299952419036e-06 8.526999999999998150e-06 8.448337185803757166e+02
5.830337691385155631e+04 4.207326330218446353e-06 9.743999999999998526e-06 7.950166810751568391e+02
5.830337691326999629e+04 3.087632527574174653e-05 1.533399999999999922e-05 7.450186506998547884e+02
5.830337761378615687e+04 5.472217068414097010e-06 1.000799999999999803e-05 8.949627481203870047e+02
5.830337761338788550e+04 -7.090792897137730848e-06 1.071200000000000010e-05 8.448337226632912689e+02
5.830337761292850337e+04 -7.504548754361798618e-06 1.345100000000000047e-05 7.950166849173161836e+02
5.830337761234722711e+04 4.411349194248609883e-05 1.796799999999999805e-05 7.450186543003852648e+02
5.830337831286294386e+04 -1.452832708823444463e-05 1.010800000000000046e-05 8.949627524357620132e+02
5.830337831246477435e+04 -1.808220893061161227e-05 8.820000000000000257e-06 8.448337267369523715e+02
5.830337831200563232e+04 2.142407565656627815e-06 1.339499999999999965e-05 7.950166887507683668e+02
5.830337831142373761e+04 4.039408205442030111e-07 1.372199999999999839e-05 7.450186578927513210e+02
5.830337889544246718e+04 -8.260530498687986662e-06 1.093899999999999979e-05 8.949637559850846174e+02
5.830337889504458872e+04 1.277822438426768216e-05 1.448099999999999908e-05 8.448347300852648232e+02
5.830337889458522113e+04 1.367697109108180045e-05 1.114899999999999947e-05 7.950166919386975906e+02
5.830337889400309359e+04 -8.014637504061277736e-06 1.743699999999999924e-05 7.450186608801928969e+02
