2MASS Point Source Catalogue, output (on a total of 470,992,970 sources)

	8.176076	69.771217	0.2130	00 32 42.2582	+69 46 16.381	00324225+6946163 	15.452	0.056	14.927	0.075	14.714	0.101	AAA	222	111	000	0	0
	8.189572	69.771370	0.4110	00 32 45.4973	+69 46 16.932	00324549+6946169 	14.566	0.061	13.829	0.065	13.697	0.062	AAA	222	111	000	0	0
	8.175974	69.767456	0.4290	00 32 42.2338	+69 46 02.842	00324223+6946028 	16.535	0.145	15.970	0.196	15.475	0.000	BCU	220	110	000	0	0
	8.154274	69.770638	0.4310	00 32 37.0258	+69 46 14.297	00323702+6946142 	11.569	0.024	10.741	0.030	10.461	0.023	AAA	222	111	000	0	0
	8.173559	69.782555	0.4870	00 32 41.6542	+69 46 57.198	00324165+6946571 	16.282	0.112	15.572	0.143	15.094	0.150	BBB	222	111	000	0	0
	8.193404	69.770317	0.5110	00 32 46.4170	+69 46 13.141	00324641+6946131 	15.467	0.066	14.660	0.072	14.673	0.111	AAB	222	111	000	0	0
	8.149784	69.770172	0.5250	00 32 35.9482	+69 46 12.619	00323594+6946126 	15.570	0.119	15.003	0.127	14.703	0.165	BBC	222	111	ccc	0	0
	8.146917	69.777367	0.5460	00 32 35.2601	+69 46 38.521	00323526+6946385 	14.835	0.048	14.033	0.044	13.833	0.058	AAA	222	111	c00	0	0
	8.170539	69.765274	0.5520	00 32 40.9294	+69 45 54.986	00324092+6945549 	16.591	0.142	16.019	0.183	16.198	0.000	BCU	220	110	000	0	0
	8.137906	69.778107	0.7380	00 32 33.0974	+69 46 41.185	00323309+6946411 	11.405	0.024	10.612	0.028	10.314	0.019	AAA	222	111	000	0	0
	8.154185	69.788383	0.9120	00 32 37.0044	+69 47 18.179	00323700+6947181 	16.721	0.000	15.912	0.000	15.120	0.169	UUC	002	001	000	0	0
	8.199016	69.788086	0.9930	00 32 47.7638	+69 47 17.110	00324776+6947171 	16.577	0.142	15.642	0.155	15.441	0.203	BBC	222	111	000	0	0
	25.442528	63.067039	0.2050	01 41 46.2067	+63 04 01.340	01414620+6304013 	16.735	0.144	15.465	0.000	16.016	0.000	BUU	200	100	000	0	0
	25.446606	63.060551	0.2500	01 41 47.1854	+63 03 37.984	01414718+6303379 	16.632	0.153	16.210	0.000	15.829	0.252	BUD	202	202	c0c	0	0
	25.432260	63.065475	0.2510	01 41 43.7424	+63 03 55.710	01414374+6303557 	12.818	0.023	12.510	0.035	12.385	0.026	AAA	222	111	000	0	0
	25.439426	63.068924	0.3130	01 41 45.4622	+63 04 08.126	01414546+6304081 	15.652	0.070	14.883	0.091	14.609	0.084	AAA	222	111	000	0	0
	25.448626	63.059914	0.3150	01 41 47.6702	+63 03 35.690	01414767+6303356 	16.378	0.144	16.076	0.000	15.738	0.233	BUE	202	201	c00	0	0
	25.433658	63.058853	0.3490	01 41 44.0779	+63 03 31.871	01414407+6303318 	15.458	0.056	14.991	0.099	14.982	0.120	AAB	222	111	000	0	0
	25.453810	63.059063	0.4540	01 41 48.9144	+63 03 32.627	01414891+6303326 	14.037	0.028	13.533	0.037	13.367	0.042	AAA	222	111	000	0	0
	25.423383	63.062210	0.4790	01 41 41.6119	+63 03 43.956	01414161+6303439 	16.463	0.113	15.951	0.201	15.570	0.000	BCU	220	110	000	0	0
	25.456844	63.059204	0.5170	01 41 49.6426	+63 03 33.134	01414964+6303331 	16.665	0.138	15.853	0.191	14.726	0.000	BCU	220	110	cc0	0	0
	25.462456	63.063709	0.5920	01 41 50.9894	+63 03 49.352	01415098+6303493 	14.867	0.029	14.657	0.060	14.270	0.068	AAA	222	111	000	0	0
	25.445041	63.053558	0.6220	01 41 46.8098	+63 03 12.809	01414680+6303128 	16.008	0.088	15.698	0.165	15.484	0.172	ACC	222	111	000	0	0
	25.458328	63.070675	0.6350	01 41 49.9987	+63 04 14.430	01414999+6304144 	15.761	0.077	15.525	0.175	15.068	0.119	ACB	222	111	cc0	0	0
	25.417384	63.059746	0.6770	01 41 40.1722	+63 03 35.086	01414017+6303350 	15.642	0.055	15.003	0.075	14.518	0.081	AAA	222	111	cc0	0	0
	25.426673	63.073090	0.6780	01 41 42.4015	+63 04 23.124	01414240+6304231 	16.217	0.082	16.031	0.200	15.622	0.193	ACC	222	111	000	0	0
	25.422294	63.056030	0.6810	01 41 41.3506	+63 03 21.708	01414135+6303217 	16.655	0.288	15.111	0.000	14.843	0.000	DUU	200	100	c00	0	0
	25.461113	63.070522	0.6890	01 41 50.6671	+63 04 13.879	01415066+6304138 	15.334	0.063	14.898	0.099	14.641	0.100	AAA	222	111	000	0	0
	25.460471	63.056553	0.6900	01 41 50.5130	+63 03 23.591	01415051+6303235 	15.601	0.070	15.036	0.093	15.158	0.131	AAB	222	111	000	0	0
	25.442784	63.075237	0.6930	01 41 46.2682	+63 04 30.853	01414626+6304308 	13.659	0.024	13.133	0.037	13.029	0.032	AAA	222	111	000	0	0
	25.430929	63.074718	0.7100	01 41 43.4230	+63 04 28.985	01414342+6304289 	15.768	0.073	15.664	0.145	15.366	0.167	ABC	222	111	000	0	0
	25.423989	63.053455	0.7660	01 41 41.7574	+63 03 12.438	01414175+6303124 	10.329	0.024	9.524	0.030	9.293	0.023	AAA	222	111	000	0	0
	25.438935	63.050880	0.7730	01 41 45.3444	+63 03 03.168	01414534+6303031 	15.804	0.066	15.160	0.110	15.155	0.134	ABB	222	111	000	0	0
	25.412121	63.062801	0.7780	01 41 38.9090	+63 03 46.084	01413890+6303460 	12.192	0.024	11.595	0.032	11.441	0.019	AAA	222	111	000	0	0
	25.414117	63.058086	0.7970	01 41 39.3881	+63 03 29.110	01413938+6303291 	12.593	0.027	12.368	0.033	12.260	0.024	AAA	222	111	000	0	0
	25.469403	63.060223	0.8090	01 41 52.6567	+63 03 36.803	01415265+6303368 	14.618	0.028	14.207	0.049	13.925	0.045	AAA	222	111	000	0	0
	25.470315	63.068180	0.8490	01 41 52.8756	+63 04 05.448	01415287+6304054 	16.248	0.103	15.874	0.172	15.575	0.000	ACU	220	110	000	0	0
	25.418411	63.053635	0.8560	01 41 40.4186	+63 03 13.086	01414041+6303130 	16.226	0.198	14.858	0.000	14.764	0.000	CUU	200	100	c00	0	0
	25.460084	63.075035	0.8590	01 41 50.4202	+63 04 30.126	01415042+6304301 	16.040	0.079	15.824	0.173	15.433	0.178	ACC	222	111	cc0	0	0
	25.411120	63.069904	0.8840	01 41 38.6688	+63 04 11.654	01413866+6304116 	16.475	0.128	16.246	0.000	15.770	0.227	BUD	202	101	000	0	0
	25.415504	63.053127	0.9340	01 41 39.7210	+63 03 11.257	01413972+6303112 	15.548	0.070	15.129	0.104	15.029	0.124	AAB	222	111	ccc	0	0
	25.465256	63.074780	0.9410	01 41 51.6614	+63 04 29.208	01415166+6304292 	15.157	0.050	14.807	0.071	14.513	0.082	AAA	222	111	000	0	0
	25.407229	63.059326	0.9470	01 41 37.7350	+63 03 33.574	01413773+6303335 	14.623	0.043	14.180	0.056	14.134	0.049	AAA	222	111	000	0	0
	25.441817	63.080311	0.9950	01 41 46.0361	+63 04 49.120	01414603+6304491 	16.545	0.131	15.776	0.000	16.253	0.000	BUU	200	100	000	0	0
	33.724638	52.382019	0.3170	02 14 53.9131	+52 22 55.268	02145391+5222552 	14.800	0.037	14.203	0.042	14.127	0.047	AAA	222	111	000	0	0
	33.730482	52.383835	0.3480	02 14 55.3157	+52 23 01.806	02145531+5223018 	15.903	0.071	15.403	0.088	15.566	0.170	AAC	222	111	000	0	0
	33.740310	52.379169	0.3730	02 14 57.6744	+52 22 45.008	02145767+5222450 	15.595	0.057	15.421	0.089	15.278	0.124	AAB	222	111	000	0	0
	33.737242	52.382717	0.3790	02 14 56.9381	+52 22 57.781	02145693+5222577 	13.019	0.021	12.366	0.019	12.178	0.023	AAA	222	111	000	0	0
	33.718988	52.373569	0.4940	02 14 52.5571	+52 22 24.848	02145255+5222248 	14.575	0.030	14.135	0.033	14.020	0.045	AAA	222	111	000	0	0
	33.732953	52.387421	0.5720	02 14 55.9087	+52 23 14.716	02145590+5223147 	15.831	0.061	15.616	0.112	15.655	0.180	ABC	222	111	000	0	0
	33.746113	52.374836	0.6100	02 14 59.0671	+52 22 29.410	02145906+5222294 	16.655	0.136	16.015	0.148	15.989	0.239	BCD	222	111	000	0	0
	33.713660	52.380474	0.6270	02 14 51.2784	+52 22 49.706	02145127+5222497 	16.629	0.125	16.157	0.163	15.804	0.202	BCC	222	111	000	0	0
	33.743497	52.371319	0.6290	02 14 58.4393	+52 22 16.748	02145843+5222167 	16.744	0.147	15.999	0.147	16.048	0.258	BBD	222	111	000	0	0
	33.731584	52.389465	0.6880	02 14 55.5802	+52 23 22.074	02145558+5223220 	15.458	0.051	15.025	0.065	14.981	0.099	AAA	222	111	000	0	0
	33.749939	52.382771	0.7730	02 14 59.9854	+52 22 57.976	02145998+5222579 	16.449	0.103	15.467	0.097	15.502	0.157	BAC	222	111	000	0	0
	33.728457	52.365089	0.7790	02 14 54.8297	+52 21 54.320	02145482+5221543 	12.724	0.021	12.223	0.019	12.052	0.020	AAA	222	111	000	0	0
	33.739763	52.389713	0.7820	02 14 57.5431	+52 23 22.967	02145754+5223229 	16.555	0.128	16.290	0.000	15.512	0.000	BUU	200	100	000	0	0
	33.748775	52.370892	0.8010	02 14 59.7060	+52 22 15.211	02145970+5222152 	16.804	0.155	16.615	0.261	16.115	0.257	BDD	222	111	000	0	0
	33.707948	52.376637	0.8230	02 14 49.9075	+52 22 35.893	02144990+5222358 	14.605	0.035	14.135	0.039	14.069	0.054	AAA	222	111	0s0	0	0
	33.754625	52.375305	0.9060	02 15 01.1100	+52 22 31.098	02150111+5222310 	16.325	0.102	16.069	0.161	15.925	0.224	ACD	222	111	0s0	0	0
	33.738576	52.363567	0.9190	02 14 57.2582	+52 21 48.841	02145725+5221488 	15.102	0.044	14.808	0.052	14.718	0.079	AAA	222	111	000	0	0
	33.724149	52.393417	0.9500	02 14 53.7958	+52 23 36.301	02145379+5223363 	14.960	0.036	14.213	0.037	14.050	0.050	AAA	222	111	000	0	0
	33.724190	52.362240	0.9740	02 14 53.8056	+52 21 44.064	02145380+5221440 	15.905	0.072	15.205	0.072	15.108	0.119	AAB	222	111	000	0	0
	63.959221	61.195873	0.2040	04 15 50.2130	+61 11 45.143	04155021+6111451 	16.573	0.115	16.214	0.000	15.797	0.000	BUU	200	100	000	0	0
	63.955388	61.198006	0.2820	04 15 49.2931	+61 11 52.822	04154929+6111528 	16.694	0.130	15.807	0.143	15.729	0.221	BBD	222	111	000	0	0
	63.974735	61.201889	0.3740	04 15 53.9364	+61 12 06.800	04155393+6112068 	15.812	0.067	15.163	0.081	14.888	0.103	AAA	222	111	0pp	0	0
	63.948892	61.200966	0.5080	04 15 47.7341	+61 12 03.478	04154773+6112034 	14.769	0.033	14.450	0.047	14.319	0.062	AAA	222	111	000	0	0
	63.985064	61.197952	0.5770	04 15 56.4154	+61 11 52.627	04155641+6111526 	15.773	0.084	15.140	0.101	15.082	0.134	AAB	222	111	ccc	0	0
	63.947841	61.191944	0.6080	04 15 47.4818	+61 11 30.998	04154748+6111309 	16.352	0.093	15.457	0.101	15.067	0.121	AAB	222	111	000	0	0
	63.986392	61.195473	0.6290	04 15 56.7341	+61 11 43.703	04155673+6111437 	11.616	0.022	11.431	0.023	11.372	0.018	AAA	222	111	000	0	0
	63.987926	61.192734	0.7240	04 15 57.1022	+61 11 33.842	04155710+6111338 	16.684	0.124	15.785	0.139	15.370	0.153	BBC	222	111	ccc	0	0
	63.993229	61.192501	0.8710	04 15 58.3750	+61 11 33.004	04155837+6111330 	16.595	0.117	15.759	0.126	15.718	0.213	BBD	222	111	c00	0	0
	63.995820	61.198605	0.8890	04 15 58.9968	+61 11 54.978	04155899+6111549 	16.925	0.154	15.992	0.152	15.837	0.000	CCU	220	110	c00	0	0
	63.969254	61.213028	0.9260	04 15 52.6210	+61 12 46.901	04155262+6112469 	15.465	0.047	15.069	0.073	14.652	0.085	AAA	222	111	000	0	0
	63.996752	61.203529	0.9780	04 15 59.2205	+61 12 12.704	04155922+6112127 	16.819	0.164	16.147	0.205	15.931	0.243	CCD	222	111	000	0	0
	63.954010	61.182301	0.9800	04 15 48.9624	+61 10 56.284	04154896+6110562 	16.870	0.154	16.148	0.192	15.486	0.000	BCU	220	110	000	0	0
	99.028043	51.485279	0.3160	06 36 06.7303	+51 29 07.004	06360673+5129070 	14.460	0.033	13.997	0.037	13.875	0.048	AAA	222	111	000	0	0
	99.035612	51.488766	0.6620	06 36 08.5469	+51 29 19.558	06360854+5129195 	16.723	0.178	16.026	0.218	15.697	0.212	CDD	222	111	000	0	0
	99.003931	51.477474	0.7020	06 36 00.9434	+51 28 38.906	06360094+5128389 	15.506	0.066	14.834	0.067	14.515	0.075	AAA	222	111	000	0	0
	149.285298	-6.319468	0.4650	09 57 08.4715	-06 19 10.085	09570847-0619100 	13.921	0.027	13.576	0.026	13.501	0.041	AAA	222	111	000	0	0
	149.289874	-6.317158	0.6960	09 57 09.5698	-06 19 01.769	09570956-0619017 	17.457	0.249	16.522	0.220	15.569	0.232	DDD	222	111	000	0	0
	149.277697	-6.341259	0.9260	09 57 06.6473	-06 20 28.532	09570664-0620285 	16.032	0.078	15.214	0.082	15.125	0.137	AAB	222	111	000	0	0
	189.875533	32.661373	0.6610	12 39 30.1279	+32 39 40.943	12393012+3239409 	14.138	0.028	13.473	0.031	13.307	0.041	AAA	222	111	000	0	0
	201.785228	34.402588	0.5590	13 27 08.4547	+34 24 09.317	13270845+3424093 	15.839	0.068	15.191	0.069	14.861	0.083	AAA	222	111	000	0	0
	201.771891	34.381329	0.8850	13 27 05.2538	+34 22 52.784	13270525+3422527 	10.946	0.025	10.579	0.027	10.500	0.020	AAA	222	111	000	0	0
	218.489704	72.954033	0.2570	14 33 57.5290	+72 57 14.519	14335752+7257145 	16.503	0.124	15.637	0.123	15.555	0.225	BBD	222	111	000	0	0
	218.461116	72.961456	0.7080	14 33 50.6678	+72 57 41.242	14335066+7257412 	15.267	0.049	14.583	0.056	14.377	0.086	AAA	222	111	000	0	0
	218.541785	72.957314	0.7540	14 34 10.0284	+72 57 26.330	14341002+7257263 	14.180	0.029	13.539	0.035	13.380	0.046	AAA	222	111	000	0	0
	226.337434	-25.414316	0.3500	15 05 20.9842	-25 24 51.538	15052098-2524515 	16.566	0.132	16.302	0.180	16.309	0.000	BCU	220	110	000	0	0
	226.348407	-25.418924	0.3880	15 05 23.6177	-25 25 08.126	15052361-2525081 	15.097	0.050	14.679	0.039	14.469	0.079	AAA	222	111	000	0	0
	226.340690	-25.407328	0.4310	15 05 21.7656	-25 24 26.381	15052176-2524263 	16.360	0.114	15.863	0.122	15.542	0.189	BBC	222	111	000	0	0
	226.336970	-25.429150	0.9880	15 05 20.8728	-25 25 44.940	15052087-2525449 	16.455	0.132	15.862	0.134	15.582	0.198	BBD	222	111	000	0	0
	232.684289	-21.228443	0.7070	15 30 44.2294	-21 13 42.395	15304422-2113423 	15.912	0.079	15.691	0.134	15.281	0.200	ABC	222	111	000	0	0
	232.674000	-21.251810	0.8090	15 30 41.7600	-21 15 06.516	15304176-2115065 	16.121	0.096	15.850	0.157	15.629	0.285	ACD	222	111	000	0	0
	232.694386	-21.241613	0.8630	15 30 46.6526	-21 14 29.807	15304665-2114298 	15.675	0.066	15.233	0.086	15.190	0.159	AAC	222	111	000	0	0
	232.693976	-21.243790	0.8720	15 30 46.5542	-21 14 37.644	15304655-2114376 	15.202	0.051	14.774	0.062	14.794	0.115	AAB	222	111	000	0	0
	274.152358	45.173500	0.1820	18 16 36.5659	+45 10 24.600	18163656+4510246 	15.630	0.060	15.259	0.100	15.223	0.207	AAC	222	111	000	0	0
	274.139465	45.178829	0.4680	18 16 33.4716	+45 10 43.784	18163347+4510437 	14.924	0.039	14.249	0.043	14.190	0.083	AAA	222	111	000	0	0
	274.162010	45.171364	0.5860	18 16 38.8824	+45 10 16.910	18163888+4510169 	15.552	0.061	15.399	0.113	15.133	0.191	ABC	222	111	000	0	0
	274.165642	45.167446	0.8430	18 16 39.7541	+45 10 02.806	18163975+4510028 	16.522	0.136	15.839	0.173	15.422	0.000	BCU	220	110	000	0	0
	274.143701	45.191090	0.9470	18 16 34.4882	+45 11 27.924	18163448+4511279 	16.402	0.119	15.671	0.139	15.789	0.343	BBD	222	111	000	0	0
	288.365486	37.537445	0.0540	19 13 27.7166	+37 32 14.802	19132771+3732148 	15.044	0.050	14.500	0.057	14.274	0.074	AAA	222	111	000	0	0
	288.365530	37.539951	0.1940	19 13 27.7272	+37 32 23.824	19132772+3732238 	15.843	0.067	15.410	0.098	14.964	0.125	AAB	222	111	000	0	0
	288.358902	37.535271	0.3590	19 13 26.1365	+37 32 06.976	19132613+3732069 	15.852	0.067	15.175	0.076	15.141	0.135	AAB	222	111	000	0	0
	288.363229	37.529457	0.4610	19 13 27.1750	+37 31 46.045	19132717+3731460 	14.351	0.029	14.010	0.036	13.951	0.050	AAA	222	111	000	0	0
	288.366741	37.545959	0.5520	19 13 28.0178	+37 32 45.452	19132801+3732454 	14.664	0.030	14.353	0.045	14.262	0.057	AAA	222	111	000	0	0
	288.361109	37.525845	0.6990	19 13 26.6662	+37 31 33.042	19132666+3731330 	12.201	0.022	11.902	0.022	11.894	0.018	AAA	222	111	000	0	0
	288.384208	37.539684	0.8740	19 13 32.2099	+37 32 22.862	19133220+3732228 	16.444	0.094	15.210	0.000	15.214	0.000	BUU	200	200	c00	0	0
	288.384827	37.533958	0.9010	19 13 32.3585	+37 32 02.249	19133235+3732022 	15.415	0.046	14.940	0.068	14.766	0.097	AAA	222	111	000	0	0
	288.384516	37.540897	0.9050	19 13 32.2838	+37 32 27.229	19133228+3732272 	15.526	0.063	15.184	0.089	15.368	0.174	AAC	222	211	c00	0	0
	288.373415	37.551392	0.9420	19 13 29.6196	+37 33 05.011	19132961+3733050 	15.343	0.047	15.039	0.070	14.948	0.117	AAB	222	111	000	0	0
	292.282211	66.511391	0.2550	19 29 07.7306	+66 30 41.008	19290773+6630410 	16.756	0.162	16.667	0.310	16.672	0.000	CDU	220	110	000	0	0
	292.285836	66.507614	0.4960	19 29 08.6006	+66 30 27.410	19290860+6630274 	16.357	0.109	15.832	0.147	15.099	0.000	ABU	220	110	000	0	0
	292.312669	66.513565	0.7880	19 29 15.0406	+66 30 48.834	19291504+6630488 	16.719	0.135	16.183	0.000	15.344	0.000	BUU	200	100	000	0	0
	292.315747	66.522064	0.9380	19 29 15.7793	+66 31 19.430	19291577+6631194 	16.444	0.112	16.282	0.208	15.572	0.244	BDD	222	111	000	0	0
	292.683134	62.088036	0.3020	19 30 43.9522	+62 05 16.930	19304395+6205169 	14.768	0.035	14.494	0.050	14.758	0.137	AAB	222	111	000	0	0
	292.686067	62.095245	0.3180	19 30 44.6561	+62 05 42.882	19304465+6205428 	13.469	0.024	13.191	0.024	13.141	0.039	AAA	222	111	000	0	0
	292.692892	62.086433	0.5650	19 30 46.2941	+62 05 11.159	19304629+6205111 	16.321	0.120	15.576	0.000	15.257	0.000	BUU	200	100	000	0	0
	292.675547	62.101593	0.5690	19 30 42.1313	+62 06 05.735	19304213+6206057 	14.230	0.029	13.756	0.035	13.590	0.060	AAA	222	111	000	0	0
	292.685366	62.105007	0.8080	19 30 44.4878	+62 06 18.025	19304448+6206180 	12.617	0.024	12.352	0.026	12.271	0.029	AAA	222	121	0c0	0	0
	292.689000	62.104855	0.8360	19 30 45.3600	+62 06 17.478	19304536+6206174 	14.860	0.040	14.627	0.052	14.619	0.124	AAB	222	121	ccc	0	0
	316.095373	28.516304	0.2740	21 04 22.8895	+28 30 58.694	21042288+2830586 	12.701	0.023	12.147	0.021	12.013	0.023	AAA	222	111	000	0	0
	316.104021	28.511904	0.3060	21 04 24.9650	+28 30 42.854	21042496+2830428 	16.719	0.143	16.163	0.180	15.675	0.000	CCU	220	110	000	0	0
	316.094504	28.520985	0.4380	21 04 22.6810	+28 31 15.546	21042268+2831155 	14.423	0.029	14.015	0.033	13.858	0.050	AAA	222	111	000	0	0
	316.096280	28.522673	0.4600	21 04 23.1072	+28 31 21.623	21042310+2831216 	14.099	0.028	13.524	0.030	13.392	0.041	AAA	222	111	000	0	0
	316.108349	28.519917	0.4740	21 04 26.0038	+28 31 11.701	21042600+2831117 	17.184	0.226	16.498	0.235	15.514	0.205	DDD	222	111	000	0	0
	316.109997	28.517178	0.5030	21 04 26.3993	+28 31 01.841	21042639+2831018 	16.333	0.122	15.999	0.152	15.343	0.190	BBC	222	111	000	0	0
	316.103312	28.507856	0.5090	21 04 24.7949	+28 30 28.282	21042479+2830282 	16.692	0.150	16.125	0.173	15.362	0.000	BCU	220	110	000	0	0
	316.091831	28.523212	0.6320	21 04 22.0394	+28 31 23.563	21042203+2831235 	16.117	0.089	15.837	0.143	15.568	0.220	ABD	222	111	000	0	0
	316.092583	28.507591	0.6560	21 04 22.2199	+28 30 27.328	21042221+2830273 	16.409	0.129	15.962	0.170	14.697	0.000	BCU	220	110	000	0	0
	316.111029	28.523577	0.7160	21 04 26.6470	+28 31 24.877	21042664+2831248 	14.885	0.037	14.322	0.042	14.348	0.075	AAA	222	111	000	0	0
	316.086556	28.520269	0.7810	21 04 20.7734	+28 31 12.968	21042077+2831129 	14.924	0.043	14.474	0.047	14.403	0.086	AAA	222	111	000	0	0
	316.113029	28.508799	0.7870	21 04 27.1270	+28 30 31.676	21042712+2830316 	14.546	0.034	13.899	0.033	13.755	0.049	AAA	222	111	000	0	0
	316.101322	28.502621	0.8030	21 04 24.3173	+28 30 09.436	21042431+2830094 	14.347	0.027	13.818	0.037	13.706	0.047	AAA	222	111	000	0	0
	316.105702	28.528715	0.8100	21 04 25.3685	+28 31 43.374	21042536+2831433 	14.237	0.028	13.954	0.036	13.922	0.057	AAA	222	111	000	0	0
	316.087543	28.524626	0.8600	21 04 21.0103	+28 31 28.654	21042101+2831286 	14.643	0.034	13.905	0.029	13.705	0.042	AAA	222	111	000	0	0
	316.089414	28.503454	0.9550	21 04 21.4594	+28 30 12.434	21042145+2830124 	16.437	0.122	15.780	0.121	15.486	0.000	BBU	220	110	000	0	0
	318.763954	67.043701	0.3020	21 15 03.3490	+67 02 37.324	21150334+6702373 	14.850	0.044	14.076	0.059	13.931	0.062	AAA	222	111	000	0	0
	318.741644	67.037682	0.3550	21 14 57.9946	+67 02 15.655	21145799+6702156 	12.979	0.028	12.236	0.031	11.993	0.026	AAA	222	111	000	0	0
	318.768312	67.042183	0.3890	21 15 04.3949	+67 02 31.859	21150439+6702318 	16.363	0.122	15.364	0.128	14.942	0.140	BBB	222	111	000	0	0
	318.747338	67.048615	0.4030	21 14 59.3611	+67 02 55.014	21145936+6702550 	15.434	0.059	14.590	0.070	14.332	0.080	AAA	222	111	000	0	0
	318.769831	67.037224	0.5160	21 15 04.7594	+67 02 14.006	21150475+6702140 	16.866	0.197	15.478	0.144	15.277	0.186	DBC	222	111	000	0	0
	318.725408	67.041191	0.6180	21 14 54.0979	+67 02 28.288	21145409+6702282 	13.748	0.029	13.071	0.032	12.817	0.033	AAA	222	111	000	0	0
	318.750326	67.031822	0.6180	21 15 00.0782	+67 01 54.559	21150007+6701545 	16.762	0.201	15.605	0.155	15.254	0.198	CCC	222	111	000	0	0
	318.789466	67.039017	0.9030	21 15 09.4718	+67 02 20.461	21150947+6702204 	14.533	0.039	13.872	0.049	13.767	0.058	AAA	222	111	000	0	0
	318.786214	67.050201	0.9420	21 15 08.6914	+67 03 00.724	21150869+6703007 	16.150	0.130	15.299	0.119	15.170	0.181	BBC	222	111	000	0	0
	318.752171	67.025711	0.9840	21 15 00.5210	+67 01 32.560	21150052+6701325 	15.615	0.085	14.914	0.086	14.647	0.112	AAB	222	111	000	0	0
	326.263852	21.968988	0.2190	21 45 03.3245	+21 58 08.357	21450332+2158083 	13.975	0.031	13.620	0.046	13.437	0.034	AAA	222	111	000	0	0
	326.271103	21.977043	0.4800	21 45 05.0647	+21 58 37.355	21450506+2158373 	15.449	0.070	15.090	0.088	14.993	0.113	AAB	222	111	000	0	0
	326.280290	21.970242	0.7010	21 45 07.2696	+21 58 12.871	21450726+2158128 	16.256	0.121	15.889	0.186	15.627	0.200	BCC	222	111	000	0	0
	326.262604	21.983965	0.9020	21 45 03.0250	+21 59 02.274	21450302+2159022 	16.381	0.128	16.248	0.000	15.841	0.243	BUD	202	101	000	0	0
	332.536151	57.216850	0.0570	22 10 08.6762	+57 13 00.660	22100867+5713006 	13.014	0.024	12.509	0.032	12.285	0.029	AAA	222	111	000	0	0
	332.534025	57.215294	0.0800	22 10 08.1660	+57 12 55.058	22100816+5712550 	16.007	0.094	15.536	0.134	15.003	0.141	ABB	222	111	ccc	0	0
	332.529264	57.217587	0.1790	22 10 07.0234	+57 13 03.313	22100702+5713033 	14.063	0.032	13.625	0.039	13.515	0.044	AAA	222	111	000	0	0
	332.531809	57.212929	0.2370	22 10 07.6342	+57 12 46.544	22100763+5712465 	16.057	0.097	15.421	0.111	15.315	0.188	ABC	222	111	000	0	0
	332.537291	57.211033	0.3470	22 10 08.9498	+57 12 39.719	22100894+5712397 	14.160	0.024	13.690	0.043	13.629	0.045	AAA	222	111	000	0	0
	332.548554	57.214928	0.4690	22 10 11.6530	+57 12 53.741	22101165+5712537 	15.358	0.066	14.963	0.092	14.885	0.135	AAB	222	111	000	0	0
	332.542582	57.223087	0.4700	22 10 10.2197	+57 13 23.113	22101021+5713231 	13.618	0.027	13.288	0.038	13.090	0.033	AAA	222	111	000	0	0
	332.524470	57.222839	0.4950	22 10 05.8728	+57 13 22.220	22100587+5713222 	14.275	0.048	13.981	0.068	13.907	0.062	AAA	222	121	0c0	0	0
	332.517842	57.217667	0.5430	22 10 04.2821	+57 13 03.601	22100428+5713036 	16.265	0.128	15.679	0.168	15.597	0.248	BCD	222	111	000	0	0
	332.523892	57.224007	0.5610	22 10 05.7341	+57 13 26.425	22100573+5713264 	14.900	0.052	14.074	0.055	13.678	0.078	AAA	222	121	cc0	0	0
	332.525787	57.207756	0.6010	22 10 06.1889	+57 12 27.922	22100618+5712279 	16.635	0.150	15.900	0.178	15.848	0.000	CCU	220	110	000	0	0
	332.517833	57.222141	0.6340	22 10 04.2799	+57 13 19.708	22100427+5713197 	15.885	0.094	15.445	0.139	15.040	0.156	ABC	222	111	000	0	0
	332.554650	57.213730	0.6780	22 10 13.1160	+57 12 49.428	22101311+5712494 	15.291	0.052	14.863	0.075	14.548	0.101	AAA	222	111	000	0	0
	332.554335	57.221153	0.7010	22 10 13.0404	+57 13 16.151	22101304+5713161 	16.055	0.102	15.517	0.131	15.190	0.178	ABC	222	111	000	0	0
	332.552533	57.209930	0.7110	22 10 12.6079	+57 12 35.748	22101260+5712357 	16.244	0.107	15.628	0.134	15.567	0.237	BBD	222	111	000	0	0
	332.538494	57.204819	0.7200	22 10 09.2386	+57 12 17.348	22100923+5712173 	13.780	0.029	13.452	0.039	13.266	0.037	AAA	222	111	000	0	0
	332.522705	57.206074	0.7390	22 10 05.4492	+57 12 21.866	22100544+5712218 	14.382	0.031	13.891	0.040	13.806	0.046	AAA	222	111	000	0	0
	332.558548	57.217426	0.7840	22 10 14.0515	+57 13 02.734	22101405+5713027 	16.292	0.124	15.986	0.199	15.899	0.000	BCU	220	110	000	0	0
	332.526197	57.229744	0.8320	22 10 06.2873	+57 13 47.078	22100628+5713470 	13.612	0.024	13.415	0.037	13.265	0.034	AAA	222	111	000	0	0
	332.557406	57.222813	0.8330	22 10 13.7774	+57 13 22.127	22101377+5713221 	14.450	0.036	14.044	0.043	13.831	0.053	AAA	222	111	000	0	0
	332.526097	57.203243	0.8470	22 10 06.2633	+57 12 11.675	22100626+5712116 	14.322	0.043	13.750	0.050	13.579	0.050	AAA	222	111	000	0	0
	332.519040	57.228558	0.8740	22 10 04.5696	+57 13 42.809	22100456+5713428 	16.254	0.124	15.795	0.188	15.135	0.000	BCU	220	110	000	0	0
	332.535745	57.231396	0.8880	22 10 08.5788	+57 13 53.026	22100857+5713530 	16.434	0.135	15.894	0.178	15.578	0.239	BCD	222	111	ccc	0	0
	332.549503	57.229206	0.9000	22 10 11.8807	+57 13 45.142	22101188+5713451 	16.163	0.111	15.484	0.152	15.199	0.175	BBC	222	111	000	0	0
	332.539762	57.231899	0.9330	22 10 09.5429	+57 13 54.836	22100954+5713548 	16.143	0.105	15.789	0.169	15.644	0.239	ACD	222	111	000	0	0
	332.551328	57.203972	0.9360	22 10 12.3187	+57 12 14.299	22101231+5712142 	14.032	0.038	13.586	0.045	13.412	0.048	AAA	222	111	000	0	0
	332.506586	57.222103	0.9640	22 10 01.5806	+57 13 19.571	22100158+5713195 	14.830	0.041	14.477	0.066	14.147	0.075	AAA	222	111	ccc	0	0
	332.533478	57.232723	0.9670	22 10 08.0347	+57 13 57.803	22100803+5713578 	12.883	0.026	12.624	0.035	12.406	0.025	AAA	222	111	000	0	0
	332.519379	57.230705	0.9770	22 10 04.6510	+57 13 50.538	22100465+5713505 	15.758	0.077	15.233	0.108	15.041	0.150	AAC	222	111	000	0	0
	332.554097	57.203934	0.9930	22 10 12.9833	+57 12 14.162	22101298+5712141 	16.421	0.157	15.572	0.133	15.348	0.198	CBC	222	111	ccc	0	0
	332.503989	57.215237	0.9930	22 10 00.9574	+57 12 54.853	22100095+5712548 	16.647	0.168	15.883	0.179	15.588	0.236	CCD	222	111	000	0	0
	332.538007	57.200108	0.9970	22 10 09.1217	+57 12 00.389	22100912+5712003 	16.541	0.141	15.581	0.141	15.394	0.191	BBC	222	111	000	0	0
	351.681664	62.723030	0.2420	23 26 43.5994	+62 43 22.908	23264359+6243229 	16.336	0.113	15.822	0.160	16.596	0.000	BCU	220	110	cc0	0	0
	351.661858	62.721054	0.3220	23 26 38.8459	+62 43 15.794	23263884+6243157 	14.806	0.037	14.167	0.049	13.944	0.055	AAA	222	111	000	0	0
	351.683382	62.720142	0.3330	23 26 44.0117	+62 43 12.511	23264401+6243125 	16.378	0.130	15.463	0.133	15.415	0.199	BBC	222	211	c0c	0	0
	351.671040	62.717098	0.3520	23 26 41.0496	+62 43 01.553	23264104+6243015 	16.260	0.000	15.539	0.140	14.990	0.000	UBU	626	020	0c0	0	0
	351.671064	62.717072	0.3530	23 26 41.0554	+62 43 01.459	23264105+6243014 	16.264	0.000	15.763	0.149	14.983	0.000	UCU	626	020	0c0	0	0
	351.659929	62.722950	0.3560	23 26 38.3830	+62 43 22.620	23263838+6243226 	15.675	0.067	14.957	0.084	14.750	0.000	AAU	226	210	c00	0	0
	351.681958	62.718643	0.3570	23 26 43.6699	+62 43 07.115	23264366+6243071 	16.166	0.102	15.648	0.141	15.358	0.182	ABC	222	211	c00	0	0
	351.689736	62.722652	0.4640	23 26 45.5366	+62 43 21.547	23264553+6243215 	12.458	0.025	11.394	0.031	11.068	0.027	AAA	222	122	0cc	0	0
	351.690518	62.724258	0.4920	23 26 45.7243	+62 43 27.329	23264572+6243273 	14.412	0.032	13.953	0.043	13.731	0.064	AAA	222	122	ccc	0	0
	351.653632	62.720478	0.5490	23 26 36.8717	+62 43 13.721	23263687+6243137 	16.469	0.141	15.790	0.000	15.641	0.248	BUD	202	101	000	0	0
	351.662719	62.714924	0.5540	23 26 39.0526	+62 42 53.726	23263905+6242537 	15.664	0.065	15.125	0.091	14.671	0.104	AAA	222	111	000	0	0
	351.692279	62.726753	0.5820	23 26 46.1470	+62 43 36.311	23264614+6243363 	16.133	0.100	15.248	0.100	15.030	0.133	AAB	222	111	000	0	0
	351.655537	62.728558	0.5850	23 26 37.3289	+62 43 42.809	23263732+6243428 	13.153	0.022	12.665	0.033	12.493	0.028	AAA	222	111	000	0	0
	351.668211	62.713333	0.5880	23 26 40.3706	+62 42 47.999	23264037+6242479 	16.070	0.092	15.666	0.138	15.429	0.202	ABC	222	121	cc0	0	0
	351.676698	62.712990	0.6040	23 26 42.4075	+62 42 46.764	23264240+6242467 	16.888	0.198	15.801	0.167	15.508	0.221	CCD	222	111	000	0	0
	351.664502	62.713139	0.6290	23 26 39.4805	+62 42 47.300	23263948+6242473 	14.748	0.044	14.511	0.059	14.166	0.072	AAA	222	121	0c0	0	0
	351.692403	62.729176	0.6560	23 26 46.1767	+62 43 45.034	23264617+6243450 	16.359	0.123	16.033	0.175	15.432	0.204	BCC	222	111	000	0	0
	351.656538	62.714565	0.6720	23 26 37.5691	+62 42 52.434	23263756+6242524 	16.084	0.092	15.576	0.137	15.146	0.000	ABU	220	210	c00	0	0
	351.666205	62.734299	0.7080	23 26 39.8892	+62 44 03.476	23263988+6244034 	12.995	0.022	12.678	0.030	12.504	0.030	AAA	222	111	000	0	0
	351.650418	62.717079	0.7090	23 26 36.1003	+62 43 01.484	23263610+6243014 	16.883	0.180	15.792	0.167	15.440	0.199	CCC	222	111	000	0	0
	351.657449	62.713150	0.7230	23 26 37.7878	+62 42 47.340	23263778+6242473 	16.650	0.157	15.571	0.132	14.804	0.000	CBU	220	210	c00	0	0
	351.645785	62.718414	0.7920	23 26 34.9884	+62 43 06.290	23263498+6243062 	15.957	0.083	15.331	0.111	15.220	0.166	ABC	222	222	ccc	0	0
	351.648657	62.731693	0.8490	23 26 35.6777	+62 43 54.095	23263567+6243540 	14.945	0.044	13.912	0.041	13.684	0.050	AAA	222	111	000	0	0
	351.643761	62.718159	0.8500	23 26 34.5026	+62 43 05.372	23263450+6243053 	15.456	0.079	14.807	0.096	14.586	0.107	AAA	222	222	ccc	0	0
	351.639772	62.724014	0.9120	23 26 33.5453	+62 43 26.450	23263354+6243264 	16.603	0.151	16.094	0.204	15.603	0.226	CCD	222	111	000	0	0
	351.704476	62.729355	0.9510	23 26 49.0742	+62 43 45.678	23264907+6243456 	15.790	0.084	15.190	0.101	15.287	0.204	AAC	222	111	000	0	0
	351.637948	62.726994	0.9910	23 26 33.1075	+62 43 37.178	23263310+6243371 	15.492	0.060	15.007	0.085	14.888	0.126	AAB	222	111	ccc	0	0
	358.570803	-22.832966	0.1970	23 54 16.9927	-22 49 58.678	23541699-2249586 	16.884	0.151	16.515	0.000	16.661	0.000	CUU	200	100	000	0	0
IRAS Point Source Catalog, Version 2.0

	IRAS 00303+6923	00 33 20.8	+69 40 29	2.500e-01	2.500e-01	4.000e-01	2.958e+00	6.891 (00 32 41.2477, 69 46 28.047)
	IRAS 00285+6934	00 31 30.7	+69 51 32	2.500e-01	2.500e-01	4.043e-01	2.282e+00	7.922 (00 32 41.2477, 69 46 28.047)
	IRAS 00274+6930	00 30 24.5	+69 47 31	2.852e-01	2.500e-01	4.000e-01	8.622e+00	11.864 (00 32 41.2477, 69 46 28.047)
	IRAS 00322+6927	00 35 17.3	+69 44 17	2.500e-01	1.921e-01	1.571e+00	3.459e+00	13.671 (00 32 41.2477, 69 46 28.047)
	IRAS 01388+6250	01 42 21.7	+63 05 09	4.940e-01	2.500e-01	4.538e-01	3.400e+00	4.278 (01 41 45.761, 63 03 49.445)
	IRAS 01393+6249	01 42 50.8	+63 04 34	2.777e-01	2.500e-01	5.277e-01	6.716e+00	7.404 (01 41 45.761, 63 03 49.445)
	IRAS 01377+6239	01 41 13.1	+62 54 57	7.565e-01	3.150e-01	4.000e-01	3.845e+00	9.617 (01 41 45.761, 63 03 49.445)
	IRAS 01400+6247	01 43 33.2	+63 02 51	6.659e-01	2.500e-01	4.575e-01	3.500e+00	12.212 (01 41 45.761, 63 03 49.445)
	IRAS 02120+5216	02 15 27.2	+52 30 30	1.314e+00	3.620e-01	4.000e-01	1.209e+00	9.205 (02 14 55.2741, 52 22 40.912)
	IRAS 04128+6103	04 17 13.0	+61 11 03	2.500e-01	2.500e-01	6.349e-01	2.203e+00	9.835 (04 15 51.63, 61 11 51.8)
	IRAS 04105+6113	04 14 55.7	+61 21 22	6.885e-01	2.760e-01	4.000e-01	2.496e+00	11.637 (04 15 51.63, 61 11 51.8)
	IRAS 15032-2510	15 06 11.4	-25 22 13	2.500e-01	5.155e-01	4.000e-01	2.299e+00	11.352 (15 05 22.529, -25 24 50.1)
	IRAS 15282-2051	15 31 10.2	-21 01 32	2.500e-01	5.056e-01	4.147e-01	1.388e+00	14.305 (15 30 43.00, -21 14 21.2)
	IRAS 18140+4511	18 15 32.2	+45 12 34	5.313e-01	2.500e-01	4.000e-01	1.000e+00	11.399 (18 16 35.93477, 45 10 33.22)
	IRAS 19266+6620	19 26 47.9	+66 27 01	3.478e-01	2.905e-01	3.114e-01	1.670e+00	14.439 (19 29 07.22, 66 30 56.0)
	IRAS 19314+6150	19 32 05.3	+61 57 30	8.831e-01	2.501e-01	4.000e-01	1.000e+00	12.612 (19 30 42.45, 62 05 31.7)
	IRAS 21021+2809	21 04 16.0	+28 21 37	7.728e-01	2.747e-01	4.000e-01	1.099e+00	9.503 (21 04 24.133, 28 30 57.58)
	IRAS 21151+6648	21 15 59.8	+67 01 01	8.372e-01	2.414e-01	4.000e-01	3.406e+00	5.983 (21 15 00.41, 67 02 31.6)
	IRAS 22091+5651	22 10 54.7	+57 06 08	6.029e-01	2.500e-01	5.188e-01	2.839e+01	9.317 (22 10 08.27, 57 12 59.8)
	IRAS 22083+5644	22 10 04.7	+56 59 04	3.032e-01	2.500e-01	5.169e-01	2.421e+01	13.935 (22 10 08.27, 57 12 59.8)
	IRAS 22101+5656	22 11 56.9	+57 11 16	2.500e-01	2.500e-01	1.008e+00	1.036e+01	14.810 (22 10 08.27, 57 12 59.8)
	IRAS 23246+6231	23 26 53.9	+62 48 31	2.500e-01	2.500e-01	4.357e+00	2.973e+01	5.334 (23 26 41.488, 62 43 22.45)
	IRAS 23256+6229	23 27 51.8	+62 45 39	4.416e+00	2.607e+00	7.186e-01	3.151e+01	8.370 (23 26 41.488, 62 43 22.45)
	IRAS 23234+6233	23 25 42.7	+62 49 32	1.720e+00	2.500e-01	1.225e+00	1.144e+01	9.122 (23 26 41.488, 62 43 22.45)
	IRAS 23255+6234	23 27 47.2	+62 51 05	9.371e-01	2.500e-01	1.396e+00	2.974e+01	10.769 (23 26 41.488, 62 43 22.45)
	IRAS 23238+6239	23 26 02.6	+62 55 39	3.334e-01	1.701e-01	1.858e+00	2.632e+01	13.060 (23 26 41.488, 62 43 22.45)
IRAS Serendipitous Survey Catalog

	IRAS S21151+6648	21 16 01.4	+67 01 04	8.463e-01	2.450e-01	1.805e-01	1.080e+00	6.123 (21 15 00.41, 67 02 31.6)
	IRAS S21139+6702	21 14 47.1	+67 15 04	9.839e-02	1.086e-01	1.648e-01	1.080e+00	12.600 (21 15 00.41, 67 02 31.6)
	IRAS S23243+6229	23 26 33.3	+62 45 47	2.551e-01	1.181e-01	3.830e-01	3.324e+00	2.580 (23 26 41.488, 62 43 22.45)
	IRAS S23246+6231	23 26 55.7	+62 47 50	1.098e-01	1.286e-01	3.944e-01	2.817e+01	4.743 (23 26 41.488, 62 43 22.45)
	IRAS S23246+6231	23 26 54.7	+62 47 58	1.089e-01	1.181e-01	3.830e-01	2.319e+01	4.831 (23 26 41.488, 62 43 22.45)
	IRAS S23241+6221	23 26 21.0	+62 37 52	1.089e-01	1.181e-01	5.512e-01	3.324e+00	5.982 (23 26 41.488, 62 43 22.45)
	IRAS S23251+6221	23 27 22.1	+62 38 15	1.089e-01	1.181e-01	1.054e+00	3.324e+00	6.928 (23 26 41.488, 62 43 22.45)
	IRAS S23254+6228	23 27 44.4	+62 44 51	4.660e+00	2.917e+00	3.830e-01	3.324e+00	7.351 (23 26 41.488, 62 43 22.45)
	IRAS S23256+6229	23 27 56.4	+62 45 56	4.469e+00	2.979e+00	3.944e-01	3.769e+00	8.948 (23 26 41.488, 62 43 22.45)
	IRAS S23244+6236	23 26 42.4	+62 53 09	1.663e-01	1.286e-01	3.944e-01	3.769e+00	9.772 (23 26 41.488, 62 43 22.45)
	IRAS S23250+6217	23 27 15.6	+62 34 09	1.934e-01	1.181e-01	3.830e-01	3.324e+00	10.023 (23 26 41.488, 62 43 22.45)
	IRAS S23255+6233	23 27 45.8	+62 50 28	1.098e-01	1.286e-01	2.104e+00	3.769e+00	10.221 (23 26 41.488, 62 43 22.45)
	IRAS S23251+6238	23 27 21.4	+62 54 39	1.546e-01	1.286e-01	3.944e-01	3.769e+00	12.165 (23 26 41.488, 62 43 22.45)
	IRAS S23229+6220	23 25 10.3	+62 37 02	1.172e-01	1.181e-01	3.830e-01	5.079e+00	12.235 (23 26 41.488, 62 43 22.45)
	IRAS S23238+6238	23 26 06.2	+62 55 24	3.698e-01	2.458e-01	2.614e+00	2.983e+01	12.688 (23 26 41.488, 62 43 22.45)
	IRAS S23238+6239	23 26 04.9	+62 55 31	3.989e-01	1.181e-01	2.592e+00	2.496e+01	12.846 (23 26 41.488, 62 43 22.45)
	IRAS S23246+6212	23 26 55.4	+62 29 04	1.190e-01	1.181e-01	3.830e-01	3.324e+00	14.399 (23 26 41.488, 62 43 22.45)
	IRAS S23248+6241	23 27 08.4	+62 57 32	1.098e-01	1.286e-01	2.064e+00	1.877e+01	14.487 (23 26 41.488, 62 43 22.45)
