O5 0.39 0.62 0.37 0.35 0.20 0.23 0.13 4.50
O9 0.32 0.62 0.35 0.36 0.24 0.16 0.11 3.81
B0 0.25 0.59 0.35 0.32 0.19 0.11 0.04 2.80
B1 0.13 0.49 0.33 0.26 0.13 0.06 0.03 2.03
B3 0.18 0.46 0.26 0.26 0.20 0.22 0.08 1.55
B5/7 0.51 0.39 0.23 0.23 0.27 0.01 0.02 1.37
B8 0.75 0.33 0.23 0.17 0.28 0.02 0.02 1.21
B9 0.86 0.28 0.23 0.18 0.36 0.03 0.01 0.53
A0 1.09 0.25 0.18 0.17 0.46 0.02 0.03 0.43
A2 1.16 0.23 0.17 0.15 0.38 0.10 0.01 1.17
A3 1.15 0.16 0.15 0.15 0.39 0.14 0.02 1.25
A5 1.20 0.10 0.11 0.10 0.55 0.09 0.01 1.38
A7 1.21 0.02 0.08 0.08 0.53 0.13 0.03 1.73
F0 1.16 0.10 0.01 0.09 0.59 0.16 0.02 2.43
F2 1.12 0.19 0.03 0.02 0.52 0.04 0.00 2.63
F5 1.09 0.26 0.03 0.02 0.71 0.22 0.00 2.62
F6 1.14 0.28 0.08 0.01 0.72 0.23 0.01 2.90
F8 1.22 0.36 0.10 0.03 0.74 0.23 0.00 2.98
G0 1.30 0.38 0.14 0.02 0.71 0.28 0.00 3.18
G2 1.37 0.45 0.16 0.04 0.84 0.35 0.00 3.45
G5 1.49 0.49 0.16 0.06 0.78 0.29 0.03 3.54
G8 1.60 0.57 0.19 0.06 0.87 0.37 0.04 3.85
K0 1.68 0.62 0.22 0.07 0.84 0.47 0.07 4.17
K2 1.95 0.78 0.24 0.11 0.99 0.51 0.07 4.50
K3 2.10 0.85 0.32 0.13 0.99 0.58 0.01 4.94
K4 2.21 1.00 0.38 0.16 1.01 0.59 0.10 5.21
K5 2.54 1.18 0.40 0.20 1.06 0.62 0.10 5.45
K7 2.56 1.34 0.54 0.30 1.01 0.60 0.11 5.77
M0 2.65 1.31 0.64 0.38 1.29 0.68 0.15 5.72
M1 2.72 1.33 0.78 0.46 1.20 0.67 0.25 6.04
M2 2.59 1.43 0.85 0.52 1.33 0.69 0.15 6.23
M2.5 2.74 1.47 1.01 0.63 1.32 0.66 0.18 6.51
M3 2.67 1.46 1.20 0.67 1.37 0.65 0.20 6.77
M4 3.13 1.48 1.51 0.76 1.56 0.63 0.23 7.06
M5 3.05 1.59 1.73 0.94 1.96 0.86 0.24 7.39
M6 2.99 1.72 2.12 1.24 2.31 0.66 0.32 7.72
