2.833319945895029 55.224936 56909.69875613172 377.699
-13.239827666982658 32.020092 56909.69875624974 324.791
-146.506276789225 81.23856 57059.72387023676 378.177
-84.13955850795202 63.56485200000001 57059.72387045413 324.648
21.876590875568375 61.641918000000004 57059.74097511906 378.175
28.81498595009248 48.289410000000004 57059.74097530251 324.795
-2.916147480408363 52.556595 57059.744585002976 378.013
-12.15336336665672 64.64515200000001 57059.74458516053 324.807
-41.40833524040883 61.274616 57060.87524632079 324.812
-22.853328703893432 68.804307 57061.902727330096 378.397
-25.35387991567713 62.592582 57061.902727535984 324.835
52.33575401234737 61.79316000000001 57061.906164231164 378.45
51.738894069800885 43.471272000000006 57061.90616445019 324.81
21.410815954620016 53.334410999999996 57062.739074466954 378.265
6.306646697195674 50.514828 57062.73907468583 324.693
17.998063811569345 53.064336 57062.742496242325 324.753
37.19192934074821 54.792816 57063.19874501287 378.224
47.8074745532767 48.13816800000001 57063.198745174195 324.925
86.89310106390268 53.107548 57063.20227008822 378.315
29.387207736481574 50.709282 57063.202270259215 324.936
-133.8187292012799 89.275992 57063.20591655326 378.512
55.23654834702033 58.390215 57063.20591674854 324.965
24.997397675597846 46.949838 57063.53834242281 324.795
2.34427791883643 84.414642 57063.54044577872 378.242
10.946098851244304 58.022913 57063.540445971055 324.798
45.72963237701555 62.614188000000006 57089.35279872765 377.902
56.15284529587982 53.831349 57089.35279886936 324.809
17.21069249981381 52.71864 57089.820126802515 378.173
-2.071301414022761 79.682928 57090.56651055615 378.082
90.50071981992261 44.637996 57090.566510739474 324.742
-22.415478175275894 50.579646000000004 57092.2683972575 325.026
-82.36188154846434 71.569875 57093.12337682746 378.277
54.5038647132789 50.536434 57093.123377011434 324.865
-41.88491360134591 63.99697200000001 57093.21238317761 377.925
24.04999938320649 37.291956000000006 57093.21238330849 324.875
19.553371845717614 75.84786299999999 57093.21698041086 377.955
44.20399253752188 42.304548 57093.216980559875 324.811
-22.84944050441447 67.08663 57094.756848105666 378.384
44.73822773131581 47.371155 57094.756848329605 324.751
62.367196471146606 44.886465 57095.8148084122 378.473
55.51829868044103 48.732333000000004 57095.81480862593 324.849
34.55300514192654 41.548338 57097.126836743504 324.828
-91.3796848270213 71.893965 57121.15354495512 377.936
-17.431762354297643 41.278263 57121.15354510667 324.792
-2.9915829591238747 78.00846299999999 57122.30184893702 378.076
25.158787149501812 59.805408 57122.30184911785 324.748
-25.993859324111444 86.359182 57122.63462129872 378.384
-11.723057885824463 53.874561 57122.66484417304 378.414
97.91279264942199 45.199752000000004 57122.66484438464 324.829
-70.64492656009963 60.453588 57153.79168217794 378.313
38.37094905226323 42.12089700000001 57153.79168238294 324.797
55.90006270604726 65.736255 57215.82477721785 378.147
62.59774250273472 41.15943 57215.82477740458 324.772
109.52778701006856 69.549714 57448.137664302965 324.703
34.28609009788128 67.713204 57473.68936927985 324.541
-31.366695741265158 60.097089000000004 57475.48061595082 324.596
45.08827566523728 77.06860200000001 57505.369039809746 377.82
9.154612880774726 74.58391200000001 57505.37247593861 324.747
-12.7479654165526 61.274616 57540.71508538519 324.525
106.85686179147493 67.421523 57571.17484310231 324.625
-76.0796488457637 73.730475 57608.13818377788 377.95
-68.37656256657279 74.19500400000001 57637.982855701266 324.69
31.270247757421906 79.74774599999999 57665.92824155746 378.07
-15.085254855120162 72.282873 57665.92824176403 324.631
0.9882923712849164 33.770178 55169.17829931235 375.158
-3.840349303025511 33.813390000000005 55169.17829948208 324.824
68.71191721569593 76.59327 57211.20452512053 379.196
71.72032166594371 72.11002500000001 57211.207970531956 379.374
-4.498825056484803 47.727654 57211.2079705284 324.491
40.13184141782023 57.601596 57169.90495988776 379.676
-7.887436048845168 42.293745 57169.904959876956 324.711
-11.232619201214062 17.425239 58192.74772271033 892.655
-5.043803736650921 16.496181 58192.74772283365 845.78
-22.043776615963424 21.06585 58192.74772267795 795.755
4.006319913270615 20.104383 58192.74772266662 745.781
12.184568566379697 17.760132000000002 58192.748322491105 892.656
2.3208137435748983 14.778504 58192.748322614236 845.781
11.663587544273812 15.815592 58192.74832245886 795.755
-19.654468770412958 21.703227000000002 58192.74832244686 745.781
-8.132243126521693 19.704672 58192.748922271385 892.656
-28.121751435753346 16.290924 58192.74892239439 845.781
3.390728024605487 19.715475 58192.748922239276 795.755
-5.731538446216655 19.650657000000002 58192.74892222753 745.781
11.86097558079173 18.667584 58192.74952120017 892.656
-24.103484572796297 14.810913000000001 58192.74952132299 845.781
-8.643549692659377 20.784972 58192.74952116769 795.755
-5.081995986651425 21.357531 58192.749521156096 745.781
-3.2121781487350938 16.593408 58192.75012055453 892.656
-26.33786401807606 19.585839 58192.750120677505 845.781
-6.436873981786638 20.860592999999998 58192.75012052225 795.755
-48.052784556741614 25.81917 58192.750120510136 745.781
-21.272536526938076 16.885089 58192.750720334836 892.656
-1.6137249446561979 15.869607 58192.75072045831 845.781
17.617062655682368 21.49797 58192.75072030297 795.76
-19.345357477107225 18.862038000000002 58192.750720290984 745.781
39.15686611536938 18.635175 58192.75131926409 892.656
13.647022398738759 14.508429 58192.75131938704 845.781
30.29472168650644 19.521021 58192.75131923167 795.76
-6.1147291654268034 27.374802000000003 58192.75131921969 745.781
4.415809042902895 16.701438000000003 58192.75191947019 892.656
3.736514846294435 15.599532 58192.75191959342 845.781
3.3261088284527287 21.06585 58192.75191943793 795.755
45.464517147131936 22.772724 58192.75191942679 745.781
-27.029360540016135 18.79722 58192.75251839838 892.656
-1.6938883951282895 15.102594000000002 58192.75251852191 845.781
22.631155804717945 19.207734000000002 58192.75251836671 795.755
-11.726599150905939 24.814491 58192.75251835468 745.781
-74.27701272435769 38.339847000000006 58192.752878474595 845.78
-6.242339438481938 37.810500000000005 58192.752878308274 745.78
6.915794722577739 19.196931 58214.64268782132 892.655
-8.208841854254215 14.972958 58214.6426879444 845.78
-1.3908439885495043 16.993119 58214.642687788604 795.781
-13.94282935363733 17.155164000000003 58214.642687777254 745.781
21.779212419170225 15.599532 58214.643288017476 892.656
28.444287041968675 16.409757 58214.64328814081 845.781
-9.362792795976576 16.809468000000003 58214.643287984516 795.781
-6.431972487123984 18.602766 58214.64328797334 745.781
29.396274075136926 16.971513 58214.64388693565 892.656
-6.438536378419894 14.832519000000001 58214.6438870585 845.781
-1.115040587441029 21.033441 58214.6438869027 795.781
-9.631852355766764 19.315763999999998 58214.64388689139 745.781
52.100234217508834 29.546205000000004 58214.6442470064 845.78
-42.25059600770719 37.961742 58214.64424684945 795.78
25.318006732517127 46.118007 58214.64424683903 745.78
30.42002683840335 19.283355000000004 58009.164285342325 891.997
34.79972759917733 19.240143 58009.16428548416 843.772
-12.658346071315252 17.241588 58009.16428533824 793.43
17.90239481118479 20.158398000000002 58009.16428529621 745.525
7.558559051661968 16.906695000000003 58009.164868480555 892.061
-20.63440800830245 16.269318000000002 58009.16486862318 843.736
-7.615658014610935 17.868161999999998 58009.1648684777 793.416
-29.120533998578455 19.758687 58009.1648684351 745.512
11.234089668576985 17.144361 58009.16545119316 892.123
26.350268568178947 16.74465 58009.16545133619 843.796
52.599843941202295 18.300282000000003 58009.165451190835 793.468
-42.161572087872024 21.82206 58009.165451148634 745.488
7.980936029866829 19.974747 58009.16603433426 891.944
-24.867920798693195 15.891213000000002 58009.16603447569 843.726
34.92323329772049 21.71403 58009.16603433052 793.423
-10.339432964320485 23.11842 58009.16603428853 745.47
6.6718510329431435 17.025528 58009.16661576958 891.946
9.575438900034086 16.323333 58009.16661590993 843.844
31.749840364070796 16.301727 58009.16661576591 793.418
-27.758637954675464 21.757242 58009.16661572365 745.472
22.983266548782368 18.980871 58009.16713927448 891.954
-22.58827107272408 19.207734000000002 58009.16713941403 843.87
-14.19026917901439 22.783527 58009.16713926974 793.447
5.279706247219478 27.655680000000004 58009.16713922916 745.454
23.610872248688313 22.567467 58039.080854709704 893.555
1.493232157494726 16.971513 58039.08085488829 842.194
39.50482942426825 17.187573 58039.08085469911 794.993
-8.59968472129179 22.308194999999998 58039.08085468705 745.152
63.86415835636944 21.811257 58039.081440846734 892.909
24.61872947781865 15.696759 58039.08144100797 842.987
-7.118567502809548 20.936214 58039.081440839946 794.224
-25.125729203442056 24.890112 58039.08144081407 745.28
25.525197723009146 22.081332000000003 58039.08202442389 892.556
11.14476590800571 15.243033 58039.08202458371 842.823
-20.279940745954153 21.994908 58039.08202441405 794.194
-33.74043377124782 26.024427 58039.082024386415 745.353
0.4895223479239259 22.57827 58039.08261012076 893.156
-8.383393363649454 15.167411999999999 58039.08261028511 842.979
-11.055068498092732 19.22934 58039.08261011749 794.213
-33.98667395401467 19.974747 58039.08261009035 745.336
17.201043888676317 18.149040000000003 58039.08319284469 892.982
10.019427021521352 15.718365000000002 58039.083193006576 843.027
0.4844066258640831 18.008601000000002 58039.08319283968 794.201
11.927051499776983 20.352852000000002 58039.083192813385 745.302
-36.232690164503936 25.862382000000004 58039.08371465954 892.355
-12.402551402465793 17.943783 58039.08371480799 843.575
5.955110096180205 21.476364 58039.083714649445 794.135
-25.66157752432746 24.436386000000002 58039.083714621134 745.329
8.026703321265533 17.619692999999998 58045.08132357993 892.293
-22.953912386603136 16.085667 58045.081323725324 843.711
-12.345550091293948 19.618248 58045.08132357933 793.425
-25.788973572303743 21.098259000000002 58045.08132354004 745.344
0.8459176514692357 16.344939 58045.08190630418 892.27
11.468118960391656 16.517787 58045.08190645361 843.414
-3.2392392004595876 20.450079 58045.081906302905 793.465
10.048947394719722 22.264983 58045.0819062645 745.346
28.609386862183698 15.837198 58045.08248689816 892.324
-19.81844606143697 18.332691 58045.082487043794 843.703
-13.80449061187546 18.278676 58045.08248689681 793.479
-49.957366963018345 27.515241 58045.082486858686 745.312
-14.924182495338819 15.826395000000002 58045.0830717521 892.276
15.550319490527105 15.966834 58045.08307190203 843.398
-13.807301259841548 18.213858 58045.08307175131 793.442
-24.068822740905063 21.292713000000003 58045.08307171256 745.331
-32.01304209542318 16.496181 58045.08365319788 892.295
-40.467394055773845 16.431363 58045.08365334325 843.735
-5.400550364891076 19.110507000000002 58045.08365319807 793.411
5.522510243077138 18.429918 58045.083653159774 745.294
13.611426553553178 19.823505 58045.08417628708 892.287
8.885767589221391 20.212413 58045.08417643448 843.573
-13.761902439951507 21.389940000000003 58045.08417628629 793.428
-53.00985062079848 22.243377000000002 58045.08417624723 745.318
8.339747809214934 19.4454 58069.06110435547 892.071
13.801119586902002 14.249157 58069.06110450283 843.401
4.088128616829718 16.226106 58069.0611043373 794.422
-12.147150909732499 19.218537 58069.061104309 745.573
8.201246275422402 17.598087 58069.061685811444 892.045
-10.492030588407983 13.590174000000001 58069.06168595627 843.555
-13.69101927206258 16.172091 58069.061685793145 794.399
-25.50479821618595 19.672263 58069.06168576635 745.476
3.5966422608186956 16.452969 58069.06226769287 892.063
4.99579652906415 16.409757 58069.06226783978 843.426
-23.306777246778697 17.943783 58069.06226767463 794.404
-36.311885321544956 19.088901000000003 58069.06226764925 745.403
-4.165373413251007 13.925067 58069.06284957345 892.156
10.834360691486923 13.114842000000001 58069.0628497194 843.592
16.65097952024372 15.783183 58069.06284955671 794.408
-18.447064083963777 19.488612 58069.06284953067 745.428
-14.368685348714276 15.783183 58069.06343273224 892.22
-8.020314204205537 15.048579 58069.06343288213 843.33
-16.754445605621616 14.810913000000001 58069.063432715855 794.412
-27.83187762774246 16.733847 58069.0634326894 745.469
28.090959422908607 18.386706 58069.06395796175 892.035
-17.728557921310134 14.929746000000002 58069.063958102255 843.86
-7.034213789415737 17.209179 58069.063957943035 794.409
-14.810668310509008 21.001032000000002 58069.06395791739 745.425
10.209034366739608 15.286245000000001 58098.99632158546 892.126
16.816327887788212 14.292369 58098.99632172597 843.982
14.479454053002966 15.307851000000001 58098.99632156648 794.516
20.118222277857292 19.002477 58098.99632154207 745.453
24.915252850798346 13.568568 58098.996905610715 891.905
0.6459417627901072 13.763022000000001 58098.996905749416 843.909
7.181315258260923 17.198376 58098.99690558914 794.513
-30.94616984206354 20.071973999999997 58098.996905565175 745.399
27.428100669292316 16.787862 58098.99748835329 892.108
6.321591173166587 14.432808 58098.997488494126 843.917
13.712661300851838 19.078098 58098.997488333975 794.512
-25.488645565856572 19.726278 58098.99748830928 745.437
14.168320464452593 14.119521 58098.99807024799 891.917
-5.475298178987158 15.750774 58098.99807038861 843.773
-14.417254720261496 16.474575 58098.998070226895 794.482
1.205843403592539 15.459093000000001 58098.99807020191 745.462
50.27784601474514 12.790752 58098.99865512314 891.91
25.851952700192577 15.437486999999999 58098.99865527163 843.149
-2.8906760087430654 18.149040000000003 58098.99865510129 794.508
12.56610544926571 17.241588 58098.998655076255 745.486
11.971062139823438 15.243033 58098.99917610068 891.839
-5.104712530689341 18.354297 58098.99917623658 844.079
12.89547397340906 18.764811 58098.999176078614 794.513
-6.111764269752445 20.882199 58098.99917605326 745.486
9.207886704687715 14.929746000000002 58130.83081321249 892.006
15.89086206547779 13.849446 58130.83081335729 843.545
9.447134543919383 16.452969 58130.83081319826 794.116
-40.39094960171267 18.105828000000002 58130.830813167515 745.428
-6.58048266530782 14.195142 58130.83139596152 892.218
3.5713207238322906 13.222872 58130.83139610966 843.466
6.321359810547955 14.908140000000001 58130.83139594944 794.135
-5.806894657345168 22.718709 58130.831395921705 745.305
8.651678323717592 16.139682 58130.83197828683 892.254
3.660601642061347 16.885089 58130.83197843212 843.705
2.1528346810295322 16.949907 58130.83197827485 794.139
-1.4939981956141648 18.862038000000002 58130.83197824698 745.321
7.411531322107169 14.454414000000002 58130.83256146429 892.256
3.875222035377855 14.616458999999999 58130.832561610274 843.654
-16.829896087997092 14.530035 58130.83256145236 794.124
1.175500402529225 18.527145 58130.83256142576 745.253
3.1675385808368 14.216748 58130.833144641154 892.31
10.841764355188655 13.125645 58130.83314479045 843.451
-6.4858460916519505 16.42056 58130.833144629425 794.16
-16.583981528890064 18.926856 58130.83314460357 745.225
27.116444376046903 18.321888 58130.83366860698 892.275
1.74327699922162 15.783183 58130.83366875507 843.486
-17.561735690775937 14.227551 58130.83366859474 794.142
-38.305834416610416 17.976192 58130.833668567844 745.26
6.811286601615547 16.064061 58159.77052486689 892.315
1.1645405895475396 15.459093000000001 58159.77052501052 843.886
2.917305221904798 16.215303 58159.770524852196 794.361
1.322288206792877 19.596642000000003 58159.77052481859 745.815
18.060108174955847 13.881855 58159.77110591331 892.359
-14.485104455134064 15.448290000000002 58159.77110605968 843.684
-6.124300791108755 14.951352 58159.77110589878 794.366
-8.69353295123793 21.141471000000003 58159.77110586451 745.854
-14.048074403141657 19.283355000000004 58159.77168994273 892.255
5.732417665006352 13.417326000000001 58159.77169008663 843.837
-20.841830426963472 15.318654 58159.77168992714 794.375
-19.361587249940737 18.127434 58159.77168989342 745.834
19.17810338786179 15.610335 58159.7722718423 892.213
11.828438899638062 15.523911 58159.77227198466 843.898
-28.471462873829257 15.361866000000001 58159.77227182663 794.32
-3.0368982569872367 19.22934 58159.77227179231 745.836
9.799690916277477 15.210624000000001 58159.77285416579 892.317
-22.66343022740896 16.777059 58159.77285431039 843.788
-26.2341185383256 17.533269 58159.7728541517 794.299
-39.05727144325198 21.184683 58159.7728541161 745.864
10.673802434554599 15.005367000000001 58159.773378557606 892.191
-9.320016100611062 20.266428 58159.77337871004 843.081
-8.955325957618804 20.612123999999998 58159.773378542064 794.317
-4.66295236643692 23.334480000000003 58159.77337850727 745.846
26.953949530785422 16.506984 58240.52984009187 892.246
8.477358174194102 17.587284 58240.52984023211 844.085
17.720405389988922 18.732402 58240.52984007937 794.174
-16.324759252268557 19.196931 58240.529840048825 745.479
-20.136460629098398 15.156609 58240.53042366177 892.139
15.886183379582233 16.85268 58240.53042380341 843.934
13.981935103272571 15.729168000000001 58240.53042364918 794.137
-8.0894664387306 20.439276000000003 58240.53042361757 745.513
-11.254033258415795 19.477809 58240.531005526114 892.249
4.398011130549588 16.474575 58240.53100566751 844.028
-9.140717332143009 14.303172 58240.53100551351 794.191
-12.063311354891596 19.391385 58240.531005482735 745.525
19.456451809543147 21.368334 58240.5315890953 892.291
7.699425657830116 17.71692 58240.53158923955 843.815
-1.6280695328146866 15.491502 58240.53158908268 794.204
-16.905603648739817 22.859148 58240.531589052785 745.481
-1.788807748160549 16.647423 58240.53217223964 892.174
7.127176017196211 15.729168000000001 58240.53217238192 843.889
13.480859981066313 18.267873 58240.5321722264 794.19
-32.764144973061256 21.638409000000003 58240.53217219563 745.497
4.176141321842172 18.051813000000003 58240.5326948968 892.127
-1.5094224846390587 17.878965 58240.532695036534 844.035
-17.718874921905794 19.467006 58240.53269488258 794.192
-2.3565929144264897 20.298837 58240.532694852875 745.48
25.273302016539663 21.595197 58266.45262145315 893.798
-0.38146146742812426 17.803344000000003 58266.45262163351 842.257
1.80588247096404 15.999243000000002 58266.45262144898 794.716
-0.005220246470027446 38.577513 58266.452621427525 745.459
2.3504883606397717 15.653547000000001 58266.45320033559 892.68
-1.7978223877761847 13.525356 58266.45320049533 842.943
4.69534855210439 16.52859 58266.45320032366 794.455
3.7430958780111783 20.028762 58266.453200299184 745.407
-1.692046050711334 13.644189 58266.4537847429 892.744
12.96885932461168 14.810913000000001 58266.453784910096 842.433
4.9606720067819285 15.923622 58266.45378473145 794.472
5.232645043245115 19.996353000000003 58266.453784708014 745.366
-9.549452387741288 14.281566000000002 58266.45436574403 892.67
-15.120019562006057 17.328012 58266.45436590837 842.575
-1.6965619393724878 13.590174000000001 58266.45436573172 794.477
-10.45379551059264 16.723044 58266.45436570756 745.403
15.018318700486947 14.69208 58266.454948020844 892.832
14.223419467541003 13.773825 58266.45494818999 842.342
23.635276944604765 16.377348 58266.4549480104 794.47
-8.09866102974528 19.456203000000002 58266.454947985185 745.44
13.892834138018603 17.760132000000002 58266.45547449869 892.881
-13.529415605537173 16.161288000000003 58266.45547467167 842.061
9.93891225920046 17.673708 58266.45547448837 794.487
-24.515732951332623 20.514896999999998 58266.45547446346 745.436
-26.76192911637716 17.025528 58267.47379984011 892.736
-7.425665083567944 14.497626 58267.473799989864 843.791
9.897369511222328 14.411202000000001 58267.4737998299 794.408
-42.22046725131201 22.081332000000003 58267.4737998022 745.51
-4.9243254939012315 15.23223 58267.47438254669 892.502
24.800847517071496 17.814147 58267.474382694265 843.773
-18.97604862871986 14.821716 58267.47438253324 794.416
-35.36469701593361 17.986995 58267.474382505694 745.531
-2.657409369327518 14.530035 58267.47496525197 892.367
5.827388436873004 14.875731 58267.4749653977 843.784
-0.5762016680273833 15.491502 58267.474965236746 794.449
-7.652582062006015 19.326567 58267.47496521066 745.485
17.435595922605046 15.621138000000002 58267.475547529146 892.45
-6.337224518589589 14.843322 58267.475547675196 843.8
-28.62669978579118 14.573247 58267.475547513764 794.482
17.38041124902245 18.321888 58267.47554749267 745.276
-10.903190700335703 14.746095 58267.47612937987 892.528
-10.881725233359864 17.684511 58267.47612952833 843.699
3.0801428568646982 17.17677 58267.47612936639 794.458
13.441708000649065 19.942338000000003 58267.47612934389 745.31
22.79640135396325 18.721598999999998 58267.47665458108 892.465
10.346259127002737 15.999243000000002 58267.47665472875 843.696
51.57501153916724 16.150485 58267.47665456696 794.466
-19.64432302913729 19.067294999999998 58267.47665454422 745.279
-6.5273631420125104 16.993119 58303.38274511248 893.188
3.178789746379764 16.647423 58303.38274526565 843.899
-4.330936011322366 16.053258 58303.38274510475 794.543
-37.55204096570754 23.572146 58303.382745082454 745.344
22.272206945008502 23.031996 58303.383329507444 893.232
19.619058087894626 18.656781 58303.38332966105 843.891
21.80493671964057 16.766256 58303.38332950022 794.539
-48.70940509593365 25.581504 58303.3833294758 745.432
-12.053182745722763 16.172091 58303.383910493976 893.29
2.103254168407465 18.872841 58303.38391064982 843.78
-16.21727768312689 18.332691 58303.38391048747 794.53
-29.123516099723545 23.971857000000004 58303.3839104624 745.496
26.068852505299308 21.71403 58303.38449403819 893.239
-13.795878747984018 19.542627 58303.38449419154 843.883
4.861759479233075 19.045689 58303.38449403077 794.541
24.1762324270609 19.812702 58303.38449400725 745.441
25.59878020100805 17.457648000000002 58303.385076304294 893.172
3.821751177152478 15.891213000000002 58303.38507645739 843.863
2.2233922311189938 18.926856 58303.38507629648 794.518
-23.84453651273739 19.780293 58303.38507627212 745.439
12.671727565129855 22.275786 58303.38560106603 893.271
22.095444608517276 20.882199 58303.38560121996 843.909
28.30567413154054 20.288034000000003 58303.38560105992 794.506
-29.486466726272365 26.46735 58303.38560103559 745.408
-9.508295216620482 31.598775 57888.92915766783 892.692
-13.511069229302572 26.640198 57888.929157388295 843.99
27.66801684527903 23.626161000000003 57888.929157655424 794.516
-9.368156994743014 22.524255000000004 57888.92915763362 745.288
1.8668255393288409 28.714374 57888.92974125106 892.702
5.1283597043379165 28.908828000000003 57888.929740974934 843.738
-6.558323092044552 23.096814 57888.92974123829 794.512
-31.385487774271745 32.938347 57888.92974121598 745.32
-4.17691591548082 29.340948 57888.93032270476 892.662
-32.30015659788832 28.703571 57888.930322438435 842.911
6.895708853523726 30.03234 57888.93032269213 794.489
-8.158755742272852 38.404665 57888.93032266864 745.371
64.38669886319232 45.999174 57888.93091775665 895.768
-1.5591572386220687 30.626505 57888.930917547594 841.021
-21.550225063533613 23.485722 57888.930917763326 795.336
58.842592928928646 44.065437 57888.93091775738 745.183
39.599268859627536 34.094268 57888.9314881667 892.761
-14.358668109013498 29.837886 57888.93148831827 843.602
17.33569789764341 21.703227000000002 57888.93148815521 794.46
1.2361949718315839 29.178903000000002 57888.931488133334 745.259
33.15704093472085 28.671162 57888.932013816826 892.822
-36.56679732613126 26.218881 57888.93201354635 843.332
-31.471829508627085 25.225005000000003 57888.93201380466 794.515
-85.08392824217279 39.809055 57888.93201378224 745.31
5.423991883304474 29.459781 57888.99183237031 892.65
-38.54892111109148 39.636207 57888.991832091466 843.864
-7.278645891928628 27.169545 57888.9918323573 794.488
-46.213352447178906 23.723388000000003 57888.99183233353 745.37
7.522029189546136 33.013968 57888.99241509875 892.905
17.82997776278258 24.382371000000003 57888.99241482408 843.802
21.220827441206243 32.62506 57888.99241508834 794.518
41.508033018963296 32.592651000000004 57888.992415064415 745.44
35.045256515353174 34.396752 57888.992997830246 892.904
-45.865397657063205 26.402532 57888.99299755587 843.696
36.896188165224345 26.629395 57888.99299781971 794.517
33.4966066262104 37.151517000000005 57888.99299779846 745.28
30.471766723441434 33.208422 57888.993405641384 843.507
-41.63588661668681 34.007844 57888.99340590035 794.56
-43.08113379558893 30.637308 57889.01373121769 892.777
-34.64750180603062 27.914952 57889.01373136841 843.738
59.01437664756942 39.279708 57889.01373120654 794.543
17.73288187235563 35.779536 57889.01373118672 745.201
10.469199235211946 34.115874 57889.014313095555 892.957
20.270588496582096 25.592307 57889.01431282552 843.483
12.670485008826038 26.208078000000004 57889.01431308518 794.544
-6.408364740400855 30.2484 57889.01431306496 745.237
-28.424530129326843 33.856602 57889.01489540223 892.775
13.880606061385128 30.215991 57889.01489555359 843.717
-24.27798461813007 29.092479 57889.01489539051 794.505
-52.60958171886219 30.334823999999998 57889.01489536888 745.275
26.48772465114515 38.750361 57889.015478131114 893.042
-46.47375726708768 28.671162 57889.015477858535 843.679
9.83570660546 35.347416 57889.01547812177 794.522
12.018517510151034 31.339503000000004 57889.01547810029 745.3
54.75516528451817 39.052845 57889.01605958333 893.165
15.283513570823452 30.561687 57889.016059314534 843.517
-8.828709674103017 32.030895 57889.01605957474 794.524
-5.806406209738385 30.78855 57889.0160595523 745.354
72.80441812942527 37.119108000000004 57889.01658438373 893.035
-41.436330611369954 31.069428000000002 57889.016584540084 843.405
-2.9437783982089525 29.978325 57889.01658437356 794.527
-39.070039236650615 33.035574 57889.01658435086 745.346
33.5064243832132 22.794330000000002 57072.612723949765 893.629
15.384386163613847 17.219982 57072.61272409979 844.484
12.483435444147092 30.594096 57072.612723947845 794.439
23.824629116151975 29.794674 57072.61272392156 745.492
-10.522150706160474 28.854813000000004 57072.61330627902 893.58
-5.31114515199703 22.459437 57072.613306430016 844.387
42.07042796251551 25.300626 57072.613306277635 794.425
43.15818299264611 33.219225 57072.613306251355 745.474
28.308628017477243 29.124888000000002 57072.61388946136 893.517
21.300620133582054 19.034886 57072.613889611464 844.393
-18.22843322291599 26.759031 57072.61388945783 794.446
15.828112923088854 24.782082000000003 57072.61388943208 745.483
-71.77747838575816 46.895823 57072.61429670803 893.447
-36.427145147185975 24.922521 57072.614296857195 844.446
-9.912604287098045 34.040253 57072.6142967047 794.466
-9.184288712084937 31.868850000000002 57072.6142966785 745.503
19.345906606506905 38.437074 57072.614936274076 844.113
-29.86399942170616 36.265671000000005 57072.6149361174 794.404
-46.65175536728566 35.779536 57072.61493608906 745.556
-9.067044846786429 48.93759 57072.615517171085 893.532
-5.1880336306651085 43.42806 57072.615517323036 844.271
-8.101747948031568 41.883231 57072.61551716884 794.409
4.184778881737058 41.526731999999996 57072.61551714056 745.575
-5.014641074371328 52.470171 57072.61609907424 893.545
0.2694306149991574 41.364687 57072.61609922626 844.278
20.729233830227574 43.870983 57072.616099072526 794.402
-50.98784820513581 35.909172000000005 57072.61609904317 745.575
-69.03457948331837 42.336957 57072.616507993815 745.585
19.797467618671345 50.99016 57072.62052085802 893.506
7.429078525690029 14.119521 57078.84221450438 892.428
-13.045666969120497 11.299938000000001 57078.8422146384 844.721
-4.5984402415245 13.568568 57078.84221449034 794.392
-3.961867043123139 16.787862 57078.842214462056 745.554
-1.8521951254583977 16.107273 57078.84279768699 892.147
-5.816029211682993 11.202710999999999 57078.84279781849 844.695
-7.1554593417239385 13.860249000000001 57078.8427976706 794.352
6.560024896315407 14.313975000000001 57078.842797642195 745.536
4.813194346084068 12.877176 57078.843380015394 892.089
4.467101184153282 10.532925 57078.84338014654 844.677
-4.100066516796645 13.600977 57078.8433799983 794.354
-18.907369656325695 17.770935 57078.84337996941 745.546
5.93786912219558 12.844767000000001 57078.84396191545 892.243
9.063264647456633 11.829285 57078.84396204937 844.594
-5.502618401139816 15.383472000000001 57078.843961899445 794.39
-4.513467413274221 17.490057000000004 57078.84396187118 745.552
0.9134653124893208 13.330902 57078.84454509432 892.313
-9.764571830668327 12.261405 57078.84454522889 844.589
8.58561516678509 15.199821 57078.84454507998 794.345
-8.767475192481777 14.605656 57078.844545052365 745.468
-6.6250823627107325 15.167411999999999 57078.8451278493 892.186
-4.26176874853735 11.904906 57078.84512798204 844.637
-5.85660794136212 16.107273 57078.845127833425 794.35
14.64800283010687 14.184339000000001 57078.84512780659 745.454
-24.187439600274416 13.352508 57078.84570932683 892.0
6.655732600208484 10.878621 57078.84570945826 844.607
10.482725406963937 14.789307 57078.84570930949 794.34
6.864358942121716 14.951352 57078.84570928211 745.46
0.8865649266494348 14.162733 57078.84629250396 892.263
2.00319336611886 11.137893 57078.846292638606 844.551
-5.206007210390941 12.952797 57078.846292488655 794.362
6.891931998277308 15.405078 57078.84629246109 745.498
-15.877429048024128 14.562444000000001 57078.846874833536 892.072
-17.26158532726998 10.803 57078.846874966395 844.527
-19.943275515654467 14.832519000000001 57078.8468748153 794.42
-7.368614425826281 17.101149 57078.84687478778 745.544
-8.446799970982063 12.380238000000002 57078.84745716144 892.061
4.920866584094841 11.570013000000001 57078.84745729338 844.604
-12.796847504716144 13.125645 57078.84745714293 794.43
-5.4570074976664324 15.091791 57078.847457116004 745.517
-6.335812704356058 12.63951 57078.84803991521 892.057
-11.144447870135224 12.725934 57078.848040044766 844.77
4.444793808366974 14.519232 57078.84803989729 794.4
13.458038330395908 16.517787 57078.84803986992 745.517
-12.574277178457098 14.994564000000002 57078.848623518905 892.233
-3.7184482216030594 13.438932 57078.8486236522 844.639
-15.180731120071114 11.915709 57078.84862350263 794.407
17.450835800912827 17.598087 57078.848623475955 745.5
15.152777634144817 13.482144000000002 57078.849206273 892.226
-22.656137760609944 12.066951 57078.84920640729 844.512
-1.7858342707828117 13.39572 57078.84920625619 794.426
-1.3824184581946828 16.323333 57078.84920622876 745.536
-1.21608465568189 12.056148 57078.849788174535 892.225
-6.240004314142098 11.710452 57078.849788306994 844.685
-1.8141935371480828 14.454414000000002 57078.84978815759 794.447
-28.27733938734587 15.675153 57078.84978812984 745.554
8.405033178701222 12.898782 57078.85036965023 892.239
18.170123883256863 12.207390000000002 57078.850369784464 844.571
-2.484498795391423 12.380238000000002 57078.85036963397 794.404
36.50686818570876 15.826395000000002 57078.85036960648 745.545
3.660348822676914 12.542283 57078.85095283092 892.141
4.73875930535863 11.667240000000001 57078.85095296277 844.667
15.748622144516807 13.363311 57078.85095281495 794.333
13.78447195256016 15.858804000000001 57078.85095278589 745.546
6.4961640615713305 11.397165000000001 57078.851535583926 892.208
-0.07603486410702293 13.006812 57078.851535717 844.621
-15.840588565800592 12.909585 57078.85153556746 794.387
0.4806897971110938 16.679832 57078.851535539434 745.546
-2.497283815913281 12.207390000000002 57078.85206040071 892.414
-7.187959600829151 14.281566000000002 57078.85206053465 844.73
-5.403453086134297 14.508429 57078.85206038664 794.391
-13.266304974919851 19.812702 57078.852060358586 745.536
-1.7497457229130131 14.400399 57101.84631257156 892.767
-16.05755259512006 13.709007 57101.84631271025 844.648
-10.88874746180903 16.971513 57101.846312560505 794.44
-12.763453924767836 17.608890000000002 57101.846312533824 745.507
9.876960082481713 16.053258 57101.846894034985 893.059
3.5221193580158356 13.147251 57101.846894178925 844.491
7.732384287162276 17.403633 57101.84689402712 794.443
17.755521181152915 16.74465 57101.84689400042 745.518
-0.7464472356025973 13.017615000000001 57101.84747721059 892.563
-7.8077031892791355 14.011491000000001 57101.84747734761 844.613
-1.821442952622695 16.355742000000003 57101.84747719764 794.426
0.703227989574267 18.278676 57101.84747717043 745.527
-11.69432372152063 13.849446 57101.848059526914 892.744
16.922759614730296 14.497626 57101.84805966646 844.601
-14.27151436264082 17.93298 57101.848059516014 794.419
-0.1942577432527955 19.488612 57101.848059489064 745.514
15.364559531185447 14.411202000000001 57101.84864440362 892.551
12.704964634118909 13.082433 57101.84864454176 844.519
-5.32544046864708 17.360421000000002 57101.84864439007 794.442
11.150729877817692 21.843666 57101.848644363614 745.508
26.871949903751826 15.394275 57101.84922459054 892.709
-29.70392103200255 14.065506 57101.84922472734 844.709
24.45126650868453 17.522465999999998 57101.84922457888 794.444
15.749875370927944 16.582605 57101.84922455211 745.511
22.226274476696062 14.530035 57101.849806910235 892.585
-19.16732246084938 13.266084 57101.84980704785 844.554
-4.8720135460378176 15.405078 57101.849806897044 794.438
-12.238878191560193 16.301727 57101.849806870196 745.511
2.6028489613631836 14.530035 57101.850390080486 892.576
7.4681062590191045 12.974403 57101.85039021902 844.516
-11.738987745131977 14.627262 57101.85039006746 794.43
-24.45712684504097 19.283355000000004 57101.850390040316 745.517
33.947321222749785 17.025528 57101.850971972446 892.653
25.130849904439298 12.347829 57101.85097211405 844.328
-0.1791098075746284 19.564233 57101.85097195874 794.514
-35.891553910965946 21.908484 57101.8509719333 745.48
4.733694998549311 16.701438000000003 57101.85155556857 892.643
11.667653450618351 14.735292000000001 57101.851555707944 844.509
12.109784224899148 15.923622 57101.85155555698 794.4
3.4785671684618467 21.130668 57101.85155552937 745.52
34.454587477768406 14.346384 57101.8521370365 892.538
6.963457848350905 13.914264000000001 57101.8521371735 844.575
22.30923572080241 16.593408 57101.85213702327 794.418
22.993270737309082 20.590518 57101.852136995876 745.529
23.985819353139945 19.423794 57101.85266269942 892.507
-0.17876061884382316 14.357187 57101.852662836005 844.584
-33.8322530028772 16.809468000000003 57101.852662684934 794.444
19.83845124078175 18.754008 57101.85266265909 745.5
7.622539797229219 15.902016000000001 57131.74947113753 892.21
29.18697907908904 16.809468000000003 57131.749471273935 844.39
8.06424211919086 16.388151 57131.74947112189 794.358
16.94383733631512 19.175325 57131.74947109214 745.614
-1.3900020668316235 17.803344000000003 57131.75005514313 892.194
-12.131696534618301 14.270763000000002 57131.75005527895 844.393
-11.819286160360667 15.891213000000002 57131.75005512689 794.378
-5.621162622076773 21.811257 57131.75005509769 745.599
17.855252057885586 17.17677 57131.750635740114 892.287
-4.9164526333617395 17.598087 57131.75063587715 844.366
-30.14354322489846 17.014725000000002 57131.75063572433 794.385
33.08813057649214 18.754008 57131.7506356967 745.556
-12.127274905535176 15.545517000000002 57131.7512184614 892.841
-14.057656620053837 12.844767000000001 57131.75121860735 844.155
-10.24451567867181 18.419115 57131.75121845217 794.386
5.431793967453726 17.349618 57131.75121842403 745.554
14.14995259327239 15.253836 57131.75180161735 892.651
4.241621667783119 13.330902 57131.75180176182 844.103
2.4698294781692605 16.226106 57131.75180160485 794.455
36.22822416377687 22.03812 57131.751801580525 745.417
-0.8063320320082555 14.843322 57131.7523851977 892.562
5.775614189394819 13.201266 57131.75238533882 844.305
-1.6966540404227397 16.874286 57131.7523851852 794.4
6.045564927785254 18.862038000000002 57131.75238515812 745.504
10.233732423887298 16.258515000000003 57131.752967078515 892.099
-3.736721719423621 15.610335 57131.752967214095 844.328
12.40741299335425 16.928301 57131.75296706054 794.433
-17.99201103856218 19.110507000000002 57131.75296703172 745.601
28.519968619738794 18.667584 57131.75354937984 892.148
-5.145597562267001 12.85557 57131.75354951615 844.295
-9.878885085753973 17.382027 57131.7535493627 794.383
13.643136213178565 21.195486000000002 57131.75354933341 745.619
22.090476484435147 15.88041 57131.75413210734 892.153
3.941921334877734 13.698204 57131.75413224142 844.488
-28.625639092054687 16.431363 57131.75413209003 794.388
-22.077165716788 19.402188000000002 57131.75413206088 745.605
-23.8049708376199 18.851235 57131.75471440971 892.037
22.266788944129647 12.380238000000002 57131.75471454296 844.513
19.655667012122795 17.943783 57131.754714392315 794.383
-42.39623088782654 19.196931 57131.75471436185 745.629
10.605230672841884 16.560999 57131.75529713965 891.86
-0.07158752791184206 15.642744 57131.75529727234 844.355
-18.57849172133033 17.306406 57131.755297118914 794.421
13.163753642212647 17.576481 57131.75529709067 745.599
-3.0202614228008686 18.289479 57131.75588071862 891.9
2.882814775973597 13.600977 57131.75588085057 844.462
-9.916824548479104 16.366545000000002 57131.755880698474 794.428
-7.683886865605297 23.572146 57131.75588067012 745.592
4.825347401422672 15.945228 57131.75646301856 892.067
27.071276692525366 15.253836 57131.75646315258 844.456
-18.466605653617467 16.993119 57131.7564630007 794.384
39.13354509948243 19.250946000000003 57131.756462971425 745.64
-17.614966472894974 17.814147 57131.757043615544 892.116
0.9465546941077633 15.502305 57131.75704375077 844.4
-4.051055845094558 20.504094000000002 57131.75704359922 794.346
-46.62620891436446 21.260304 57131.757043569836 745.552
-11.943310285431838 26.975091 57131.75739432561 844.3
-23.11177765023844 27.731301000000002 57131.757394173 794.327
9.049776968984228 39.549783 57131.757394144486 745.536
-14.203439705366756 16.193697 57161.4711611606 892.666
-11.575882337466144 11.483589000000002 57161.47116129842 844.651
4.620838488431032 13.709007 57161.47116115271 794.193
-8.036625326900586 15.523911 57161.47116112275 745.478
6.432705976589895 13.687401000000001 57161.47174472279 892.603
-7.611975411568395 11.548407 57161.47174485877 844.726
-13.200633937847549 13.039221000000001 57161.47174471321 794.229
-22.218904213163537 13.719809999999999 57161.47174468385 745.478
12.716706379364412 15.696759 57161.47232700774 892.466
12.44702342367553 11.515998 57161.47232714301 844.678
-7.42651763469757 13.741416000000001 57161.47232699762 794.168
-15.271134593508771 16.74465 57161.47232696733 745.478
11.044957831864643 17.219982 57161.47290843695 892.674
-8.192138563393138 11.926511999999999 57161.47290857443 844.664
17.69057851289784 15.480699000000001 57161.47290842925 794.177
-22.426138084822625 15.307851000000001 57161.47290839806 745.514
5.981324914109232 16.215303 57161.47349242124 892.94
10.447682289959692 12.585495000000002 57161.473492563666 844.523
-2.1274779557056367 14.346384 57161.47349241624 794.177
-22.194208215060954 15.631941000000001 57161.4734923857 745.491
10.076428258797797 14.313975000000001 57161.47407427953 892.865
3.5926040691525145 12.661116000000002 57161.47407442015 844.592
-20.75503435823113 12.185784 57161.4740742732 794.194
-12.417197957085662 20.277231 57161.47407424313 745.498
37.55859896170261 17.209179 57161.47465656008 893.159
12.07068366216196 12.434253 57161.474656703766 844.582
-6.123465257348801 15.01617 57161.474656556216 794.23
-50.41663546276674 17.71692 57161.47465652627 745.488
22.395005481841775 16.31253 57161.47523927097 893.0
12.758034900825638 12.023739 57161.47523941174 844.691
-4.732132398925745 14.972958 57161.47523926591 794.209
-13.641361530640483 14.648868 57161.475239236235 745.478
4.41129311590896 14.562444000000001 57161.475821983106 892.723
10.127431236143034 12.110163000000002 57161.47582212121 844.679
6.5869252867419785 15.037776000000001 57161.475821975604 794.195
-7.045527022049217 13.838643000000001 57161.47582194531 745.497
9.432404272184284 13.406523 57161.476404691675 892.801
12.982809614995624 12.153375 57161.47640483081 844.662
-15.537871938737439 13.50375 57161.47640468453 794.206
-3.050073143682214 13.817037 57161.476404654895 745.487
-3.5864463148318944 12.974403 57161.47698697418 892.87
-4.152886135302726 10.273653 57161.47698711348 844.704
-13.368814370452865 12.283011 57161.476986968264 794.186
-5.27049573161587 16.906695000000003 57161.476986938804 745.458
13.301946692492919 13.298493 57161.4775696866 892.604
18.299310872799257 12.574692 57161.4775698243 844.609
17.15899329766143 12.661116000000002 57161.477569677845 794.194
2.606805720868116 14.292369 57161.477569647875 745.478
12.991884237477073 12.369435 57161.47815282038 892.745
-1.9237209755216031 12.866373000000001 57161.47815296102 844.481
-5.781369556355201 13.201266 57161.47815281222 794.238
-2.2906197877259618 13.719809999999999 57161.478152783675 745.449
35.04309904251645 12.218193000000001 57161.478734677694 892.781
4.96658888865859 14.281566000000002 57161.478734815384 844.728
-1.3499567607487373 13.449735 57161.47873467077 794.169
-1.3412870258144471 16.52859 57161.47873464042 745.487
-0.6590258020269824 36.967866 57161.47908438536 893.033
1.283676062618725 29.513796000000003 57161.479084528415 844.55
-34.802517825287644 34.202298 57161.47908438031 794.226
5.207993983924317 40.824537 57161.479084350394 745.536
-2.383557547342488 17.544072 57192.402966574 895.36
16.9896539056593 15.956031 57192.40296632503 843.87
-30.57050679887398 17.71692 57192.402966606125 793.443
-20.66951311619749 17.047134 57192.402966552 746.177
25.108180505503967 15.286245000000001 57192.40354927301 894.893
-7.5539650966889385 13.017615000000001 57192.403549448594 843.541
-18.011344963696004 16.31253 57192.403549298906 793.511
-17.235319067519765 17.511663000000002 57192.40354924695 746.111
-13.752028654800537 16.798665 57192.404131528194 896.024
-16.03108067393887 14.25996 57192.404131296375 843.066
-15.678944190140935 17.122755 57192.40413155942 793.983
-32.60060224859174 16.118076000000002 57192.404131511736 746.261
40.303907921624855 15.934425000000001 57192.4047129389 896.565
10.617623664821899 14.249157 57192.40471270812 843.41
-34.11425613409915 14.648868 57192.40471297495 793.99
-14.44589022832886 17.965389 57192.4047129307 746.104
-9.552164405198157 16.506984 57192.40529648935 896.054
6.074329084814665 14.184339000000001 57192.40529625519 843.29
-27.006138190419232 15.23223 57192.405296524346 793.747
-16.36414674004357 17.803344000000003 57192.405296476325 746.1
8.206134857071719 15.210624000000001 57192.405877474754 896.495
8.834895226007248 15.977637 57192.40587724786 843.076
-12.088495682225076 14.746095 57192.405877514684 793.73
-24.54254314030148 14.281566000000002 57192.40587746639 746.086
-10.273344105712157 16.755453 57192.406462730265 895.899
12.722419795843603 15.902016000000001 57192.406462496256 843.155
-11.133413088445316 13.903461 57192.40646276834 793.451
-23.22672930696267 20.936214 57192.40646271259 746.258
-13.08109357084289 15.739971 57192.40704542403 895.889
-6.8922545935655695 14.141127000000001 57192.40704518737 843.338
12.224050355163142 16.485378 57192.407045455955 793.864
5.896816958224103 18.289479 57192.40704540508 746.341
28.243858892095194 15.113397 57192.40762768853 896.237
14.444959237184506 13.741416000000001 57192.407627455475 843.329
-18.591373153156837 15.243033 57192.40762772877 793.511
1.127867194243084 19.067294999999998 57192.40762766521 746.75
24.855517822557946 18.667584 57192.40821121951 897.604
5.722239730784254 13.168857 57192.40821100353 843.128
5.671288167717563 13.752219 57192.408211267284 793.989
-38.303998195025926 19.683066 57192.40821121678 746.401
13.2553096488712 17.014725000000002 57192.40879433352 898.122
-0.6815045589788867 13.957476 57192.4087941217 843.237
7.521095119093112 14.616458999999999 57192.40879438663 794.009
-8.873405779854659 19.607445 57192.408794336116 746.436
25.371830851039203 16.42056 57192.40937491459 896.526
-11.950902468609245 14.022294 57192.40937468339 843.404
0.3261212986479412 13.233675 57192.40937495502 793.715
-6.040024148053389 17.122755 57192.409374896044 746.656
15.156293100839713 17.749329 57192.40995931601 896.145
1.8903604203936437 13.687401000000001 57192.40995908124 843.387
2.6081146437235967 12.283011 57192.409959357276 793.406
-7.755969706484741 16.010046 57192.40995929996 746.306
-9.059589783644151 15.88041 57192.41054159372 895.187
-10.389893878191629 13.968279 57192.410541342964 843.846
-10.081339575651192 14.756898000000001 57192.410541624784 793.412
6.29131881837637 18.224661 57192.410541573365 746.009
26.86071804378648 17.878965 57192.411123861595 895.214
-35.04027679950199 13.881855 57192.41112361512 843.479
-30.199709069456116 13.741416000000001 57192.411123892234 793.416
-19.644982667916192 17.997798 57192.41112383223 746.473
2.7428115189078484 16.625817 57192.41170442262 895.462
16.404758496586815 13.557765000000002 57192.41170417916 843.52
-12.770039248369446 13.255281 57192.41170445166 793.724
-6.737122679696243 18.591963000000003 57192.41170439577 746.504
26.558697640815485 17.17677 57192.412287970015 895.319
30.160928590577832 13.168857 57192.41228772509 843.505
0.639720628560659 14.972958 57192.41228800006 793.551
5.032409894629657 16.064061 57192.41228794522 746.302
-28.788101841646885 23.431707000000003 57192.41281102681 895.68
11.353030128300153 14.638065000000001 57192.41281078639 843.488
11.568980864716986 16.042455 57192.41281106328 793.434
-16.522875512070485 19.380582 57192.41281101269 745.955
0.5108164303604096 21.800454000000002 57220.29177442361 893.539
-14.780655111794815 16.010046 57220.29177457643 844.2
13.990255529272833 19.067294999999998 57220.29177443839 793.333
-10.228468000517248 21.249501000000002 57220.29177439326 745.58
6.03472937031927 18.127434 57220.29235796196 893.438
-2.9202563431656294 16.182894 57220.292358111146 844.405
18.28528549154432 19.218537 57220.29235797484 793.385
-43.25380416698327 18.494736000000003 57220.29235793004 745.582
16.769532188770196 16.452969 57220.29293894499 893.313
25.54422083482214 15.567123 57220.29293909119 844.55
-16.124598989791643 18.224661 57220.29293895588 793.393
10.99004308927504 18.937659000000004 57220.29293891254 745.565
8.219841052263611 20.352852000000002 57220.293522481144 893.401
23.911157256476752 18.732402 57220.29352262779 844.595
18.36134436707195 19.304961000000002 57220.29352249425 793.343
2.205131568222629 20.374458 57220.29352244927 745.585
-8.622504038424243 17.144361 57220.29410431371 893.464
7.477538646738539 18.25707 57220.29410446229 844.497
29.480370471951343 16.334136 57220.29410432745 793.367
14.030448651812709 18.602766 57220.294104282846 745.585
7.551536666073558 14.724489000000002 57220.29468699999 893.393
7.999522243263434 15.88041 57220.294687148526 844.426
-16.233494459620953 20.828184 57220.294687012254 793.366
24.236515463428518 24.123099 57220.29468696856 745.57
-23.753297349956384 15.545517000000002 57220.2952692592 893.375
-0.8273733314897469 16.560999 57220.2952694081 844.403
-28.461106953173473 21.886878000000003 57220.2952692708 793.411
-14.376834411179106 17.82495 57220.29526922726 745.583
-8.89831600627048 16.085667 57220.29585236739 893.676
-4.186474665678911 15.750774 57220.295852519346 844.401
13.178085385846764 16.841877 57220.29585238344 793.353
23.75846966368927 23.161632 57220.295852339055 745.578
7.844538145446151 18.948462 57220.29643505125 893.83
-27.639960731320542 17.079543 57220.296435205564 844.31
-25.589421673387122 18.008601000000002 57220.296435068354 793.35
-30.66983921763177 20.579715 57220.296435023614 745.585
19.595120271520475 16.409757 57220.297018165074 893.604
-8.438513711037379 16.2045 57220.297018317404 844.282
-14.343646485884385 16.669029000000002 57220.29701817978 793.348
-60.88520439245458 23.150829 57220.2970181349 745.565
-1.0347014627861477 18.019404 57220.29760085321 893.321
0.5025601520176338 17.587284 57220.29760100217 844.334
18.62538246211848 19.812702 57220.29760086533 793.358
-8.974567685391953 22.697103000000002 57220.29760082082 745.565
-32.12568630152273 19.834308 57220.29818225983 893.37
0.03593260956073714 17.371223999999998 57220.298182409206 844.37
6.205022073491836 20.687745 57220.29818227177 793.418
-20.30399392549738 20.082777 57220.29818222758 745.598
-12.188128013340181 17.554875 57220.298765369436 893.545
38.268923838667725 17.684511 57220.29876552132 844.338
-3.746835341842404 17.101149 57220.29876538353 793.378
-10.090819088053312 18.235464 57220.29876533876 745.609
15.202291757379557 18.04101 57220.29934720191 893.665
12.466263086253862 15.534714000000001 57220.29934735478 844.313
-16.13980905108828 20.30964 57220.299347216 793.432
-16.402116198313482 19.099704 57220.29934717232 745.599
-3.9719956633115006 18.862038000000002 57220.29992988792 893.58
35.63065515869324 16.701438000000003 57220.29993004145 844.229
-24.98414692430251 20.720154 57220.299929902285 793.363
-16.45164529932175 16.355742000000003 57220.299929857625 745.6
10.60731510183115 21.325122 57220.30051257447 893.483
-14.084239961616573 20.180004 57220.30051272581 844.26
15.280904209395127 20.190807000000003 57220.30051258731 793.413
6.070209516119755 18.3651 57220.30051254345 745.587
14.76642281493479 17.587284 57220.30109483459 893.419
-14.773941262204294 15.848001 57220.30109498435 844.325
12.53204338796501 17.036331 57220.3010948471 793.385
-7.72884224264732 19.963944 57220.301094803086 745.565
14.485190923838267 20.017959 57220.301620018945 893.338
2.2371583874300645 17.101149 57220.30162016781 844.343
-5.0907063829260295 21.649212 57220.30162003022 793.395
-35.02896566356252 28.282254000000002 57220.30161998679 745.536
22.482221275278057 23.626161000000003 57249.37212243008 893.181
6.046674625573561 20.007156000000002 57249.37212257968 844.149
-18.58058258760718 21.768045 57249.37212242855 794.103
38.316404946443676 24.123099 57249.37212239773 745.497
9.399456287228979 22.977981 57249.37270469388 892.705
-25.561867903821234 19.4454 57249.37270483528 844.372
9.958680969181797 19.791096 57249.37270468744 794.119
-7.8090742467644825 23.096814 57249.37270465601 745.497
-11.574369908959433 24.490401000000002 57249.373287377035 892.83
21.845369581882014 17.889768 57249.373287521885 844.27
-12.662137794283195 22.405421999999998 57249.373287371425 794.152
17.60082416849945 26.262093 57249.373287340815 745.51
13.403357108232116 23.01039 57249.37386963491 892.944
-26.584412475578436 20.774169 57249.37386978171 844.147
55.666264799318185 20.460882 57249.37386963117 794.143
0.40173244156021104 24.112296 57249.37386959886 745.541
15.440369923422281 24.879309000000003 57249.37445232069 892.851
35.77764434291635 26.35932 57249.37445246605 844.236
-28.932434625886682 21.984105000000003 57249.37445231485 794.149
-9.627824824569114 28.185027 57249.37445228338 745.547
33.91799798057576 24.749673 57249.375035001634 893.224
40.51502144954862 23.107617 57249.37503515016 844.291
4.917016946073833 21.044244000000003 57249.37503499936 794.191
25.905864684492467 27.353196 57249.37503496862 745.543
-3.200352836104734 21.022638 57249.37561810705 893.674
0.12623752844543873 19.812702 57249.375618261125 844.233
3.319716291741336 20.017959 57249.37561811146 794.098
-0.5370796716119582 20.601321000000002 57249.375618079364 745.524
2.4019754691243587 23.690979000000002 57249.37619994161 893.524
39.721763196226526 18.786417 57249.376200093066 844.342
48.04275071170014 19.953141 57249.37619994427 794.136
24.232637974867703 24.879309000000003 57249.37619991186 745.56
33.306416411558686 27.839331 57249.37678220055 893.546
34.6298802636843 20.568912 57249.376782353145 844.239
28.32872890544314 22.113741 57249.37678220309 794.121
-4.021271978370787 28.465905000000003 57249.37678217026 745.565
-12.692883540730156 23.215647 57249.377364459906 893.447
9.083472619387743 19.98555 57249.377364609725 844.391
-0.7252902554892002 19.326567 57249.37736446122 794.144
-17.47195335342019 19.780293 57249.37736443011 745.501
31.160490988415855 29.643432 57249.37794757028 893.524
-1.8969534113215707 22.427028000000004 57249.37794772225 844.238
-46.09461946042355 26.942682 57249.37794757116 794.159
50.88644947940015 30.799353000000004 57249.3779475413 745.517
8.043742820624567 24.663249 57249.378529403155 893.5
-7.653593144089556 23.507328 57249.37852955564 844.193
-56.33349287718035 27.342393 57249.378529403926 794.159
19.438688009250452 23.582949 57249.37852937401 745.507
29.97449609876778 25.214202 57249.379113791954 893.497
-27.699734136739213 22.286589 57249.37911394513 844.099
25.364245112929137 22.729512 57249.37911379365 794.142
-24.613569853828697 21.508773 57249.379113762196 745.497
-11.897225953794456 23.65857 57249.379694349394 893.232
39.242106415230595 19.564233 57249.37969449933 844.227
1.7348793186258396 23.323677 57249.3796943486 794.132
-27.819915043626903 28.131012 57249.37969431669 745.526
7.508978487956004 23.669373 57249.38027703863 892.838
3.5883559659607083 20.763365999999998 57249.380277184246 844.183
3.8090389595812906 25.992017999999998 57249.38027703297 794.159
-25.53680772113533 28.95204 57249.38027700202 745.497
-2.4891303697405056 30.604899 57249.38085929417 893.132
-75.2020323633057 32.527833 57249.38085944317 844.104
-8.187393458788703 20.601321000000002 57249.38085929158 794.164
-38.184496403631044 21.724833 57249.380859259974 745.536
9.447554357130553 23.453313 57249.381442401565 893.452
-14.049441058624515 26.618592000000003 57249.38144255561 844.023
22.656477163480318 21.670818 57249.381442403086 794.135
-1.3105819833424015 23.096814 57249.381442370955 745.544
10.738070217314545 26.68341 57249.38196716342 893.007
9.732732295185347 23.474919 57249.38196730984 844.265
-8.64283410838737 19.294158 57249.38196715975 794.136
-4.6931068127561115 24.285144000000003 57249.381967128196 745.531
48.62862943118285 23.842221000000002 57278.16985366408 892.092
-2.475171390139921 27.968967000000003 57278.169853795946 844.585
27.57220617024208 31.771623 57278.169853648586 794.26
-31.051598917726025 27.515241 57278.16985361827 745.527
20.627519258996568 33.554118 57278.17043464926 892.369
-39.07283682991399 27.580059000000002 57278.170434785134 844.498
15.344533687386003 27.158742 57278.17043463668 794.277
-12.517989261444795 25.343838 57278.17043460659 745.548
-4.942504689499465 26.089245 57278.17101904802 892.092
32.20005369854382 28.033785 57278.171019181245 844.558
10.89285722969428 24.620037 57278.17101903362 794.216
61.622726191796296 31.966077000000002 57278.17101900254 745.6
4.859458647676307 26.002821 57278.17160131527 892.018
-30.049615777888707 26.100048 57278.17160144671 844.57
-8.1571318655682 26.867061000000003 57278.17160129992 794.204
-30.078750543201853 28.746783 57278.171601268186 745.58
-14.610058214522622 30.702126000000003 57278.17218315312 892.232
25.60195909689271 22.481043 57278.172183286915 844.635
23.24107908855822 20.601321000000002 57278.17218313981 794.26
-28.491557081330946 29.481387 57278.172183109134 745.551
18.564323715249508 27.093923999999998 57278.17276584673 892.145
-19.79417410313835 23.021193 57278.17276597931 844.585
5.67722009572455 26.445744 57278.17276582872 794.467
1.2166275429420037 27.774513000000002 57278.172765801166 745.583
17.913101727160498 23.399298 57278.17334896538 892.105
6.356651391875698 28.509117000000003 57278.17334909883 844.507
10.460792944624892 25.322232000000003 57278.173348949684 794.292
17.919986957727883 26.305305000000004 57278.1733489201 745.555
-8.658211268235629 19.942338000000003 57278.17393080585 892.069
-32.07842801404296 22.427028000000004 57278.17393093879 844.506
15.038871438532784 21.649212 57278.17393079153 794.201
-9.366850166613178 19.888323 57278.17393075957 745.588
-9.465762694851346 25.948806 57278.17451392284 892.183
24.701711986814324 22.459437 57278.17451405784 844.493
-19.37442354093815 23.302071 57278.17451390866 794.246
-12.905473071061412 36.017202000000005 57278.174513878235 745.562
12.977334005693688 27.396408 57278.17509533785 892.155
-29.971560313996232 28.51992 57278.17509546882 844.716
30.829610037030694 24.187917000000002 57278.175095322455 794.327
-12.409796453550065 31.652790000000003 57278.17509529308 745.541
-31.531011480955332 30.334823999999998 57278.17567930824 892.083
5.779564527935729 27.968967000000003 57278.17567944013 844.655
-11.344980764695075 25.365444 57278.17567929224 794.317
6.488828966862659 35.97399 57278.17567926253 745.589
-10.035968612748508 24.630840000000003 57278.17626157542 892.028
1.0019557368758982 23.410101 57278.17626170759 844.563
-3.9555473764196916 28.314663000000003 57278.17626156054 794.195
-2.668094950804796 28.811601000000003 57278.17626152984 745.531
18.613013049517583 28.174224 57278.1768442678 892.05
-24.001675520361037 23.302071 57278.17684440012 844.521
-30.341357607258065 24.004266 57278.17684424982 794.371
-12.23071190640925 27.374802000000003 57278.176844222464 745.507
-11.66276393282405 25.203398999999997 57278.17742695907 892.112
24.355385317727862 25.959609 57278.17742709298 844.52
22.035516776095825 23.788206 57278.17742694138 794.458
88.47487690219378 32.149728 57278.177426914735 745.571
-14.638014735651026 28.887221999999998 57278.17800922566 892.086
-13.362199078064126 20.655336000000002 57278.17800935692 844.675
-50.82737786218526 21.865271999999997 57278.17800920692 794.456
17.71361855977669 33.478497 57278.17800917957 745.608
37.340613113018634 26.002821 57278.17859191967 891.983
13.321167081632282 22.718709 57278.178592050564 844.593
-4.894543724365172 26.391729 57278.178591899996 794.439
-27.338934351252764 32.560242 57278.17859187179 745.584
24.244634648819474 25.765155000000004 57278.17917503819 891.943
-44.644993516309405 20.990229 57278.17917516809 844.596
18.54320101039848 24.382371000000003 57278.17917501909 794.401
-3.8986360400000093 24.987339 57278.17917499061 745.567
7.4995996660620845 30.432051 57278.17969852291 892.042
-48.22356960995575 27.677286000000002 57278.17969865466 844.547
24.18992127337122 29.611023 57278.1796985043 794.456
-37.586745288206814 34.148283 57278.17969847602 745.577
22.68943373209079 25.27902 57289.23595221566 896.094
-5.989291100613265 20.914608 57289.23595199803 841.996
21.22542891306611 28.433496 57289.23595224045 794.452
9.587409802868212 20.212413 57289.235952210496 745.695
29.187129076174198 23.485722 57289.23653406609 895.647
7.296071908408015 20.288034000000003 57289.2365338455 841.861
-3.4094718997586204 25.127778000000003 57289.236534085554 794.464
-15.725744061985472 23.885433 57289.236534057 745.629
-42.245964107448394 21.973302 57289.23711717904 896.55
20.3843253764947 23.917842 57289.23711697729 841.223
-28.94804315767102 27.180348000000002 57289.23711720797 794.51
2.1332115444166875 25.613913 57289.23711717844 745.747
-23.614735847533375 26.305305000000004 57289.23770330328 894.776
-6.624214758283535 25.851579 57289.237703073544 841.882
-6.507654274398541 22.25418 57289.23770331388 794.472
-53.474344132781376 23.917842 57289.2377032869 745.529
31.218751960465575 25.570701000000003 57289.238281315884 894.783
41.65309394878482 27.083121000000002 57289.23828108013 842.349
14.044630435434001 25.365444 57289.23828132594 794.486
10.128999382944366 23.604555 57289.23828129437 745.815
-20.510576561479617 34.753251000000006 57289.23880650569 895.159
-24.11036533532379 26.737425 57289.23880627816 842.01
-27.038469232908064 26.175669000000003 57289.238806519235 794.529
-18.406678036583774 30.680519999999998 57289.23880648975 745.746
-4.32033177667616 20.633730000000003 57290.22532783563 892.205
-20.659498057658517 19.87752 57290.225327972585 844.313
33.10055359891934 22.751117999999998 57290.22532781849 794.49
-24.79429966679541 22.156953 57290.22532779141 745.542
-34.04236827106479 23.669373 57290.225911385154 892.204
-48.21699287003328 19.780293 57290.22591152225 844.303
16.005862869950178 24.825294000000003 57290.225911367175 794.553
25.429532703113615 23.55054 57290.22591134192 745.538
-10.446288938001796 24.598431 57290.22649323021 892.322
-6.17282726858177 22.6863 57290.22649336799 844.366
-11.521511736516864 21.724833 57290.22649321278 794.562
25.854356142141313 23.183238000000003 57290.22649318882 745.493
11.93119027499664 30.540081 57290.22707336495 893.043
-38.645356989783224 24.339159000000002 57290.22707308868 843.994
-15.885458274865021 22.524255000000004 57290.22707335529 794.543
-32.25297096869046 25.689534000000002 57290.22707333032 745.498
-22.138065974829576 23.636964 57290.22765905363 892.166
-20.760569986159933 23.11842 57290.22765918901 844.419
-5.837811743641139 24.079887 57290.22765903605 794.475
-38.045999168415136 28.390284 57290.227659009615 745.511
-12.87787216675957 26.780637 57290.228182543375 892.299
1.9179827501861049 26.856258 57290.22818268159 844.322
-24.16114980218536 22.491846000000002 57290.2281825271 794.463
-28.06156650887862 32.733090000000004 57290.22818249999 745.555
-5.4475344242267525 21.227895 57292.232931983235 892.109
12.18354875713176 19.002477 57292.23293211458 844.702
-30.890427970389023 23.55054 57292.232931966784 794.329
-54.908580078278064 19.521021 57292.2329319376 745.544
22.15819984783461 21.606 57292.23351425715 892.06
-7.4983905382022655 24.177114 57292.23351438866 844.604
5.344668172929849 23.647767 57292.23351424022 794.332
42.03745005675103 28.541526000000005 57292.23351421202 745.531
7.729584362930315 23.031996 57292.234096527805 892.267
14.359744345309094 20.936214 57292.234096660715 844.703
59.3661700729397 27.126333 57292.23409651413 794.318
-28.585568117144852 32.689878 57292.234096484324 745.528
-23.98446030452167 23.031996 57292.234680078225 892.279
2.4857122131311975 21.843666 57292.2346802109 844.749
-20.564917183837178 24.641643 57292.23468006399 794.326
45.14387585624444 28.595541 57292.23468003533 745.569
34.68877534737382 23.161632 57292.2352627795 892.133
-0.08186181730706309 26.553774 57292.23526290909 844.812
-8.064290509234132 24.393174 57292.23526276272 794.354
-2.0267059462489736 22.848345 57292.23526273345 745.588
24.661741662441475 23.604555 57292.23578712403 892.066
2.6795698001186743 21.746439 57292.23578725468 844.684
93.28955540864204 32.041698000000004 57292.23578710767 794.364
-23.13698996480248 28.703571 57292.23578707706 745.592
57.54766799737518 21.011835 57293.23795532602 892.248
-17.01161978334747 23.366889 57293.237955459146 844.596
12.3796300123416 22.610679 57293.2379553098 794.397
-49.299850692122206 30.583293 57293.23795527454 745.904
29.903814312282638 22.945572 57293.23853759958 892.222
24.514868169258495 24.95493 57293.23853773281 844.629
32.49262672975373 24.933324 57293.238537583835 794.384
39.27268079521947 27.817725 57293.23853754976 745.872
-22.94366365902361 20.795775 57293.23912029811 892.26
27.31314241126057 21.271107 57293.23912043202 844.658
-3.7299586028831913 21.184683 57293.23912028206 794.443
-7.724647698096953 20.396064 57293.23912024925 745.846
47.345058790605925 23.053602 57293.239703849955 892.299
-1.2355299714657235 22.621482000000004 57293.239703985266 844.492
3.143253874683197 26.532168 57293.239703834115 794.409
25.75521653475862 20.676942 57293.23970380124 745.838
9.3943362841516 19.326567 57293.240286123364 892.277
-0.8824080467769787 20.352852000000002 57293.24028625831 844.536
10.944460041882815 25.635519000000002 57293.240286108885 794.339
13.322306766789831 22.340604 57293.240286074186 745.866
0.07690123104747786 22.146150000000002 57293.24081046688 892.35
-54.2789221014314 23.896236000000002 57293.24081060161 844.575
-1.325809183229145 26.705016 57293.24081045273 794.367
-33.13229674749067 26.542971 57293.24081041741 745.901
-11.28016019820859 24.393174 57297.22720248523 893.498
-12.908416541335383 22.286589 57297.22720263435 844.466
12.703317255438751 24.317553000000004 57297.227202482085 794.476
5.129529353904204 26.402532 57297.22720244853 745.911
2.2200031535372555 21.562788 57297.22778646742 893.27
3.55583214335936 20.244822 57297.227786614814 844.411
-28.347815579781397 26.14326 57297.22778646212 794.415
-25.7300354933536 29.103282000000004 57297.22778642829 745.882
-6.706880370794587 19.207734000000002 57297.22836874154 893.413
-12.318977393712869 21.670818 57297.22836889222 844.269
5.326467513879793 23.831418 57297.2283687386 794.394
12.48137889610606 30.507672 57297.22836870457 745.878
52.29089086206466 26.845455 57297.22895059303 893.322
5.537844520784926 20.061171 57297.2289507405 844.406
28.34943602286361 24.144705000000002 57297.22895058941 794.347
13.783518671267352 22.815936 57297.22895055439 745.879
-8.47008209163473 27.968967000000003 57297.22953371806 893.502
-5.376565563761357 22.967178000000004 57297.22953386837 844.381
3.7150750584428653 24.468795 57297.2295337159 794.406
78.88273958675263 28.314663000000003 57297.22953368208 745.919
-15.242115527817532 33.024771 57297.230057642075 893.161
1.2838688676811918 22.210968 57297.230057788496 844.409
40.54865498173168 30.799353000000004 57297.230057637076 794.384
-9.842063897596864 28.865616 57297.23005760132 745.927
23.785303656852715 31.026216 57307.19889345496 899.104
10.758203202287412 21.746439 57307.19889327006 841.95
12.821415884636775 24.360765 57307.19889350381 794.96
-29.44500085245446 26.564577 57307.1988934947 744.97
-15.816657385738047 29.989128000000004 57307.19947275045 899.487
-30.82941634808482 20.698548000000002 57307.199472569315 841.97
-2.7686613061040086 30.810156 57307.199472802116 795.058
-30.173896981951692 25.959609 57307.19947279216 745.106
22.13973783536963 27.396408 57307.200058443355 899.19
-1.6136735183223005 23.075208 57307.20005825709 842.117
-10.51419436531374 26.305305000000004 57307.20005849131 795.061
-16.214925343141896 23.950251 57307.20005848308 745.029
40.30715348777941 36.265671000000005 57307.20064157802 899.109
-35.83460621818361 19.218537 57307.20064138723 842.355
-51.03654406699394 24.706461 57307.20064162478 795.039
-10.886172481540335 30.410445 57307.20064161617 745.06
31.88721059474593 32.149728 57307.201223433316 899.141
-7.490399901306518 22.059726 57307.201223246324 842.119
11.751000322246 23.464116 57307.20122348329 794.905
-47.45091992997995 33.532512 57307.20122347084 745.094
23.1460997592995 32.581848 57307.201748187814 901.329
8.797994768918347 27.201954 57307.201748029955 841.669
-31.81634366973662 27.245166 57307.20174825807 795.059
-20.664849431479436 36.741003 57307.20174824501 745.298
11.300418323075766 23.593752000000002 57308.04841774519 893.587
0.7897903777303601 19.866717 57308.048417895036 844.475
-7.315312815356857 21.195486000000002 57308.04841774291 794.448
-12.371951253427616 25.9272 57308.04841771537 745.564
-25.150827792080143 21.93009 57308.04899917368 893.697
15.463150746822599 22.275786 57308.04899932411 844.569
-12.712986535076807 21.508773 57308.04899917283 794.456
15.744853935801439 23.474919 57308.04899914482 745.617
14.814456627913605 23.809812 57308.049583155895 894.077
-35.2325405776166 20.428473 57308.04958330851 844.636
33.896309735279566 28.411890000000003 57308.04958315934 794.447
-27.691927747137875 30.615702000000002 57308.04958313082 745.581
-30.94128956261215 26.478153000000002 57308.05016671786 893.834
5.32861834557007 21.411546 57308.05016686938 844.595
-4.831291293181611 22.956375 57308.05016671875 794.449
-5.45663047006687 24.468795 57308.05016669193 745.529
-25.86674181291797 20.903805000000002 57308.05074857238 893.983
-16.0454509841035 21.584394 57308.05074872614 844.521
-30.87090339721747 22.988784000000003 57308.05074857447 794.452
20.984184490529177 22.794330000000002 57308.05074854869 745.508
23.015396060808367 23.507328 57308.0513317028 894.362
1.871422824777458 21.670818 57308.05133185994 844.548
2.3384831045349124 30.993807000000004 57308.05133170877 794.453
19.1231242342461 27.817725 57308.05133168178 745.552
20.85583728024405 25.311429 57308.05191398339 894.493
29.02310035204761 19.704672 57308.05191414332 844.466
41.3374744719571 26.737425 57308.051913991265 794.451
19.857907300152977 27.698892 57308.05191396449 745.515
20.20575069093372 25.948806 57308.052496268065 894.245
8.212167475299891 22.664694 57308.05249642535 844.446
-19.704970311949914 25.084566 57308.05249627235 794.466
-14.474063132019397 25.657125 57308.05249624632 745.504
-3.5218549729986717 22.383816 57308.0530794078 893.68
-1.479066618028975 19.726278 57308.053079558726 844.481
3.1460945146943127 24.95493 57308.05307940678 794.451
-17.461122084598824 22.697103000000002 57308.05307938074 745.476
3.50559181160317 22.589073000000003 57308.053662536826 894.144
0.0550544415910295 18.483933 57308.05366269401 844.377
-6.337190191159706 26.013624 57308.05366254068 794.446
25.938542764228547 22.794330000000002 57308.053662515544 745.456
8.264592914779628 22.502648999999998 57308.05424396621 894.217
-8.216592496021931 22.297392000000002 57308.05424412083 844.627
-14.303903248975075 20.882199 57308.05424397064 794.45
-19.909192163273826 22.189362 57308.05424394444 745.493
-3.3252938511446595 29.189706 57308.05482667529 894.102
-11.275931373742031 24.728067000000003 57308.05482682901 844.609
-8.973513699048027 21.584394 57308.05482667883 794.44
15.47767528424048 32.214546 57308.054826652864 745.491
1.9799326874990615 22.373013 57308.05540853162 894.084
24.763833311031505 20.180004 57308.05540868596 844.572
-35.27258802636105 21.854469 57308.05540853429 794.46
-17.67616664433449 21.660015 57308.05540850796 745.523
-21.733996774830626 25.948806 57308.05598995655 894.541
-10.879921360647833 24.112296 57308.05599011781 844.404
7.831838821187142 27.914952 57308.05598996527 794.436
6.037959906113464 26.046033 57308.05598993707 745.592
-25.26020312871428 25.333035 57308.05657522455 894.138
-4.528786738669054 22.697103000000002 57308.0565753808 844.467
4.5061182134273405 24.015069 57308.056575228475 794.467
-27.25416504462636 19.499415000000003 57308.05657520107 745.556
-32.175335393006016 20.601321000000002 57308.05715708296 893.913
-7.1418324259711845 21.476364 57308.05715723586 844.544
-3.7283304841104474 21.368334 57308.057157084884 794.439
-39.78312099564617 24.674052 57308.05715705713 745.549
30.015331914805415 21.465561 57308.05773894241 893.667
-3.6809822059403734 22.016514 57308.05773909119 844.605
-11.52369256112281 19.974747 57308.05773894082 794.442
2.2011469622434694 29.438175 57308.057738913594 745.554
-21.458321911558933 31.490745 57308.05826371898 893.74
0.5537473643427935 20.234019 57308.058263867984 844.7
2.4513503284817273 29.502993 57308.05826371892 794.443
-25.679808017194233 25.559898 57308.05826369109 745.561
22.598511851185314 23.345283 57339.130582129 892.487
-0.7419870472853533 20.784972 57339.13058226589 844.547
9.35649965357673 17.198376 57339.13058211688 794.315
8.534817865362113 23.993463000000002 57339.13058208835 745.507
17.411619588151982 24.393174 57339.13116485842 892.496
-0.43204884301034513 16.63662 57339.13116499524 844.565
-19.947594359904645 20.071973999999997 57339.13116484665 794.28
15.998343536377169 19.737081 57339.13116481739 745.541
17.706754760925815 24.058281 57339.13174673702 892.407
0.20547123666043718 22.481043 57339.13174687387 844.487
-12.046880112519851 16.755453 57339.13174672217 794.424
2.5753401782162806 27.536846999999998 57339.13174669408 745.583
14.521360892593137 21.638409000000003 57339.132329893946 892.276
8.205162280198996 17.219982 57339.132330030385 844.419
17.793006519870044 18.764811 57339.13232988148 794.201
15.895712040984748 27.0075 57339.13232985034 745.553
-34.0949736746091 27.904149 57339.13291304904 892.266
17.5848086299306 20.806578000000002 57339.132913186004 844.422
-16.00744725765023 20.104383 57339.13291303718 794.166
25.024400948133543 21.541182000000003 57339.13291300537 745.587
-2.3952478748775774 22.070529 57339.13349620584 892.185
13.148766399169967 22.221771 57339.13349634153 844.42
-4.970212710770409 19.953141 57339.13349619257 794.185
-10.346768011565635 18.851235 57339.13349616064 745.58
24.940531384707647 27.688089 57339.13407808306 892.253
18.634645622334702 18.732402 57339.13407821922 844.421
-12.68275921937902 22.200165000000002 57339.134078069765 794.208
15.075902589895103 25.657125 57339.13407803833 745.593
-7.177766733254283 22.200165000000002 57339.13466081211 892.268
2.931469839109358 19.909929 57339.13466094884 844.404
6.480739788293026 23.021193 57339.13466079753 794.341
28.55843084433639 27.331590000000002 57339.13466076944 745.519
13.543152577653572 21.962498999999998 57339.13524183851 892.225
15.185599265879898 19.996353000000003 57339.135241973505 844.496
-6.840326167414423 20.676942 57339.13524182502 794.214
24.75334908652341 18.764811 57339.13524179515 745.516
24.600802882885 22.815936 57339.13582712523 892.116
8.754678230481899 19.369779 57339.135827260296 844.382
-24.650943778027333 19.391385 57339.13582710914 794.285
-8.28091606168443 23.075208 57339.13582708004 745.524
31.863534321973713 20.169201 57339.1364090025 892.158
7.014467266482538 18.58116 57339.13640913718 844.44
18.71075162770613 21.919287 57339.13640898643 794.341
29.044651516944153 25.268217 57339.136408957485 745.558
10.85643877863031 22.783527 57339.13699002778 892.175
-11.14999206904038 22.146150000000002 57339.13699016364 844.364
-18.552296172147912 24.166311 57339.1369900117 794.341
-19.85204518320236 21.82206 57339.13698998295 745.54
33.47990111070741 21.854469 57339.13757318302 892.229
7.058460762128053 18.743205000000003 57339.13757331925 844.377
49.6526393360118 23.096814 57339.13757316863 794.303
18.947000298322788 23.950251 57339.13757313907 745.534
8.526021736948156 21.530379 57339.13815633866 892.195
19.764140490765815 18.516342 57339.13815647473 844.395
51.41149654982147 20.439276000000003 57339.13815632447 794.286
-52.02403267533123 24.73887 57339.13815629303 745.576
-16.189650938583846 25.289823000000002 57339.13873864136 892.253
-19.20441362615325 20.342049 57339.13873877917 844.295
8.808410449890914 19.456203000000002 57339.13873862668 794.346
-15.915818420694109 23.377692 57339.13873859715 745.572
-20.022646372296094 23.107617 57339.13932179707 892.236
16.613237043152363 21.271107 57339.13932193381 844.4
-7.141673900442211 21.443955000000003 57339.13932178398 794.221
8.499491962402407 18.743205000000003 57339.13932175298 745.573
-16.65079857491194 30.46446 57339.13990367539 892.178
-9.491041393160751 20.320443 57339.13990381174 844.355
3.3482469416524308 21.271107 57339.13990365966 794.357
31.057563884415586 25.71114 57339.13990363072 745.582
18.300735504529666 36.092822999999996 57339.14042804595 892.297
-25.592215208866243 22.567467 57339.14042818387 844.286
53.83914658626301 23.788206 57339.14042803272 794.29
51.44776076360733 23.799009 57339.14042800264 745.569
2.570455821104504 21.238698 57367.06231938964 892.229
11.693553426171976 23.323677 57367.06231952617 844.383
15.658460795364423 22.869951000000004 57367.0623193773 794.162
-3.8903883336156966 24.231129 57367.06231934455 745.594
36.637526985589595 19.467006 57367.06290086204 892.128
1.1388462894575941 19.153719000000002 57367.0629009974 844.349
-11.958905977616661 24.620037 57367.0629008471 794.214
10.24202085646517 22.25418 57367.062900816076 745.57
8.787531964981714 23.528934000000003 57367.06348360902 892.273
-16.336305925136255 19.110507000000002 57367.063483744605 844.464
-18.289911907526566 19.866717 57367.06348359645 794.178
-5.481639241201026 24.566022 57367.06348356717 745.44
-27.58108283238251 21.649212 57367.064066357554 892.266
-3.8308377301759444 17.392830000000004 57367.064066493585 844.467
0.25837654293764956 23.269662 57367.06406634557 794.176
45.17401751325958 20.990229 57367.06406631647 745.449
11.203043944612151 20.374458 57367.06464910756 892.203
-15.274733620389437 19.283355000000004 57367.06464924166 844.519
16.515275683147287 24.609234 57367.06464909406 794.213
-13.184665538599297 20.655336000000002 57367.06464906372 745.5
-27.10129751518058 21.595197 57367.065231429864 892.216
-13.705475176107784 19.909929 57367.065231566805 844.344
7.983673797719901 19.488612 57367.06523141655 794.233
-23.99464034941577 22.36221 57367.06523138707 745.469
3.956949311725477 26.337714 57367.065814179135 892.213
-19.499385991592014 20.601321000000002 57367.06581431526 844.372
19.10398098912126 18.192252 57367.0658141657 794.224
17.734287118335423 23.086011000000003 57367.065814136906 745.443
-27.878403112626394 24.479598 57367.06639607218 892.536
11.835743934579959 19.920732 57367.06639621414 844.246
-20.38629537815597 20.482488 57367.066396062284 794.215
-20.12526501885192 22.318998 57367.066396033915 745.414
-6.386873538255887 20.666139 57367.0669801025 892.237
-10.920435827970977 21.314319 57367.06698023831 844.434
-31.764543786831187 21.022638 57367.066980089854 794.159
1.8684922110773856 19.564233 57367.06698005928 745.507
-23.802856472074506 18.149040000000003 57367.06756114815 892.153
-7.101240846172072 18.440721 57367.06756128215 844.524
13.231539127486615 25.538292000000002 57367.06756113536 794.156
12.099931988303524 22.351407000000002 57367.067561103744 745.539
-56.5488459786416 25.084566 57367.06814347008 892.207
-28.076425257369678 20.147595 57367.06814360423 844.569
-14.32975607579883 25.451868 57367.06814345765 794.175
-20.482967100252285 22.6863 57367.06814342625 745.54
25.26151938313232 26.175669000000003 57367.06872749824 892.173
26.5874382690024 16.74465 57367.068727632 844.546
-12.898947750198621 18.235464 57367.068727484475 794.177
1.0977362786651472 29.092479 57367.06872745232 745.595
-22.73709818707309 20.838987 57367.06930896679 892.341
8.65612560427281 20.342049 57367.069309102335 844.576
10.20151496360149 21.692424 57367.06930895602 794.154
-0.4252493030257978 22.405421999999998 57367.0693089231 745.602
-26.36879381584446 23.431707000000003 57367.069891289284 892.375
-4.151118776218028 16.377348 57367.06989142524 844.564
-15.656990310633525 21.800454000000002 57367.06989127907 794.125
-10.758399402941368 21.93009 57367.06989124585 745.604
-36.51622692484704 20.925411 57367.07047403861 892.323
-14.491638257953689 19.175325 57367.07047417454 844.522
-24.439236868428452 20.125989 57367.07047402712 794.173
-38.657460795994666 24.231129 57367.070473995394 745.551
-15.600751644488561 27.806922 57367.07105678747 892.349
8.008673997092284 15.297048 57367.07105692312 844.567
8.513185304110406 22.599876000000002 57367.071056776 794.198
-58.16255207815788 22.556664 57367.07105674504 745.498
3.086226858019932 22.772724 57367.07163868618 892.203
2.2712503501632044 18.462327000000002 57367.071638819296 844.62
-23.45917335423054 21.184683 57367.071638672525 794.2
9.408766567885817 24.987339 57367.07163864039 745.625
48.659276670031254 20.763365999999998 57367.07216435227 892.314
7.806551562581013 19.629051000000004 57367.0721644874 844.52
-22.58324091895912 30.107961000000003 57367.07216434017 794.143
14.772305485081073 28.368678000000003 57367.07216430703 745.635
-27.458609711813754 24.004266 57397.08277113801 892.753
11.303905934346608 20.061171 57397.08277127854 844.539
9.983664042858614 17.954586000000003 57397.08277114412 793.344
7.492517354883676 25.149384 57397.082771099354 745.573
33.43219294880743 21.357531 57397.08335304975 892.93
23.33448174191473 21.573591 57397.0833531914 844.556
-23.056415220975808 34.623615 57397.08335305662 793.348
8.141721332672967 21.768045 57397.0833530123 745.573
-16.3488210247932 23.096814 57397.083935386676 893.063
-6.232120806136146 18.192252 57397.0839355278 844.729
11.390800371980239 24.868506 57397.083935393086 793.535
-11.554763940100663 20.838987 57397.0839353514 745.552
1.7588812259981086 22.405421999999998 57397.08451686801 893.603
16.821452079402924 18.872841 57397.08451701806 844.49
0.619913273755528 22.210968 57397.08451687212 794.042
-31.567164328720356 32.463015 57397.08451683738 745.592
12.178621564934415 20.547306 57397.08509963064 893.829
25.093051893454245 21.195486000000002 57397.0850997857 844.286
1.3774257417049343 24.641643 57397.08509963692 794.052
-4.0136069693764584 34.051056 57397.08509960292 745.577
-22.129047071081025 20.871396 57397.08568281754 894.168
19.99455793355591 23.312873999999997 57397.08568255459 843.972
-6.677857008728112 22.459437 57397.08568282762 794.061
-3.0653260562994853 25.095369 57397.08568279604 745.46
38.544264566261134 21.71403 57397.0862643095 893.767
20.149027888686494 21.249501000000002 57397.086264464975 844.173
12.50775872281665 22.524255000000004 57397.08626432119 793.645
-53.122931781583624 32.171334 57397.086264281774 745.494
-15.592868123694865 23.799009 57397.08684835334 893.625
-6.601232575877829 19.412990999999998 57397.08684850576 844.317
-24.897475319153337 23.496525000000002 57397.08684836475 793.576
21.938716540326 26.100048 57397.08684832508 745.521
-22.430836110260508 26.542971 57397.087430256826 894.498
14.938287960782485 22.102938 57397.08742999682 844.015
31.55745220499112 23.680176000000003 57397.08743027271 793.943
4.72214393277283 21.454758 57397.08743023794 745.515
24.221772451367926 21.692424 57397.08801430642 893.929
25.897231400243808 17.382027 57397.08801446257 844.274
-5.328578895957098 25.916397 57397.088014319095 793.691
17.374104301753054 28.325466 57397.0880142806 745.538
-3.4584825764971554 25.559898 57397.0885953726 893.413
33.93951490390533 20.633730000000003 57397.0885955228 844.338
2.406024347591913 21.152274 57397.088595384164 793.429
-34.286629032921184 23.042799 57397.0885953407 745.552
18.10317181277503 21.260304 57397.089120623365 893.853
-10.264629400974957 18.181448999999997 57397.08912077601 844.458
-34.894260271281695 29.027661000000002 57397.08912063096 793.951
-50.08606094707763 29.405766 57397.089120595614 745.56
11.11065457700055 10.716576 57072.62599952319 893.566
-6.591198201910605 11.753664 57072.62599967348 844.41
-33.62840603950285 11.494392000000001 57072.62599952075 794.411
14.394930974576265 17.014725000000002 57072.62599949273 745.585
7.8797440718850655 11.753664 57072.62658057581 893.437
14.13723183356579 12.499071 57072.62658072463 844.438
-3.2402310412913433 11.245923000000001 57072.626580572534 794.4
27.72650898074549 21.184683 57072.62658054421 745.582
-0.2903253471343428 12.120966000000001 57072.62716460865 893.461
-9.959335593675595 11.699649 57072.62716475663 844.51
3.5089765788481104 12.790752 57072.627164605365 794.429
-39.92843055846745 15.761577 57072.627164576304 745.599
-5.2852816210405855 19.099704 57072.62757185087 893.907
-4.066700783569663 18.829629 57072.62757200338 844.541
-21.614128595278096 22.25418 57072.627571852 794.439
-37.99855870330278 25.116975 57072.627571823665 745.585
