MODE 1
 guppi_57474_0214+52_00    377.550  57474.1432875889340    0.00   90.78        1
 guppi_57474_0214+52_00    324.242  57474.1432873868521    0.00   45.79        1
 guppi_57474_0214+52_00    377.585  57474.1449738328068    0.00   62.81        1
 guppi_57474_0214+52_00    324.360  57474.1449736237047    0.00   52.21        1
 guppi_57508_0214+52_00    325.390  57508.9687101748831    0.00   32.83        1
 guppi_57508_0214+52_00    378.095  57508.9720975299536    0.00   66.47        1
 guppi_57508_0214+52_00    325.390  57508.9720975624836    0.00   34.89        1
 guppi_57536_0214+52_00    378.036  57536.8945804935598    0.00   56.42        1
 guppi_57536_0214+52_00    325.390  57536.8945805231627    0.00   29.07        1
 guppi_57536_0214+52_00    378.018  57536.8962446722239    0.00   50.37        1
 guppi_57536_0214+52_00    325.390  57536.8962447027146    0.00   30.11        1
 guppi_57570_0214+52_00    378.261  57570.8067677917994    0.00   77.44        1
 guppi_57570_0214+52_00    377.887  57570.8084566564189    0.00   75.23        1
 guppi_57570_0214+52_00    325.390  57570.8084566800107    0.00   42.67        1
 guppi_57607_0214+52_00    376.680  57607.7226546455250    0.00   62.22        1
 guppi_57607_0214+52_00    325.390  57607.7226546231258    0.00   26.64        1
 guppi_57607_0214+52_00    376.451  57607.7243255474576    0.00   63.13        1
 guppi_57607_0214+52_00    325.390  57607.7243255149469    0.00   28.77        1
 guppi_57637_0214+52_00    377.763  57637.6195780402737    0.00   85.92        1
 guppi_57637_0214+52_00    325.684  57637.6195780431262    0.00   39.78        1
 guppi_57637_0214+52_00    325.655  57637.6212412677506    0.00   47.01        1
 guppi_57700_0214+52_00    375.328  57700.4737823557054    0.00   68.14        1
 guppi_57700_0214+52_00    325.390  57700.4737825626743    0.00   54.04        1
 guppi_57700_0214+52_00    374.996  57700.4754755873722    0.00   94.42        1
 guppi_57700_0214+52_00    325.390  57700.4754757814359    0.00   45.47        1
 guppi_57754_0214+52_00    377.456  57754.3102879945180    0.00   70.03        1
 guppi_57754_0214+52_00    325.390  57754.3102880025174    0.00   29.60        1
 guppi_57754_0214+52_00    378.578  57754.3126571771615    0.00   71.03        1
 guppi_57754_0214+52_00    325.069  57754.3126572462553    0.00   27.29        1
 GUPPI_0214+5222_57384_    377.792  57384.1073222576633    0.00   54.71        1
 GUPPI_0214+5222_57384_    324.641  57384.1073220398436    0.00   36.63        1
 GUPPI_0214+5222_57666_    346.323  57666.0957392113203    0.00   42.41        1
 GUPPI_0214+5222_57755_    345.456  57755.1619521373732    0.00   28.96        1
 GUPPI_0214+5222_57908_    378.362  57908.6306177624084    0.00   55.60        1
 GUPPI_0214+5222_57908_    324.717  57908.6306175641413    0.00   33.37        1
 GUPPI_0214+5222_57908_    378.450  57908.6323630478483    0.00   44.98        1
 GUPPI_0214+5222_57908_    324.702  57908.6323628523481    0.00   32.50        1
 GUPPI_0214+5222_58594_    378.464  58594.6950807700315    0.00   84.69        1
 GUPPI_0214+52_57448_13    378.320  57448.1533692255061    0.00   82.39        1
 GUPPI_0214+52_57448_13    324.702  57448.1533690255466    0.00   55.77        1
 GUPPI_0214+52_57448_13    324.699  57448.1543552536356    0.00   53.69        1
 GUPPI_0214+52_57474_08    378.119  57474.0952074165218    0.00   85.38        1
 GUPPI_0214+52_57474_08    324.757  57474.0952074892021    0.00   55.24        1
 GUPPI_0214+52_57474_08    378.085  57474.0961981726768    0.00   72.46        1
 GUPPI_0214+52_57474_08    324.745  57474.0961979596451    0.00   54.73        1
 GUPPI_0215+52_56400_83    375.229  56400.9705527229151    0.00   60.61        1
 GUPPI_0215+52_56400_83    324.796  56400.9705526783426    0.00   38.74        1
 GUPPI_0215+52_56400_83    375.313  56400.9739866061734    0.00   59.23        1
 GUPPI_0215+52_56400_83    324.770  56400.9739868506130    0.00   35.24        1
 GUPPI_0215+52_56404_45    375.342  56404.5296834869855    0.00   85.31        1
 GUPPI_0215+52_56404_45    324.702  56404.5296834528590    0.00   37.57        1
 GUPPI_0215+52_56404_45    375.333  56404.5331224692634    0.00   68.94        1
 GUPPI_0215+52_56404_45    324.707  56404.5331224347375    0.00   46.22        1
 GUPPI_GBNCC15681_55353    375.208  55353.9034602497206    0.00   95.73        1
 GUPPI_GBNCC15681_55353    324.753  55353.9034602070852    0.00   53.20        1
 GUPPI_GBNCC15914_55353    375.454  55353.9050579000437    0.00   60.83        1
 GUPPI_GBNCC15914_55353    324.752  55353.9050581531886    0.00   48.37        1
 guppi_57078_0214+5222_    867.310  57078.9094294810674    0.00   33.07        1
 guppi_57078_0214+5222_    769.596  57078.9094295757112    0.00   71.58        1
 guppi_57078_0214+5222_    867.613  57078.9145877302858    0.00   38.70        1
 guppi_57078_0214+5222_    769.596  57078.9145878268073    0.00   98.11        1
 guppi_57101_0214+5222_    867.624  57101.8700485666022    0.00   39.24        1
 guppi_57101_0214+5222_    769.596  57101.8700486635865    0.00   77.41        1
 guppi_57101_0214+5222_    867.591  57101.8734474287033    0.00   44.42        1
 guppi_57101_0214+5222_    769.894  57101.8734475218953    0.00   71.18        1
 guppi_57131_0214+5222_    867.656  57131.7765808528229    0.00   63.58        1
 guppi_57131_0214+5222_    770.371  57131.7765809470007    0.00   28.56        1
 guppi_57131_0214+5222_    867.656  57131.7806500286298    0.00   53.89        1
 guppi_57131_0214+5222_    769.699  57131.7806501241283    0.00   28.81        1
 guppi_57161_0214+5222_    867.656  57161.5253051486852    0.00   32.06        1
 guppi_57161_0214+5222_    769.180  57161.5253052469276    0.00   47.46        1
 guppi_57161_0214+5222_    867.655  57161.5287117434279    0.00   36.38        1
 guppi_57161_0214+5222_    768.834  57161.5287118431724    0.00   41.35        1
 guppi_57192_0214+5222_    868.257  57192.4339854131277    0.00   74.48        1
 guppi_57192_0214+5222_    769.926  57192.4339855107943    0.00   48.12        1
 guppi_57192_0214+5222_    867.806  57192.4391436423948    0.00   77.55        1
 guppi_57192_0214+5222_    768.778  57192.4391437429530    0.00   48.68        1
 guppi_57220_0214+5222_    867.655  57220.3225665357615    0.00   57.43        1
 guppi_57220_0214+5222_    767.589  57220.3225666399536    0.00   31.95        1
 guppi_57220_0214+5222_    867.656  57220.3277243964099    0.00   92.56        1
 guppi_57220_0214+5222_    767.589  57220.3277245017515    0.00   34.67        1
 guppi_57249_0214+5222_    867.655  57249.4036313666535    0.00   61.67        1
 guppi_57249_0214+5222_    768.437  57249.4036314675547    0.00   37.84        1
 guppi_57249_0214+5222_    867.656  57249.4087895172804    0.00   66.51        1
 guppi_57249_0214+5222_    768.437  57249.4087896199483    0.00   49.48        1
 guppi_57278_0214+5222_    892.498  57278.1998748319705    0.00   29.52        1
 guppi_57278_0214+5222_    845.780  57278.1998749833270    0.00   25.59        1
 guppi_57278_0214+5222_    795.053  57278.1998748928929    0.00   43.60        1
 guppi_57278_0214+5222_    745.781  57278.1998748376901    0.00   36.57        1
 guppi_57278_0214+5222_    892.603  57278.2033965215247    0.00   29.82        1
 guppi_57278_0214+5222_    845.780  57278.2033966721422    0.00   22.92        1
 guppi_57278_0214+5222_    795.053  57278.2033965822779    0.00   44.30        1
 guppi_57278_0214+5222_    745.781  57278.2033965267265    0.00   33.53        1
 guppi_57278_0214+5222_    892.228  57278.2067959105864    0.00   27.88        1
 guppi_57278_0214+5222_    845.781  57278.2067960604626    0.00   25.48        1
 guppi_57278_0214+5222_    795.053  57278.2067959709115    0.00   38.02        1
 guppi_57278_0214+5222_    745.781  57278.2067959156386    0.00   30.01        1
 guppi_57308_0214+5222_    892.656  57308.0783133045159    0.00   75.84        1
 guppi_57308_0214+5222_    845.768  57308.0783134552803    0.00   48.76        1
 guppi_57308_0214+5222_    795.773  57308.0783133629868    0.00   30.22        1
 guppi_57308_0214+5222_    745.781  57308.0783133103857    0.00   39.39        1
 guppi_57308_0214+5222_    845.780  57308.0818338446722    0.00   51.02        1
 guppi_57308_0214+5222_    795.776  57308.0818337512466    0.00   32.80        1
 guppi_57308_0214+5222_    745.781  57308.0818336988959    0.00   31.58        1
 guppi_57308_0214+5222_    845.781  57308.0851958062459    0.00   46.96        1
 guppi_57308_0214+5222_    795.525  57308.0851957140419    0.00   35.25        1
 guppi_57308_0214+5222_    745.781  57308.0851956610945    0.00   45.09        1
 guppi_57339_0214+5222_    867.655  57339.1615363146877    0.00   47.20        1
 guppi_57339_0214+5222_    769.974  57339.1615364085773    0.00   46.93        1
 guppi_57339_0214+5222_    867.656  57339.1666946880131    0.00   55.21        1
 guppi_57339_0214+5222_    769.974  57339.1666947836587    0.00   67.58        1
 guppi_57339_0214+5222_    867.680  57339.2650215457881    0.00   41.50        1
 guppi_57339_0214+5222_    769.989  57339.2650216411326    0.00   69.54        1
 guppi_57339_0214+5222_    867.656  57339.2682678962247    0.00   37.34        1
 guppi_57339_0214+5222_    769.890  57339.2682679921887    0.00   58.84        1
 guppi_57367_0214+5222_    892.619  57367.0924262774856    0.00   34.02        1
 guppi_57367_0214+5222_    845.780  57367.0924264284513    0.00   62.99        1
 guppi_57367_0214+5222_    793.437  57367.0924263459955    0.00   27.40        1
 guppi_57367_0214+5222_    745.781  57367.0924262825011    0.00   46.85        1
 guppi_57367_0214+5222_    892.652  57367.0959421290957    0.00   29.04        1
 guppi_57367_0214+5222_    845.780  57367.0959422813047    0.00   64.71        1
 guppi_57367_0214+5222_    793.437  57367.0959421982344    0.00   34.12        1
 guppi_57367_0214+5222_    745.781  57367.0959421344923    0.00   44.74        1
 guppi_57367_0214+5222_    892.656  57367.0993407872922    0.00   33.57        1
 guppi_57367_0214+5222_    845.781  57367.0993409388350    0.00   57.69        1
 guppi_57367_0214+5222_    793.437  57367.0993408555447    0.00   33.71        1
 guppi_57367_0214+5222_    745.781  57367.0993407926021    0.00   50.09        1
 guppi_57397_0214+5222_    892.974  57397.1053700515273    0.00   39.60        1
 guppi_57397_0214+5222_    793.437  57397.1053701202790    0.00   41.54        1
 guppi_57397_0214+5222_    745.781  57397.1053700587097    0.00   64.58        1
 guppi_57397_0214+5222_    893.176  57397.1071897565007    0.00   36.83        1
 guppi_57397_0214+5222_    845.781  57397.1071899097046    0.00   39.08        1
 guppi_57397_0214+5222_    793.437  57397.1071898269009    0.00   44.08        1
 guppi_57397_0214+5222_    745.781  57397.1071897645138    0.00   59.73        1
 guppi_57397_0214+5222_    892.774  57397.1090120248252    0.00   32.50        1
 guppi_57397_0214+5222_    845.781  57397.1090121759612    0.00   41.80        1
 guppi_57397_0214+5222_    793.437  57397.1090120927435    0.00   59.20        1
 guppi_57397_0214+5222_    745.781  57397.1090120309603    0.00   76.17        1
 guppi_57397_0214+5222_    892.656  57397.1108314465646    0.00   29.32        1
 guppi_57397_0214+5222_    845.781  57397.1108315982791    0.00   33.91        1
 guppi_57397_0214+5222_    793.437  57397.1108315158616    0.00   55.88        1
 guppi_57397_0214+5222_    745.781  57397.1108314525116    0.00   56.13        1
 guppi_57397_0214+5222_    892.655  57397.1123877411633    0.00   47.26        1
 guppi_57397_0214+5222_    845.185  57397.1123878941127    0.00   38.48        1
 guppi_57397_0214+5222_    793.437  57397.1123878089826    0.00   62.47        1
 guppi_57397_0214+5222_    745.781  57397.1123877482747    0.00   61.82        1
 guppi_58214_0214+5222_    867.582  58214.6487866593371    0.00   46.16        1
 GUPPI_0214+5222_57979_    866.545  57979.3602805562455    0.00   62.73        1
 GUPPI_0214+5222_57984_    769.523  57984.5831172402443    0.00   92.82        1
 GUPPI_0214+5222_57984_    866.387  57984.5848077133143    0.00   95.27        1
 GUPPI_0214+5222_57984_    769.839  57984.5848078065962    0.00   66.94        1
 GUPPI_0214+5222_58009_    815.936  58009.1702452163799    0.00   63.35        1
 GUPPI_0214+5222_58039_    865.917  58039.0862696018676    0.00   77.78        1
 GUPPI_0214+5222_58039_    769.744  58039.0862696936392    0.00   65.20        1
 GUPPI_0214+5222_58039_    769.628  58039.0879557453451    0.00   61.93        1
 GUPPI_0214+5222_58045_    866.423  58045.0867799721745    0.00   69.42        1
 GUPPI_0214+5222_58045_    769.725  58045.0884695361472    0.00   93.69        1
 GUPPI_0214+5222_58069_    866.061  58069.0566674548116    0.00   42.54        1
 GUPPI_0214+5222_58069_    769.875  58069.0566675453281    0.00   73.25        1
 GUPPI_0214+5222_58069_    866.591  58069.0583521380187    0.00   44.57        1
 GUPPI_0214+5222_58099_    770.005  58099.0027779985628    0.00   92.38        1
 GUPPI_0214+5222_58130_    815.285  58130.8367692503862    0.00   64.37        1
 GUPPI_0214+5222_58159_    866.168  58159.7757380366105    0.00   60.76        1
 GUPPI_0214+5222_58159_    866.496  58159.7774288216906    0.00   63.12        1
 GUPPI_0214+5222_58240_    866.652  58240.5357870339695    0.00   84.70        1
 GUPPI_0214+5222_58240_    769.489  58240.5357871273768    0.00   58.25        1
 GUPPI_0214+5222_58266_    867.578  58266.4577376597749    0.00   76.09        1
 GUPPI_0214+5222_58266_    769.846  58266.4577377562397    0.00   54.90        1
 GUPPI_0214+5222_58266_    867.774  58266.4594311611391    0.00   75.15        1
 GUPPI_0214+5222_58266_    769.952  58266.4594312559312    0.00   47.48        1
 GUPPI_0214+5222_58267_    866.205  58267.4789790107030    0.00   64.78        1
 GUPPI_0214+5222_58267_    770.097  58267.4789791015263    0.00   67.85        1
 GUPPI_0214+5222_58267_    865.973  58267.4806682449613    0.00   67.05        1
 GUPPI_0214+5222_58303_    867.590  58303.3887644033215    0.00   55.53        1
 GUPPI_0214+5222_58303_    769.700  58303.3887645002254    0.00   40.71        1
 LOFAR                     148.926  56820.2940881883588    0.00   56.57        t
 LOFAR                     148.926  56820.2940881888197    0.00   57.48        t
 LOFAR                     148.926  56820.2940881900810    0.00   63.07        t
 LOFAR                     148.926  56820.2940881889177    0.00  110.71        t
 LOFAR                     148.926  56820.2947907343268    0.00   56.73        t
 LOFAR                     148.926  56820.2947907346617    0.00   51.39        t
 LOFAR                     148.926  56820.2947907349111    0.00   73.50        t
 LOFAR                     148.926  56820.2947907360580    0.00  122.42        t
 LOFAR                     148.926  56820.2954929942565    0.00   63.28        t
 LOFAR                     148.926  56820.2954929951243    0.00   56.64        t
 LOFAR                     148.926  56820.2954929977798    0.00   63.90        t
 LOFAR                     148.926  56820.2954929946731    0.00  140.54        t
 LOFAR                     148.926  56820.2961722185951    0.00   61.55        t
 LOFAR                     148.926  56820.2961722196269    0.00   59.55        t
 LOFAR                     148.926  56820.2961722202139    0.00   63.11        t
 LOFAR                     148.926  56820.2961722178337    0.00  151.16        t
 LOFAR                     148.926  56820.2968636726484    0.00   53.63        t
 LOFAR                     148.926  56820.2968636715893    0.00   63.42        t
 LOFAR                     148.926  56820.2968636738005    0.00   63.70        t
 LOFAR                     148.926  56820.2968636723753    0.00  177.54        t
 LOFAR                     148.926  56852.1802081863209    0.00   84.73        t
 LOFAR                     148.926  56852.1802081843246    0.00   94.25        t
 LOFAR                     148.926  56852.1802081846756    0.00  131.50        t
 LOFAR                     148.926  56852.1809024614176    0.00   86.48        t
 LOFAR                     148.926  56852.1809024621907    0.00   71.27        t
 LOFAR                     148.926  56852.1809024625724    0.00  150.06        t
 LOFAR                     148.926  56852.1815788220952    0.00   85.97        t
 LOFAR                     148.926  56852.1815788238205    0.00   98.69        t
 LOFAR                     148.926  56852.1815788238930    0.00  119.92        t
 LOFAR                     148.926  56852.1822972765309    0.00   71.91        t
 LOFAR                     148.926  56852.1822972735492    0.00  164.40        t
 LOFAR                     148.926  56852.1822972763470    0.00  144.83        t
 LOFAR                     148.926  56852.1829815982213    0.00   91.01        t
 LOFAR                     148.926  56852.1829816010985    0.00  106.96        t
 LOFAR                     148.926  56852.1829816005902    0.00  108.16        t
 LOFAR                     148.926  56882.2927092275635    0.00   77.14        t
 LOFAR                     148.926  56882.2927092280850    0.00  125.65        t
 LOFAR                     148.926  56882.2927092276629    0.00  117.02        t
 LOFAR                     148.926  56882.2934029292675    0.00   91.97        t
 LOFAR                     148.926  56882.2934029293193    0.00   98.06        t
 LOFAR                     148.926  56882.2934029270357    0.00  146.59        t
 LOFAR                     148.926  56882.2941048789549    0.00   68.35        t
 LOFAR                     148.926  56882.2941048800267    0.00  120.41        t
 LOFAR                     148.926  56882.2941048785373    0.00  182.46        t
 LOFAR                     148.926  56882.2947846453453    0.00   67.51        t
 LOFAR                     148.926  56882.2947846427696    0.00   94.13        t
 LOFAR                     148.926  56882.2947846424476    0.00  192.13        t
 LOFAR                     148.926  56882.2954919970278    0.00  108.55        t
 LOFAR                     148.926  56882.2954919989439    0.00  107.11        t
 LOFAR                     148.926  56882.2954919947994    0.00  171.68        t
 LOFAR                     148.926  56911.9927080391115    0.00   86.80        t
 LOFAR                     148.926  56911.9927080398120    0.00   69.48        t
 LOFAR                     148.926  56911.9927080394704    0.00  102.77        t
 LOFAR                     148.926  56911.9934023108757    0.00   77.14        t
 LOFAR                     148.926  56911.9934023135474    0.00   99.70        t
 LOFAR                     148.926  56911.9934023113619    0.00   92.38        t
 LOFAR                     148.926  56911.9940968688092    0.00   80.22        t
 LOFAR                     148.926  56911.9940968698102    0.00   75.61        t
 LOFAR                     148.926  56911.9940968708903    0.00  102.62        t
 LOFAR                     148.926  56911.9947911424220    0.00   70.01        t
 LOFAR                     148.926  56911.9947911422939    0.00   79.16        t
 LOFAR                     148.926  56911.9947911417145    0.00  109.55        t
 LOFAR                     148.926  56911.9954825711397    0.00   80.88        t
 LOFAR                     148.926  56911.9954825706080    0.00   93.33        t
 LOFAR                     148.926  56911.9954825699751    0.00   87.02        t
 LOFAR                     148.926  56943.9510406754700    0.00   86.56        t
 LOFAR                     148.926  56943.9510406762372    0.00   65.25        t
 LOFAR                     148.926  56943.9510406767183    0.00   84.99        t
 LOFAR                     148.926  56943.9510406779545    0.00  194.32        t
 LOFAR                     148.926  56943.9517338267089    0.00   79.11        t
 LOFAR                     148.926  56943.9517338251840    0.00   65.03        t
 LOFAR                     148.926  56943.9517338253591    0.00  108.45        t
 LOFAR                     148.926  56943.9517338273890    0.00  173.09        t
 LOFAR                     148.926  56943.9524318121688    0.00   88.48        t
 LOFAR                     148.926  56943.9524318117537    0.00   63.93        t
 LOFAR                     148.926  56943.9524318124235    0.00   93.95        t
 LOFAR                     148.926  56943.9524318113715    0.00  173.75        t
 LOFAR                     148.926  56943.9531258179950    0.00   72.13        t
 LOFAR                     148.926  56943.9531258168831    0.00   64.69        t
 LOFAR                     148.926  56943.9531258173936    0.00   79.85        t
 LOFAR                     148.926  56943.9531258186261    0.00  166.76        t
 LOFAR                     148.926  56943.9538215259774    0.00   72.84        t
 LOFAR                     148.926  56943.9538215264414    0.00   70.14        t
 LOFAR                     148.926  56943.9538215272730    0.00   90.53        t
 LOFAR                     148.926  56943.9538215299672    0.00  147.72        t
 LOFAR                     148.926  56972.8600661327666    0.00   80.57        t
 LOFAR                     148.926  56972.8600661340395    0.00  111.12        t
 LOFAR                     148.926  56972.8600661348559    0.00   96.87        t
 LOFAR                     148.926  56972.8600661332663    0.00  155.93        t
 LOFAR                     148.926  56972.8607604434206    0.00   80.54        t
 LOFAR                     148.926  56972.8607604437486    0.00   88.28        t
 LOFAR                     148.926  56972.8607604439582    0.00  107.84        t
 LOFAR                     148.926  56972.8614533276242    0.00   86.41        t
 LOFAR                     148.926  56972.8614533309729    0.00   77.26        t
 LOFAR                     148.926  56972.8614533305764    0.00   95.85        t
 LOFAR                     148.926  56972.8621493454362    0.00   81.19        t
 LOFAR                     148.926  56972.8621493467673    0.00  122.51        t
 LOFAR                     148.926  56972.8621493477070    0.00  126.62        t
 LOFAR                     148.926  56972.8621493483906    0.00  180.99        t
 LOFAR                     148.926  56972.8628447916198    0.00   82.42        t
 LOFAR                     148.926  56972.8628447949819    0.00   84.03        t
 LOFAR                     148.926  56972.8628447950323    0.00  102.39        t
 LOFAR                     148.926  56972.8628447947320    0.00  152.73        t
 OLD350                    375.164  55680.7708995354239    0.00  161.26        1
 OLD350                    324.862  55680.7708994808795    0.00  105.69        1
 OLD350                    375.159  55680.7714832041193    0.00  247.60        1
 OLD350                    324.861  55680.7714831529793    0.00  202.88        1
 OLD350                    375.179  55680.7720657374391    0.00  172.09        1
 OLD350                    324.873  55680.7720656849724    0.00   76.00        1
 OLD350                    324.852  55680.7726482184233    0.00   84.43        1
 OLD350                    375.152  55680.7732308017270    0.00  266.95        1
 OLD350                    324.881  55680.7732307495110    0.00  144.77        1
 OLD350                    375.177  55680.7738133360320    0.00  180.15        1
 OLD350                    324.876  55680.7738132816647    0.00  101.72        1
 OLD350                    375.198  55680.7743958665733    0.00  170.91        1
 OLD350                    324.848  55680.7743958171464    0.00   80.82        1
 OLD350                    324.885  55680.7749786337891    0.00  108.45        1
 OLD350                    375.190  55680.7755609281576    0.00  183.78        1
 OLD350                    324.944  55680.7755608764238    0.00  121.34        1
 OLD350                    375.166  55680.7761431851666    0.00  219.25        1
 OLD350                    324.925  55680.7761431253792    0.00  133.24        1
 OLD350                    375.208  55680.7767262799547    0.00  275.71        1
 OLD350                    324.838  55680.7767262328503    0.00  147.85        1
 OLD350                    375.185  55680.7773085291154    0.00  158.41        1
 OLD350                    324.869  55680.7773084826412    0.00   78.46        1
 OLD350                    375.188  55680.7778910644069    0.00  169.45        1
 OLD350                    324.878  55680.7778910130651    0.00   88.95        1
 OLD350                    324.863  55680.7784735468054    0.00  106.80        1
 OLD350                    375.168  55680.7790564192878    0.00  154.46        1
 OLD350                    324.862  55680.7790563647942    0.00   86.19        1
 OLD350                    375.170  55680.7796386623909    0.00  272.30        1
 OLD350                    324.861  55680.7796386113775    0.00   89.60        1
 OLD350                    375.193  55680.7802214823829    0.00  292.64        1
 OLD350                    324.844  55680.7802214301195    0.00   82.90        1
 OLD350                    375.155  55680.7807457036726    0.00  154.37        1
 OLD350                    324.836  55680.7807456527225    0.00   95.41        1
 OLD350                    375.132  55680.8268955072675    0.00  134.53        1
 OLD350                    324.884  55680.8268954542030    0.00   84.85        1
 OLD350                    375.141  55680.8274786123889    0.00  196.23        1
 OLD350                    324.911  55680.8274785553488    0.00  123.64        1
 OLD350                    375.152  55680.8280611443086    0.00  143.53        1
 OLD350                    324.915  55680.8280610892454    0.00  141.01        1
 OLD350                    375.138  55680.8286439577376    0.00  189.45        1
 OLD350                    324.890  55680.8286439082663    0.00  124.63        1
 OLD350                    324.878  55680.8292267244071    0.00   95.74        1
 OLD350                    375.126  55680.8298093112676    0.00  140.37        1
 OLD350                    324.908  55680.8298092577134    0.00  145.04        1
 OLD350                    375.107  55680.8303921298335    0.00  183.38        1
 OLD350                    324.834  55680.8303920784222    0.00  127.35        1
 OLD350                    375.127  55680.8309743761558    0.00  178.24        1
 OLD350                    324.881  55680.8309743252671    0.00  116.72        1
 OLD350                    375.089  55680.8315571940273    0.00  114.41        1
 OLD350                    324.884  55680.8315571428450    0.00  123.36        1
 OLD350                    324.873  55680.8321373990864    0.00   98.48        1
 OLD350                    375.125  55680.8327216879748    0.00  229.03        1
 OLD350                    324.871  55680.8327216390057    0.00  104.61        1
 OLD350                    375.113  55680.8333045116938    0.00  289.97        1
 OLD350                    324.858  55680.8333044552336    0.00   89.79        1
 OLD350                    375.149  55680.8338864678531    0.00  186.17        1
 OLD350                    324.854  55680.8338864200919    0.00  106.35        1
 OLD350                    375.142  55680.8344684369820    0.00  162.43        1
 OLD350                    324.860  55680.8344683874477    0.00  101.06        1
 OLD350                    324.851  55680.8350509199229    0.00  157.86        1
 OLD350                    324.830  55680.8356337368897    0.00  130.14        1
 OLD350                    324.848  55680.8362168359970    0.00   96.94        1
 OLD350                    324.899  55680.8367410563084    0.00  102.28        1
 OLD350                    375.133  55683.7261089092571    0.00  181.54        1
 OLD350                    324.958  55683.7261088515528    0.00  111.23        1
 OLD350                    375.114  55683.7264587693925    0.00  134.49        1
 OLD350                    324.963  55683.7264587150352    0.00  201.83        1
 OLD350                    375.058  55683.7274395190673    0.00  131.77        1
 OLD350                    324.887  55683.7274394614136    0.00  113.47        1
 OLD350                    375.091  55683.7280228990667    0.00  229.39        1
 OLD350                    324.869  55683.7280228455287    0.00   97.85        1
 OLD350                    324.871  55683.7286056604805    0.00   88.63        1
 OLD350                    375.088  55683.7291873919096    0.00  235.88        1
 OLD350                    324.884  55683.7291873385789    0.00  150.57        1
 OLD350                    375.074  55683.7297702073031    0.00  207.59        1
 OLD350                    324.889  55683.7297701553157    0.00   74.51        1
 OLD350                    375.077  55683.7303527395726    0.00  100.77        1
 OLD350                    324.884  55683.7303526856749    0.00   91.57        1
 OLD350                    375.106  55683.7309352702526    0.00  234.80        1
 OLD350                    324.879  55683.7309352156769    0.00  115.28        1
 OLD350                    375.071  55683.7315178024162    0.00  115.01        1
 OLD350                    324.863  55683.7315177485136    0.00  101.56        1
C OLD350                    375.101  55683.7321000457229    0.00  370.42        1
 OLD350                    324.862  55683.7320999944130    0.00  108.54        1
 OLD350                    375.074  55683.7326828682324    0.00  181.64        1
 OLD350                    324.874  55683.7326828105084    0.00  130.50        1
 OLD350                    375.093  55683.7332653970962    0.00  202.70        1
 OLD350                    324.879  55683.7332653403073    0.00   83.62        1
 OLD350                    375.101  55683.7337896173319    0.00  241.67        1
 OLD350                    324.876  55683.7337895625015    0.00  142.08        1
 OLD350                    375.136  55685.0137125367954    0.00  217.79        1
 OLD350                    324.870  55685.0137124872755    0.00  110.48        1
C OLD350                    375.133  55685.0147658186695    0.00  357.74        1
 OLD350                    324.903  55685.0147657623312    0.00   94.90        1
 OLD350                    324.911  55685.0153494300910    0.00  199.13        1
 OLD350                    324.913  55685.0159319599165    0.00  166.85        1
 OLD350                    375.086  55685.0165148336914    0.00  186.31        1
 OLD350                    324.928  55685.0165147740293    0.00  134.82        1
 OLD350                    375.075  55685.0170967885441    0.00  224.84        1
 OLD350                    324.923  55685.0170967342092    0.00   91.47        1
 OLD350                    375.005  55685.0176801776676    0.00  261.05        1
 OLD350                    324.929  55685.0176801176680    0.00  107.43        1
 OLD350                    324.916  55685.0182618002742    0.00  149.67        1
 OLD350                    324.898  55685.0188446128680    0.00  188.70        1
 OLD350                    324.887  55685.0194251518291    0.00  159.93        1
 OLD350                    375.096  55685.0200094429873    0.00  185.13        1
 OLD350                    324.890  55685.0200093894985    0.00  171.63        1
 OLD350                    375.086  55685.0205919743947    0.00  227.58        1
 OLD350                    324.918  55685.0205919202315    0.00  133.91        1
 OLD350                    374.976  55685.0211181882158    0.00  207.51        1
 OLD350                    324.937  55685.0211181290606    0.00  134.63        1
 OLD350                    325.127  55691.9736435986539    0.00  189.40        1
 OLD350                    325.120  55691.9742266930002    0.00  158.98        1
 OLD350                    375.096  55691.9748095734489    0.00  185.81        1
 OLD350                    325.108  55691.9748095078697    0.00  122.12        1
 OLD350                    375.076  55691.9753921008411    0.00  164.81        1
 OLD350                    325.132  55691.9753920305066    0.00  121.66        1
 OLD350                    325.114  55691.9759742752411    0.00  151.65        1
 OLD350                    325.125  55691.9764982048468    0.00  287.05        1
 OLD350                    375.136  55979.8952753377397    0.00   72.20        1
 OLD350                    324.897  55979.8952752832426    0.00   56.48        1
 OLD350                    375.177  55979.8958581882375    0.00  109.70        1
 OLD350                    324.928  55979.8958581341876    0.00   81.76        1
 OLD350                    375.228  55979.8964407526923    0.00   83.63        1
 OLD350                    324.898  55979.8964407037510    0.00   82.60        1
 OLD350                    375.242  55979.8970236051518    0.00   87.23        1
 OLD350                    324.892  55979.8970235538294    0.00   86.84        1
 OLD350                    375.254  55979.8976061713949    0.00   78.29        1
 OLD350                    324.878  55979.8976061236628    0.00   67.56        1
 OLD350                    375.249  55979.8981884540626    0.00   57.69        1
 OLD350                    324.880  55979.8981884058792    0.00   60.20        1
 OLD350                    375.223  55979.8987710236758    0.00   78.48        1
 OLD350                    324.885  55979.8987709736882    0.00   73.08        1
 OLD350                    375.267  55979.8993535874358    0.00   68.58        1
 OLD350                    324.854  55979.8993535416305    0.00   70.26        1
 OLD350                    375.279  55979.8999361555042    0.00   72.23        1
 OLD350                    324.884  55979.8999361079228    0.00   73.91        1
 OLD350                    375.276  55979.9005190090718    0.00   90.56        1
 OLD350                    324.882  55979.9005189588880    0.00   63.38        1
 OLD350                    375.274  55979.9011007238426    0.00   59.01        1
 OLD350                    324.890  55979.9011006739858    0.00   72.33        1
 OLD350                    375.266  55979.9016258292350    0.00  108.14        1
 OLD350                    324.890  55979.9016257796258    0.00   67.88        1
 OLD350                    375.195  55980.8538749797014    0.00  106.65        1
 OLD350                    324.854  55980.8538749285982    0.00   71.66        1
 OLD350                    375.199  55980.8544575466206    0.00   77.46        1
 OLD350                    324.847  55980.8544574961452    0.00   58.12        1
 OLD350                    324.836  55980.8550403470264    0.00   83.82        1
 OLD350                    375.200  55980.8556232471143    0.00  120.95        1
 OLD350                    324.828  55980.8556231998760    0.00   87.12        1
 OLD350                    375.181  55980.8562055318914    0.00   81.67        1
 OLD350                    324.832  55980.8562054823750    0.00   74.15        1
 OLD350                    375.157  55980.8567878143837    0.00  111.79        1
 OLD350                    324.857  55980.8567877610642    0.00   75.45        1
 OLD350                    375.195  55980.8573703813444    0.00  138.85        1
 OLD350                    324.844  55980.8573703317773    0.00   77.13        1
 OLD350                    375.166  55980.8579529461293    0.00  184.80        1
 OLD350                    324.843  55980.8579528988730    0.00   92.59        1
 OLD350                    375.215  55980.8585357974904    0.00   75.75        1
 OLD350                    324.835  55980.8585357503423    0.00   69.82        1
 OLD350                    375.209  55980.8591183661873    0.00  101.79        1
 OLD350                    324.834  55980.8591183168919    0.00   71.75        1
 OLD350                    375.221  55980.8597003656215    0.00  123.69        1
 OLD350                    324.838  55980.8597003141733    0.00   86.69        1
 OLD350                    375.225  55980.8602251854326    0.00  149.80        1
 OLD350                    324.832  55980.8602251370810    0.00   64.67        1
 OLD350                    375.223  55982.6234466795134    0.00  102.32        1
 OLD350                    324.834  55982.6234466303035    0.00   73.41        1
 OLD350                    375.215  55982.6240300991712    0.00  119.54        1
 OLD350                    324.812  55982.6240300520540    0.00   86.33        1
 OLD350                    375.206  55982.6246123803791    0.00   85.16        1
 OLD350                    324.779  55982.6246123349091    0.00  102.05        1
 OLD350                    375.186  55982.6251946619036    0.00  120.42        1
 OLD350                    324.789  55982.6251946148483    0.00   86.02        1
 OLD350                    375.213  55982.6257772246999    0.00  193.70        1
 OLD350                    324.809  55982.6257771806530    0.00   88.78        1
 OLD350                    375.208  55982.6263595104567    0.00   97.00        1
 OLD350                    324.815  55982.6263594613151    0.00   95.52        1
 OLD350                    375.195  55982.6269420754166    0.00  110.06        1
 OLD350                    324.793  55982.6269420285832    0.00   91.32        1
 OLD350                    375.243  55982.6275243547829    0.00  139.98        1
 OLD350                    324.793  55982.6275243108275    0.00   93.12        1
 OLD350                    375.257  55982.6281074884657    0.00  101.70        1
 OLD350                    324.794  55982.6281074443752    0.00   78.42        1
 OLD350                    375.276  55982.6286900549085    0.00  214.93        1
 OLD350                    324.791  55982.6286900137884    0.00   72.29        1
 OLD350                    375.284  55982.6292720498301    0.00  111.98        1
 OLD350                    324.831  55982.6292720071945    0.00   79.44        1
 OLD350                    375.247  55982.6297968751293    0.00  257.77        1
 OLD350                    324.835  55982.6297968254723    0.00   86.20        1
 OLD350                    375.191  55982.9478791351396    0.00  198.33        1
 OLD350                    324.877  55982.9478790847012    0.00   75.81        1
 OLD350                    375.191  55982.9484628388761    0.00  144.48        1
 OLD350                    324.894  55982.9484627887679    0.00   90.27        1
 OLD350                    375.212  55982.9490454050840    0.00  139.63        1
 OLD350                    324.893  55982.9490453549519    0.00   83.90        1
 OLD350                    375.166  55982.9496279732271    0.00  135.94        1
 OLD350                    324.870  55982.9496279229289    0.00   83.79        1
 OLD350                    375.160  55982.9502105436671    0.00  105.73        1
 OLD350                    324.857  55982.9502104892584    0.00  109.66        1
 OLD350                    375.195  55982.9507931066923    0.00  124.24        1
 OLD350                    324.869  55982.9507930550859    0.00   75.88        1
 OLD350                    375.140  55982.9513753907499    0.00  137.95        1
 OLD350                    324.863  55982.9513753375030    0.00  117.18        1
 OLD350                    375.149  55982.9519579559607    0.00  151.28        1
 OLD350                    324.858  55982.9519579025011    0.00   79.02        1
 OLD350                    375.161  55982.9525408058531    0.00   97.70        1
 OLD350                    324.867  55982.9525407549387    0.00   92.14        1
 OLD350                    375.146  55982.9530067460641    0.00  133.83        1
 OLD350                    324.871  55982.9530066945668    0.00  135.88        1
 OLD350                    375.103  55984.7515596438431    0.00  128.71        1
 OLD350                    324.882  55984.7515595889061    0.00  114.75        1
 OLD350                    324.876  55984.7521427235209    0.00  100.59        1
 OLD350                    375.085  55984.7527253444864    0.00  109.88        1
 OLD350                    324.878  55984.7527252891344    0.00   93.65        1
 OLD350                    324.884  55984.7533078551385    0.00   91.65        1
 OLD350                    375.099  55984.7538907609070    0.00  136.66        1
 OLD350                    324.881  55984.7538907044263    0.00  111.28        1
 OLD350                    375.106  55984.7544730413579    0.00  148.67        1
 OLD350                    324.887  55984.7544729842504    0.00   90.94        1
 OLD350                    375.118  55984.7550556080022    0.00   92.26        1
 OLD350                    324.918  55984.7550555480342    0.00  112.18        1
 OLD350                    375.116  55984.7556384557430    0.00   99.61        1
 OLD350                    324.920  55984.7556383989606    0.00   92.37        1
 OLD350                    375.122  55984.7562204498455    0.00  117.44        1
 OLD350                    324.879  55984.7562203957959    0.00  149.30        1
 OLD350                    375.114  55984.7568035862456    0.00  143.43        1
 OLD350                    324.894  55984.7568035286944    0.00   97.51        1
 OLD350                    375.117  55984.7573861521035    0.00  251.27        1
 OLD350                    324.901  55984.7573860946543    0.00  103.26        1
 OLD350                    375.116  55984.7579098366849    0.00  185.76        1
 OLD350                    324.904  55984.7579097783353    0.00   81.70        1
 OLD350                    375.130  55985.8140017970890    0.00  173.09        1
 OLD350                    324.854  55985.8140017476587    0.00  102.13        1
 OLD350                    375.155  55985.8145846456885    0.00  150.80        1
 OLD350                    324.877  55985.8145845942417    0.00  119.00        1
 OLD350                    375.153  55985.8151677828091    0.00  128.17        1
 OLD350                    324.873  55985.8151677286720    0.00   95.75        1
 OLD350                    375.142  55985.8157503450008    0.00  190.63        1
 OLD350                    324.892  55985.8157502941660    0.00  125.99        1
 OLD350                    324.879  55985.8163325733831    0.00  106.65        1
 OLD350                    324.810  55985.8169148588285    0.00  104.26        1
 OLD350                    375.178  55985.8174974728833    0.00  129.48        1
 OLD350                    324.805  55985.8174974229734    0.00  116.56        1
 OLD350                    324.845  55985.8180805544478    0.00  108.47        1
 OLD350                    375.138  55985.8186634596158    0.00  132.02        1
 OLD350                    324.878  55985.8186634035290    0.00  102.66        1
 OLD350                    375.117  55985.8192451695203    0.00  110.40        1
 OLD350                    324.879  55985.8192451132427    0.00  160.98        1
 OLD350                    375.119  55985.8198280139197    0.00  167.17        1
 OLD350                    324.853  55985.8198279645824    0.00   71.08        1
 OLD350                    324.876  55985.8203522162703    0.00  101.87        1
 OLD350                    324.897  55988.5790135156662    0.00   70.54        1
 OLD350                    324.891  55988.5795972194331    0.00   76.37        1
 OLD350                    375.207  55988.5801795485368    0.00  103.11        1
 OLD350                    324.904  55988.5801794959723    0.00  109.19        1
 OLD350                    375.095  55988.5807621172180    0.00  119.22        1
 OLD350                    324.899  55988.5807620601426    0.00   89.76        1
 OLD350                    324.921  55988.5813446232542    0.00   70.22        1
 OLD350                    375.070  55988.5819272474457    0.00  121.88        1
 OLD350                    324.919  55988.5819271858289    0.00   73.99        1
 OLD350                    375.104  55988.5825098076008    0.00  133.01        1
 OLD350                    324.918  55988.5825097489206    0.00   85.89        1
 OLD350                    375.117  55988.5830926544856    0.00  160.01        1
 OLD350                    324.927  55988.5830925972455    0.00   86.11        1
 OLD350                    375.067  55988.5836746532429    0.00  170.45        1
 OLD350                    324.920  55988.5836745910728    0.00   94.60        1
 OLD350                    375.112  55988.5842569283330    0.00  146.73        1
 OLD350                    324.955  55988.5842568697206    0.00   84.33        1
 OLD350                    375.124  55988.5848392056450    0.00  130.31        1
 OLD350                    324.945  55988.5848391492938    0.00   78.82        1
 OLD350                    375.127  55988.5853637379896    0.00  137.19        1
 OLD350                    324.955  55988.5853636826244    0.00   89.47        1
 OLD350                    375.170  55991.6802290139028    0.00  148.91        1
 OLD350                    324.795  55991.6802289674392    0.00   70.83        1
 OLD350                    375.151  55991.6808127125653    0.00  134.94        1
 OLD350                    324.813  55991.6808126652777    0.00   73.09        1
 OLD350                    375.147  55991.6813949931210    0.00  143.50        1
 OLD350                    324.790  55991.6813949445195    0.00   72.39        1
 OLD350                    375.149  55991.6819775505860    0.00  317.51        1
 OLD350                    324.804  55991.6819775064334    0.00   90.66        1
 OLD350                    375.160  55991.6825601131937    0.00  179.04        1
 OLD350                    324.817  55991.6825600659979    0.00   75.75        1
 OLD350                    375.136  55991.6831426766156    0.00  139.11        1
 OLD350                    324.823  55991.6831426268732    0.00   80.15        1
 OLD350                    324.831  55991.6837251908761    0.00   72.80        1
 OLD350                    375.154  55991.6843078006498    0.00  138.23        1
 OLD350                    324.850  55991.6843077502664    0.00  107.88        1
 OLD350                    375.158  55991.6848900804100    0.00  167.62        1
 OLD350                    324.862  55991.6848900260810    0.00   69.57        1
 OLD350                    375.173  55991.6854726402601    0.00  144.46        1
 OLD350                    324.808  55991.6854725927087    0.00   64.06        1
 OLD350                    375.169  55991.6860552037240    0.00  134.85        1
 OLD350                    324.820  55991.6860551533297    0.00   74.69        1
 OLD350                    375.156  55991.6865797371058    0.00  130.36        1
 OLD350                    324.847  55991.6865796834860    0.00  109.86        1
 OLD350                    324.866  56017.6138051221613    0.00   90.90        1
 OLD350                    324.895  56017.6143882372027    0.00   93.50        1
C OLD350                    375.177  56017.6149711130203    0.00  118.58        1
 OLD350                    324.894  56017.6149710657828    0.00  118.68        1
 OLD350                    324.888  56017.6155538940940    0.00   97.81        1
 OLD350                    375.148  56017.6161364937307    0.00   81.78        1
 OLD350                    324.888  56017.6161364416797    0.00  102.58        1
 OLD350                    375.142  56017.6167190437282    0.00  104.53        1
 OLD350                    324.879  56017.6167189877366    0.00   65.22        1
 OLD350                    324.885  56017.6173015333267    0.00   92.25        1
 OLD350                    324.889  56017.6178840769637    0.00  100.83        1
 OLD350                    324.907  56017.6184666213294    0.00   95.43        1
 OLD350                    324.901  56017.6190491682575    0.00   96.53        1
 OLD350                    324.903  56017.6196314313416    0.00  131.05        1
 OLD350                    324.913  56017.6201559471394    0.00  105.60        1
 OLD350                    375.105  56021.7706818060332    0.00  137.86        1
 OLD350                    324.880  56021.7706817526671    0.00   90.13        1
 OLD350                    324.878  56021.7712634419134    0.00   74.22        1
 OLD350                    375.099  56021.7718460377972    0.00  114.51        1
 OLD350                    324.874  56021.7718459854856    0.00  111.15        1
 OLD350                    324.882  56021.7724282432495    0.00  124.78        1
 OLD350                    375.149  56021.7730108411986    0.00  202.69        1
 OLD350                    324.882  56021.7730107879075    0.00  143.05        1
 OLD350                    324.874  56021.7735936146446    0.00   95.29        1
 OLD350                    375.156  56021.7741762098965    0.00  119.58        1
 OLD350                    324.911  56021.7741761536677    0.00   86.58        1
 OLD350                    324.916  56021.7747586954681    0.00  115.09        1
 OLD350                    375.132  56021.7753412963170    0.00  129.69        1
 OLD350                    324.856  56021.7753412439715    0.00  168.83        1
 OLD350                    324.881  56021.7759237836101    0.00  127.38        1
 OLD350                    324.879  56021.7765060419375    0.00   98.68        1
 OLD350                    375.140  56021.7770303229465    0.00  140.62        1
 OLD350                    324.911  56021.7770302705658    0.00  126.35        1
 OLD350                    375.231  56028.5743493738824    0.00  121.96        1
 OLD350                    324.920  56028.5743493190253    0.00   97.32        1
 OLD350                    375.235  56028.5749324753231    0.00  197.00        1
 OLD350                    324.929  56028.5749324272914    0.00  141.48        1
 OLD350                    324.925  56028.5755152481239    0.00  127.64        1
 OLD350                    375.218  56028.5760981224563    0.00  254.34        1
 OLD350                    324.951  56028.5760980668547    0.00   94.36        1
 OLD350                    375.241  56028.5766803739293    0.00  130.76        1
 OLD350                    324.933  56028.5766803209448    0.00   88.76        1
 OLD350                    324.936  56028.5772628618676    0.00  131.60        1
 OLD350                    324.906  56028.5778453977776    0.00   98.59        1
 OLD350                    375.253  56028.5784282688862    0.00  134.54        1
 OLD350                    324.909  56028.5784282173088    0.00   84.97        1
 OLD350                    324.905  56028.5790110388246    0.00  150.09        1
 OLD350                    324.886  56028.5795930103667    0.00  161.28        1
 OLD350                    375.243  56028.5801755978300    0.00  180.97        1
 OLD350                    324.895  56028.5801755485159    0.00  143.06        1
 OLD350                    324.918  56028.5806997722339    0.00  147.50        1
 OLD350                    375.158  56051.6377524498051    0.00  218.18        1
 OLD350                    324.907  56051.6377523936577    0.00  111.08        1
 OLD350                    324.893  56051.6383354847234    0.00  159.89        1
 OLD350                    375.160  56051.6389180567386    0.00  150.35        1
 OLD350                    324.913  56051.6389180002359    0.00  138.19        1
 OLD350                    324.914  56051.6395005169859    0.00  210.72        1
 OLD350                    375.164  56051.6400830950930    0.00  206.64        1
 OLD350                    324.923  56051.6400830362745    0.00  133.58        1
 OLD350                    324.932  56051.6406658387642    0.00  173.36        1
 OLD350                    324.940  56051.6412483557433    0.00  137.23        1
 OLD350                    324.924  56051.6418305892597    0.00   95.08        1
 OLD350                    375.131  56051.6424134484216    0.00  147.90        1
 OLD350                    324.915  56051.6424133937107    0.00  174.63        1
 OLD350                    324.923  56051.6429959102340    0.00  121.09        1
 OLD350                    324.917  56051.6435784304005    0.00  128.75        1
 OLD350                    324.906  56051.6441026332944    0.00  142.64        1
 OLD350                    375.115  56123.3992333479201    0.00  249.38        1
 OLD350                    324.976  56123.3992332863978    0.00   84.77        1
 OLD350                    324.985  56123.3998166119729    0.00  112.83        1
 OLD350                    375.090  56123.4003994299318    0.00  181.10        1
 OLD350                    324.963  56123.4003993682711    0.00  186.60        1
 OLD350                    375.076  56123.4009818971217    0.00  288.73        1
 OLD350                    324.973  56123.4009818393085    0.00  102.32        1
 OLD350                    324.968  56123.4015643126685    0.00  102.05        1
 OLD350                    375.070  56123.4021468412462    0.00  302.16        1
 OLD350                    324.982  56123.4021467825085    0.00  113.19        1
 OLD350                    375.085  56123.4027290312828    0.00  191.05        1
 OLD350                    324.996  56123.4027289708810    0.00  108.29        1
 OLD350                    375.075  56123.4033120730865    0.00  114.57        1
 OLD350                    325.007  56123.4033120108123    0.00   81.20        1
 OLD350                    375.089  56123.4038945403810    0.00  148.82        1
 OLD350                    325.013  56123.4038944805738    0.00  125.20        1
 OLD350                    375.076  56123.4044767311200    0.00  268.96        1
 OLD350                    324.993  56123.4044766676202    0.00  143.85        1
 OLD350                    375.106  56123.4050594879218    0.00  206.47        1
 OLD350                    324.993  56123.4050594262607    0.00   91.63        1
 OLD350                    375.065  56123.4055839399852    0.00  291.47        1
 OLD350                    325.013  56123.4055838769349    0.00  116.62        1
 OLD350                    375.139  56256.8373816032080    0.00  172.16        1
 OLD350                    324.919  56256.8373815494314    0.00  106.36        1
 OLD350                    375.154  56256.8379644357961    0.00  115.48        1
 OLD350                    324.895  56256.8379643800925    0.00   97.32        1
 OLD350                    375.170  56256.8385475487385    0.00  309.08        1
 OLD350                    324.894  56256.8385474923813    0.00   65.92        1
 OLD350                    375.195  56256.8391295170519    0.00  123.74        1
 OLD350                    324.922  56256.8391294668017    0.00  107.42        1
 OLD350                    375.166  56256.8397126349548    0.00  151.58        1
 OLD350                    324.914  56256.8397125794423    0.00  133.93        1
 OLD350                    375.169  56256.8402948916880    0.00  227.56        1
 OLD350                    324.921  56256.8402948345564    0.00  189.68        1
 OLD350                    375.171  56256.8408774358992    0.00  215.94        1
 OLD350                    324.938  56256.8408773798991    0.00   94.21        1
 OLD350                    375.179  56256.8414602628507    0.00  128.61        1
 OLD350                    324.928  56256.8414602115693    0.00  104.22        1
 OLD350                    375.198  56256.8420422381570    0.00  181.37        1
 OLD350                    324.908  56256.8420421846556    0.00  101.77        1
 OLD350                    375.238  56256.8426247793480    0.00  124.88        1
 OLD350                    324.909  56256.8426247306307    0.00  125.55        1
 OLD350                    375.228  56256.8432078930464    0.00  119.97        1
 OLD350                    324.895  56256.8432078422774    0.00   82.84        1
 OLD350                    375.235  56256.8437324116576    0.00  149.00        1
 OLD350                    324.924  56256.8437323590310    0.00  140.91        1
 OLD350                    375.205  56257.9827054814292    0.00  251.01        1
 OLD350                    324.900  56257.9827054303529    0.00  123.31        1
 OLD350                    375.214  56257.9832885949048    0.00  119.07        1
 OLD350                    324.901  56257.9832885431656    0.00   82.39        1
 OLD350                    375.178  56257.9838714232963    0.00  160.74        1
 OLD350                    324.895  56257.9838713723018    0.00  135.68        1
 OLD350                    375.191  56257.9844539681127    0.00  129.99        1
 OLD350                    324.886  56257.9844539187007    0.00   87.82        1
 OLD350                    375.191  56257.9850365151142    0.00  126.71        1
 OLD350                    324.867  56257.9850364641719    0.00   85.76        1
 OLD350                    375.181  56257.9856187743202    0.00  136.59        1
 OLD350                    324.889  56257.9856187211958    0.00   83.52        1
 OLD350                    375.183  56257.9862016040730    0.00  126.91        1
 OLD350                    324.898  56257.9862015535832    0.00   75.95        1
 OLD350                    375.193  56257.9867841482149    0.00  145.47        1
 OLD350                    324.892  56257.9867840951373    0.00   89.48        1
 OLD350                    375.207  56257.9873666967467    0.00  204.92        1
 OLD350                    324.867  56257.9873666436721    0.00  101.18        1
 OLD350                    375.207  56257.9879492361529    0.00  153.49        1
 OLD350                    324.876  56257.9879491868885    0.00   88.28        1
 OLD350                    375.217  56257.9885317822115    0.00  175.84        1
 OLD350                    324.882  56257.9885317312135    0.00   73.88        1
 OLD350                    375.188  56257.9890560230784    0.00  186.73        1
 OLD350                    324.883  56257.9890559685315    0.00  137.65        1
 OLD350                    324.843  56277.8856114113757    0.00  121.16        1
 OLD350                    375.193  56277.8861943088606    0.00  240.29        1
 OLD350                    324.848  56277.8861942600157    0.00   73.23        1
 OLD350                    375.206  56277.8867768695359    0.00  131.74        1
 OLD350                    324.866  56277.8867768196430    0.00   84.58        1
 OLD350                    375.194  56277.8873594345898    0.00  112.85        1
 OLD350                    324.851  56277.8873593831502    0.00   87.47        1
 OLD350                    375.201  56277.8879419958311    0.00  129.71        1
 OLD350                    324.844  56277.8879419458827    0.00   85.64        1
 OLD350                    375.208  56277.8885242704242    0.00  124.66        1
 OLD350                    324.860  56277.8885242235087    0.00   84.62        1
 OLD350                    375.239  56277.8891076876415    0.00  158.18        1
 OLD350                    324.858  56277.8891076386711    0.00   80.28        1
 OLD350                    375.227  56277.8896896817470    0.00  180.20        1
 OLD350                    324.854  56277.8896896306235    0.00  100.85        1
 OLD350                    375.223  56277.8902725272587    0.00  178.25        1
 OLD350                    324.901  56277.8902724769383    0.00  111.42        1
 OLD350                    375.220  56277.8908548035883    0.00  103.53        1
 OLD350                    324.871  56277.8908547584412    0.00   99.01        1
 OLD350                    375.204  56277.8914379385709    0.00  113.89        1
 OLD350                    324.881  56277.8914378905975    0.00  138.59        1
 OLD350                    375.252  56277.8926019223367    0.00   92.98        1
 OLD350                    324.872  56277.8926018754225    0.00   77.62        1
 OLD350                    375.251  56277.8931850548132    0.00  165.72        1
 OLD350                    324.911  56277.8931850040011    0.00   89.36        1
 OLD350                    375.256  56277.8937670486651    0.00  199.88        1
 OLD350                    324.909  56277.8937669973907    0.00   92.07        1
 OLD350                    375.285  56277.8943493228333    0.00  130.35        1
 OLD350                    324.912  56277.8943492768829    0.00   72.24        1
 OLD350                    375.400  56277.8949324527796    0.00  136.49        1
 OLD350                    324.873  56277.8949324098373    0.00   72.14        1
 OLD350                    375.428  56277.8954567014263    0.00  242.11        1
 OLD350                    324.837  56277.8954566603991    0.00   81.00        1
 OLD350                    375.131  56478.5070694615578    0.00  104.32        1
 OLD350                    324.891  56478.5070694074565    0.00   85.15        1
 OLD350                    375.122  56478.5076519484686    0.00  105.32        1
 OLD350                    324.897  56478.5076518937926    0.00   94.00        1
 OLD350                    375.168  56478.5082350013298    0.00  117.11        1
 OLD350                    324.895  56478.5082349503340    0.00   93.13        1
 OLD350                    375.171  56478.5088177755090    0.00   87.35        1
 OLD350                    324.894  56478.5088177213400    0.00   77.70        1
 OLD350                    375.161  56478.5093991247121    0.00   85.66        1
 OLD350                    324.922  56478.5093990702743    0.00   65.12        1
 OLD350                    375.171  56478.5099830337580    0.00  122.64        1
 OLD350                    324.907  56478.5099829807390    0.00   68.19        1
 OLD350                    375.177  56478.5105649511322    0.00  135.92        1
 OLD350                    324.924  56478.5105648977665    0.00   69.13        1
 OLD350                    375.104  56478.5111480100653    0.00   90.55        1
 OLD350                    324.936  56478.5111479544294    0.00   64.39        1
 OLD350                    375.113  56478.5117304972970    0.00   86.30        1
 OLD350                    324.922  56478.5117304399424    0.00   69.91        1
 OLD350                    375.070  56478.5123129859154    0.00  134.20        1
 OLD350                    324.931  56478.5123129265269    0.00   73.15        1
 OLD350                    375.097  56478.5128954718971    0.00   95.19        1
 OLD350                    324.899  56478.5128954158439    0.00   71.48        1
 OLD350                    375.102  56478.5134199370184    0.00  115.80        1
 OLD350                    324.904  56478.5134198829056    0.00   84.70        1
 OLD350                    376.819  56743.9132732189675    0.00  101.01        1
 OLD350                    324.937  56743.9132732283194    0.00   68.54        1
 OLD350                    376.807  56743.9138566351619    0.00  144.40        1
 OLD350                    324.931  56743.9138566440872    0.00   71.35        1
 OLD350                    376.685  56743.9144389184965    0.00   91.77        1
 OLD350                    324.905  56743.9144389235906    0.00   74.24        1
 OLD350                    376.794  56743.9150209043419    0.00  169.28        1
 OLD350                    324.890  56743.9150209187607    0.00   87.00        1
 OLD350                    376.842  56743.9156037502550    0.00  131.45        1
 OLD350                    324.917  56743.9156037638360    0.00   85.47        1
 OLD350                    376.969  56743.9161863099544    0.00  153.44        1
 OLD350                    324.917  56743.9161863285492    0.00  115.14        1
 OLD350                    377.007  56743.9167685875026    0.00  142.59        1
 OLD350                    324.915  56743.9167686059842    0.00   73.94        1
 OLD350                    376.883  56743.9173517191330    0.00  100.52        1
 OLD350                    324.926  56743.9173517355568    0.00   76.02        1
 OLD350                    376.837  56743.9179334331496    0.00   84.14        1
 OLD350                    324.907  56743.9179334446925    0.00   93.15        1
 OLD350                    376.856  56743.9185162814022    0.00  151.64        1
 OLD350                    324.960  56743.9185162905487    0.00   78.89        1
 OLD350                    376.875  56743.9190991265790    0.00  107.83        1
 OLD350                    324.912  56743.9190991405177    0.00   60.03        1
 OLD350                    376.790  56743.9196230952122    0.00  147.74        1
 OLD350                    324.903  56743.9196231048884    0.00   73.69        1
 OLD350                    376.081  56746.0657954322077    0.00  136.79        1
 OLD350                    325.007  56746.0657954057342    0.00   61.92        1
 OLD350                    375.975  56746.0663788501215    0.00   69.12        1
 OLD350                    325.011  56746.0663788211384    0.00   53.79        1
 OLD350                    375.954  56746.0669616978558    0.00   80.20        1
 OLD350                    324.994  56746.0669616699195    0.00   67.73        1
 OLD350                    375.966  56746.0675439757661    0.00   92.65        1
 OLD350                    325.012  56746.0675439452899    0.00   63.38        1
 OLD350                    375.986  56746.0681262494439    0.00   87.85        1
 OLD350                    324.999  56746.0681262227395    0.00   55.97        1
 OLD350                    376.011  56746.0687093813664    0.00   99.79        1
 OLD350                    325.003  56746.0687093543388    0.00   69.71        1
 OLD350                    376.001  56746.0692913729044    0.00   97.64        1
 OLD350                    325.030  56746.0692913452366    0.00   69.07        1
 OLD350                    376.093  56746.0698736460867    0.00   86.18        1
 OLD350                    325.037  56746.0698736217464    0.00   59.28        1
 OLD350                    376.086  56746.0704570627582    0.00   90.25        1
 OLD350                    325.014  56746.0704570387691    0.00   67.45        1
 OLD350                    375.974  56746.0710387741138    0.00   89.71        1
 OLD350                    324.991  56746.0710387479552    0.00   68.82        1
 OLD350                    375.966  56746.0716224726459    0.00  100.73        1
 OLD350                    324.995  56746.0716224460165    0.00   64.23        1
 OLD350                    376.078  56746.0721455831317    0.00  105.05        1
 OLD350                    325.009  56746.0721455583164    0.00   58.45        1
 OLD350                    375.772  56747.7850550645882    0.00   77.71        1
 OLD350                    324.959  56747.7850550293686    0.00   79.09        1
 OLD350                    375.880  56747.7856390406262    0.00  179.37        1
 OLD350                    324.972  56747.7856390137422    0.00   76.25        1
 OLD350                    375.890  56747.7862201803861    0.00   72.42        1
 OLD350                    324.945  56747.7862201526326    0.00   60.23        1
 OLD350                    375.980  56747.7868052964706    0.00  100.51        1
 OLD350                    324.947  56747.7868052740306    0.00   58.71        1
 OLD350                    375.798  56747.7873867259439    0.00   66.73        1
 OLD350                    324.958  56747.7873866944851    0.00   87.22        1
 OLD350                    375.875  56747.7879684307657    0.00   81.39        1
 OLD350                    324.922  56747.7879684042241    0.00   50.89        1
 OLD350                    375.789  56747.7885501402670    0.00  129.78        1
 OLD350                    324.923  56747.7885501116320    0.00   57.31        1
 OLD350                    375.705  56747.7891346956540    0.00   85.96        1
 OLD350                    324.940  56747.7891346602611    0.00   77.17        1
 OLD350                    375.886  56747.7897161135290    0.00   89.92        1
 OLD350                    324.941  56747.7897160854953    0.00   54.51        1
 OLD350                    375.819  56747.7902995283480    0.00  100.14        1
 OLD350                    324.926  56747.7902995015588    0.00   59.87        1
 OLD350                    375.697  56747.7908803850588    0.00   98.01        1
 OLD350                    324.979  56747.7908803504799    0.00   64.48        1
 OLD350                    375.797  56747.7914046303575    0.00  127.92        1
 OLD350                    324.965  56747.7914045992654    0.00   70.50        1
 OLD820                    869.768  56329.7612417184433    0.00  249.13        1
 OLD820                    769.687  56329.7612415338116    0.00  212.86        1
 OLD820                    869.696  56329.7618262953468    0.00  110.86        1
 OLD820                    769.639  56329.7618261122530    0.00  184.91        1
 OLD820                    869.741  56329.7623494309256    0.00  194.43        1
 OLD820                    769.697  56329.7623492452089    0.00  174.97        1
 OLD820                    869.500  56608.0776770936389    0.00  104.55        1
 OLD820                    769.664  56608.0776769091323    0.00  150.49        1
 OLD820                    869.483  56608.0782604571778    0.00  167.68        1
 OLD820                    769.650  56608.0782602738063    0.00   86.22        1
 OLD820                    869.675  56608.0788426825546    0.00  277.46        1
 OLD820                    769.652  56608.0788424991473    0.00   80.12        1
 OLD820                    869.383  56608.0794257610123    0.00  125.09        1
 OLD820                    769.660  56608.0794255795747    0.00   72.46        1
 OLD820                    869.399  56608.0800079914072    0.00  201.11        1
 OLD820                    769.630  56608.0800078050416    0.00   94.07        1
 OLD820                    869.408  56608.0805324729405    0.00  144.26        1
 OLD820                    769.642  56608.0805322910507    0.00   95.41        1
 OLD820                    769.694  56611.5420295239849    0.00  155.14        1
 OLD820                    769.601  56611.5426111852867    0.00  112.74        1
 OLD820                    769.549  56611.5431939841897    0.00  119.47        1
 OLD820                    869.514  56611.5437769615819    0.00  173.25        1
 OLD820                    769.668  56611.5437767802444    0.00  165.35        1
 OLD820                    769.747  56611.5443592921318    0.00  171.07        1
 OLD820                    769.643  56611.5448835003283    0.00  126.14        1
 OLD820                    868.952  56637.3828969966271    0.00  151.90        1
 OLD820                    769.657  56637.3828968119137    0.00  139.23        1
 OLD820                    769.659  56637.3834799159127    0.00  139.91        1
 OLD820                    769.659  56637.3840621672050    0.00  151.32        1
 OLD820                    869.038  56637.3846454554634    0.00  162.36        1
 OLD820                    769.636  56637.3846452730765    0.00  120.09        1
 OLD820                    869.038  56637.3852274245687    0.00  279.00        1
 OLD820                    769.644  56637.3852272393688    0.00  205.67        1
 OLD820                    869.085  56637.3857525036495    0.00  110.40        1
 OLD820                    769.679  56637.3857523139372    0.00  143.57        1
 OLD820                    869.124  56637.9755827741667    0.00   74.80        1
 OLD820                    769.616  56637.9755825932725    0.00  102.10        1
 OLD820                    869.324  56637.9761653101983    0.00   95.97        1
 OLD820                    769.579  56637.9761651287060    0.00  123.49        1
 OLD820                    869.136  56637.9767481310351    0.00   83.97        1
 OLD820                    769.587  56637.9767479490610    0.00  127.36        1
 OLD820                    869.222  56637.9773303822381    0.00   81.78        1
 OLD820                    869.435  56637.9779134844348    0.00   96.26        1
 OLD820                    769.589  56637.9779133019552    0.00  158.71        1
 OLD820                    869.358  56637.9784377122308    0.00   78.32        1
 OLD820                    769.619  56637.9784375298008    0.00  212.54        1
 OLD820                    870.029  56669.3589968120162    0.00  159.76        1
 OLD820                    769.688  56669.3589966304884    0.00  161.19        1
 OLD820                    869.995  56669.3595787990033    0.00  145.84        1
 OLD820                    769.698  56669.3595786202361    0.00  119.41        1
 OLD820                    869.991  56669.3601627823925    0.00  126.01        1
 OLD820                    769.667  56669.3601625973983    0.00  111.93        1
 OLD820                    870.040  56669.3607444861816    0.00  101.75        1
 OLD820                    769.651  56669.3607443087637    0.00  141.91        1
 OLD820                    870.041  56669.3613276131003    0.00  131.81        1
 OLD820                    769.641  56669.3613274333609    0.00  144.25        1
 OLD820                    870.022  56669.3618512904734    0.00  164.74        1
 OLD820                    769.620  56669.3618511101938    0.00  221.12        1
 OLD820                    869.731  56670.9088853211457    0.00  201.60        1
 OLD820                    769.634  56670.9088851420760    0.00  280.90        1
 OLD820                    869.373  56670.9094681624926    0.00  131.21        1
 OLD820                    769.639  56670.9094679817711    0.00  146.09        1
 OLD820                    769.639  56670.9100505408707    0.00  306.64        1
 OLD820                    869.810  56670.9106329974021    0.00  270.80        1
 OLD820                    769.616  56670.9111570609803    0.00  170.86        1
