207.13151187044505 176.2204913 55353.90311022806 375.17
-25.574704714064858 110.58257909999999 55353.903110174375 324.867
208.01594312488044 202.9912822 55353.90369360224 375.139
100.12414178159649 77.62511539999998 55353.90369354876 324.867
82.09479008139405 130.10900279999998 55353.9040434538 375.141
230.72635480044033 135.5569684 55353.90404340226 324.885
-101.18803246491262 78.6009644 55353.90470788303 375.268
-16.696255423487457 87.18109049999998 55353.90470783788 324.852
-116.79766905658428 121.03150849999999 55353.90529097007 375.3
19.512372721232175 66.35038689999999 55353.90529092704 324.848
185.73028961547064 161.38234 55353.90564082767 375.275
108.42392573204638 170.1072695 55353.9056407803 324.862
212.83654842353474 161.15359259999997 55680.770899535746 375.164
-84.87105688629906 105.6183408 55680.7708994812 324.862
30.816865531982156 247.4375316 55680.77148320444 375.159
39.229210342103755 202.74154879999998 55680.7714831533 324.861
141.24269377396476 171.9750235 55680.77206573776 375.179
29.772725115169422 75.9504326 55680.77206568529 324.873
-29.850426599916187 84.3763116 55680.77264821874 324.852
-73.41773793910674 266.7687855 55680.77323080205 375.152
-27.05141939627532 144.6722375 55680.77323074983 324.881
139.1562897175379 180.0263024 55680.77381333635 375.177
-113.5953264514667 101.65618399999998 55680.77381328199 324.876
12.587041978323423 170.7998075 55680.774395866894 375.198
-35.387892055023485 80.7656703 55680.77439581747 324.848
106.13918984892737 108.3727533 55680.77497863411 324.885
-370.62505624417673 183.65688039999998 55680.77556092848 375.19
-78.30199337907106 121.26235449999999 55680.77556087675 324.944
289.0925121778576 219.10853019999996 55680.77614318549 375.166
-132.57489960835142 133.14672629999998 55680.7761431257 324.925
-165.4249205312529 275.52414469999997 55680.77672628027 375.208
-100.70780641181084 147.75298229999999 55680.77672623317 324.838
-180.50742305452061 158.29949659999997 55680.77730852943 375.185
183.66360322655865 78.403696 55680.77730848296 324.869
40.43149212540701 169.3370833 55680.777891064725 375.188
21.662221008611624 88.88620299999998 55680.777891013386 324.878
18.09278532127278 106.72850019999998 55680.77847354713 324.863
379.724841034558 154.3614737 55680.77905641961 375.168
72.5641149642282 86.12969189999998 55680.779056365114 324.862
-72.54654711863046 272.114969 55680.77963866271 375.17
-91.28150983273844 89.5430648 55680.7796386117 324.861
239.78859101279124 292.44725509999995 55680.7802214827 375.193
-57.2765270882126 82.84958009999998 55680.78022143044 324.844
-12.444954543118632 154.26808599999998 55680.780745703996 375.155
-107.12781490069283 95.3467431 55680.78074565304 324.836
-105.34694788341415 134.44366109999999 55680.82689550759 375.132
-46.947340464034234 84.78973579999999 55680.82689545452 324.884
211.24716989931514 196.10367699999998 55680.82747861271 375.141
38.955864609420175 123.5592722 55680.82747855567 324.911
161.2883908171718 143.4372114 55680.82806114463 375.152
143.02502559297264 140.91994069999998 55680.82806108957 324.915
-228.53882061651893 189.3189032 55680.828643958055 375.138
151.5231185222866 124.54876209999999 55680.828643908586 324.89
-19.580335569958905 95.67937119999999 55680.82922672473 324.878
7.065185816500662 140.2777691 55680.82980931159 375.126
171.92170689759791 144.94505549999997 55680.82980925804 324.908
43.512084571387554 183.2591957 55680.830392130156 375.107
64.65256068446524 127.2601533 55680.830392078744 324.834
-75.6185567420591 178.1207736 55680.83097437648 375.127
172.09516001952392 116.64018799999998 55680.83097432559 324.881
-165.14446822150214 114.33592519999999 55680.831557194346 375.089
204.86594432461283 123.27491189999999 55680.83155714317 324.884
43.90803878519199 98.4127977 55680.832137399404 324.873
-305.0330778562232 228.8806611 55680.8327216883 375.125
62.127871933399604 104.53651249999999 55680.83272163932 324.871
200.53879417471882 289.77363869999994 55680.833304512016 375.113
-107.28896597696438 89.73088949999999 55680.833304455555 324.858
-357.98622062709086 186.04928439999998 55680.83388646817 375.149
-60.27964525594398 106.2825477 55680.83388642041 324.854
55.01996738249484 162.32041419999996 55680.8344684373 375.142
255.7865717209265 100.98882919999998 55680.834468387766 324.86
166.87124223794382 157.75490989999997 55680.83505092024 324.851
18.32480762430517 130.050242 55680.83563373721 324.83
-120.88393947030337 96.8734746 55680.83621683632 324.848
-61.11217904363975 102.21441159999999 55680.83674105663 324.899
-56.64124945049835 181.41557559999998 55683.72610890958 375.133
-9.76458483472469 111.1544476 55683.72610885187 324.958
-102.14799259284868 134.40168909999997 55683.726458769714 375.114
326.37966926173806 201.6922488 55683.726458715355 324.963
66.31943637467427 131.68610069999997 55683.72743951939 375.058
-1.0470920733886473 113.3968017 55683.727439461734 324.887
-188.77567944019265 229.23952169999998 55683.728022899384 375.091
-110.91991189293806 97.78111909999998 55683.72802284585 324.869
-138.89052953164492 88.5735116 55683.7286056608 324.871
-216.49839083226183 235.72209709999996 55683.72918739223 375.088
-30.33401715396741 150.4685707 55683.7291873389 324.884
-265.70317467510523 207.44765929999997 55683.729770207625 375.074
111.70669518331552 74.45832799999998 55683.72977015564 324.889
-142.4855878052583 100.70656749999999 55683.73035273989 375.077
32.81383657750219 91.50630509999999 55683.730352686 324.884
-66.60622686059031 234.6465646 55683.73093527057 375.106
-77.04541093864945 115.2078935 55683.730935215994 324.879
-84.43483206933351 114.93822339999998 55683.731517802735 375.071
-0.7663422257790666 101.4914439 55683.731517748834 324.863
-258.82002563744953 370.17205399999995 55683.73210004604 375.101
-60.44265022206352 108.46404239999998 55683.73209999473 324.862
261.22096319983524 181.5173577 55683.732682868555 375.074
62.999840929978056 130.417497 55683.73268281083 324.874
145.11502299154765 202.567365 55683.733265397415 375.093
-11.49199803315022 83.56310409999999 55683.73326534063 324.879
108.01021083464623 241.51318379999998 55683.733789617654 375.101
76.89556796939894 141.98393089999996 55683.73378956282 324.876
-165.76457142983665 217.64370739999998 55685.01371253712 375.136
108.24427012770846 110.40419809999999 55685.0137124876 324.87
279.6052775598878 357.50175649999994 55685.01476581899 375.133
150.88725725312227 94.8367833 55685.01476576265 324.903
150.1076737586972 198.99554779999997 55685.01534943041 324.911
101.92020615118469 166.7348193 55685.01593196024 324.913
229.79915828134713 186.18779199999997 55685.01651483401 375.086
110.04082654462833 134.7290707 55685.01651477435 324.928
-393.63575228093845 224.6950034 55685.01709678886 375.075
-41.66159202895921 91.40767089999999 55685.01709673453 324.923
-178.07633284512812 260.876966 55685.01768017799 375.005
-40.86777249285847 107.353883 55685.01768011799 324.929
358.08531384474315 149.5703699 55685.01826180059 324.916
59.368780576772906 188.57180159999996 55685.01884461319 324.898
-39.76730587256275 159.82622809999998 55685.019425152146 324.887
-153.6747160307294 185.00208299999997 55685.02000944331 375.096
22.667326748550835 171.51543009999997 55685.02000938982 324.89
-109.80714322713128 227.4326271 55685.02059197472 375.086
192.21873187353003 133.8235248 55685.020591920555 324.918
-301.9692505249488 207.37210969999998 55685.02111818854 374.976
51.4111880367942 134.54124599999997 55685.02111812938 324.937
-147.16941717422836 189.2737833 55691.973643598976 325.127
-253.73993307650034 158.8713651 55691.97422669332 325.12
-247.79996757485216 185.6904238 55691.97480957377 375.096
41.67592128981524 122.03988579999998 55691.97480950819 325.108
-220.47697539451465 164.7023252 55691.97539210116 375.076
-144.83129609792337 121.57504589999999 55691.97539203083 325.132
9.787393924045944 151.55249759999998 55691.97597427556 325.114
-166.2771147064155 286.8544861 55691.976498205164 325.125
12.22363955332833 72.15091729999999 55979.89527533806 375.136
29.05889177243389 56.441846999999996 55979.89527528356 324.897
33.432446384295496 109.63086399999999 55979.89585818856 375.177
112.17599251135061 81.7026952 55979.89585813451 324.928
-47.95348760126555 83.576745 55979.896440753015 375.228
135.6612499783162 82.5431845 55979.89644070407 324.898
48.96096386921458 87.17164679999999 55979.897023605474 375.242
-53.579121533275625 86.7802579 55979.89702355415 324.892
-13.193370952013748 78.2389559 55979.89760617172 375.254
78.26950622789683 67.51930709999999 55979.89760612398 324.878
-58.15033282672564 57.64854199999999 55979.89818845438 375.249
22.29057517657722 60.161615499999996 55979.8981884062 324.88
39.10244778703968 78.4288792 55979.898771023996 375.223
80.3191014199706 73.0291814 55979.89877097401 324.885
-127.19199938325738 68.5360788 55979.89935358775 375.267
-42.24186523100558 70.2170574 55979.89935354195 324.854
-32.13624396555493 72.1855442 55979.89993615582 375.279
17.843317006484426 73.85917769999999 55979.899936108246 324.884
100.96226019131029 90.49792779999999 55979.90051900939 375.276
-74.17333532851802 63.33679729999999 55979.900518959206 324.882
153.6206116332575 58.96961069999999 55979.901100724164 375.274
56.31363907787187 72.286277 55979.90110067431 324.89
-29.05421532631028 108.0726535 55979.90162582955 375.266
-77.2892203418063 67.83829429999999 55979.901625779945 324.89
97.01272562323136 106.57635169999999 55980.85387498002 375.195
-26.83453720060717 71.6157743 55980.85387492892 324.854
104.45120616993141 77.4100089 55980.85445754694 375.199
-16.344045006079472 58.0850508 55980.85445749647 324.847
-124.27156240534332 83.76142179999998 55980.85504034735 324.836
-100.31042175890106 120.8646698 55980.85562324744 375.2
-46.25721288258796 87.06042099999999 55980.855623200194 324.828
27.10572173086576 81.6124554 55980.85620553221 375.181
-28.533066340724123 74.10051669999999 55980.8562054827 324.832
-60.31077231123237 111.71792169999998 55980.8567878147 375.157
-228.04985156495326 75.3985008 55980.85678776138 324.857
67.86428151460267 138.7562841 55980.857370381666 375.195
23.391997351478604 77.07528219999999 55980.857370332094 324.844
-224.03897842490582 184.6736521 55980.85795294645 375.166
26.20399894934361 92.5251754 55980.85795289919 324.843
-62.87740817785962 75.6996499 55980.85853579781 375.215
-15.607158192690822 69.77740069999999 55980.85853575066 324.835
62.600688203654514 101.72124059999999 55980.859118366505 375.209
-60.207458015182176 71.70496479999998 55980.85911831721 324.834
220.06592859169453 123.60858929999999 55980.859700365945 375.221
-108.92902896332139 86.6354545 55980.8597003145 324.838
16.480433447151462 149.69838449999997 55980.86022518575 375.225
-90.8388479269606 64.62848559999999 55980.8602251374 324.832
139.83298810098728 102.25218639999999 55982.623446679834 375.223
-24.702375255585896 73.36285879999998 55982.62344663063 324.834
137.4024243031624 119.4638543 55982.62403009949 375.215
63.9767835879777 86.27344599999999 55982.62403005237 324.812
77.48214097433464 85.1066244 55982.6246123807 375.206
1.406960048506281 101.98671349999998 55982.62461233523 324.779
6.857801938233255 120.33687189999999 55982.62519466222 375.186
-83.56441945075404 85.95865599999999 55982.62519461517 324.789
-176.12518268291228 193.56856819999996 55982.62577722502 375.213
6.618032207301639 88.7162164 55982.625777180976 324.809
170.8843126329732 96.93958049999999 55982.626359510774 375.208
-37.199594304484854 95.45377169999999 55982.62635946163 324.815
36.40164523831938 109.98657669999999 55982.62694207574 375.195
-44.661637560056356 91.26076889999999 55982.6269420289 324.793
14.820635724317286 139.8874295 55982.627524355106 375.243
16.251483794552737 93.0571705 55982.627524311145 324.793
-42.50221084866534 101.63205009999999 55982.62810748879 375.257
-95.85321323669704 78.36382259999999 55982.628107444696 324.794
61.95474497818581 214.78856209999998 55982.62869005523 375.276
183.4757024109598 72.24430499999998 55982.628690014106 324.791
-97.03712205822566 111.90679569999999 55982.62927205015 375.284
79.31444198681687 79.38479149999999 55982.629272007514 324.831
110.4606009861675 257.6000021 55982.62979687545 375.247
-170.431658624467 86.14123419999999 55982.62979682579 324.835
-40.25134274577329 198.19703049999998 55982.94787913546 375.191
29.577597514654656 75.75841069999998 55982.94787908502 324.877
-88.44727875314615 144.38472929999998 55982.948462839195 375.191
100.55913073804462 90.20727169999998 55982.948462789085 324.894
-38.43131516954632 139.54011119999998 55982.9490454054 375.212
70.47942749447108 83.8422179 55982.94904535527 324.893
-53.29263836028123 135.8539203 55982.94962797355 375.166
77.88345659144649 83.73833719999999 55982.94962792325 324.87
268.6614235989486 105.65611559999998 55982.95021054399 375.16
-3.8392387420722818 109.59099059999998 55982.95021048958 324.857
91.88163392710686 124.15842249999999 55982.95079310701 375.195
4.296018227287983 75.8245166 55982.9507930554 324.869
77.54361687139063 137.85598469999996 55982.95137539107 375.14
6.6834104276557715 117.10502789999998 55982.95137533782 324.863
-0.6420057365859615 151.17474959999998 55982.951957956284 375.149
-147.71547927734196 78.9650715 55982.95195790282 324.858
-49.08116176955832 97.6300199 55982.952540806175 375.161
30.17988278283614 92.07397639999999 55982.95254075526 324.867
-31.016534656848947 133.7385315 55982.953006746386 375.146
71.1669745219266 135.78886369999998 55982.95300669489 324.871
-90.66780371754521 128.62844049999998 55984.751559644166 375.103
-78.85258147082216 114.6685533 55984.751559589226 324.882
-72.79489397318247 100.5218907 55984.75214272384 324.876
-48.91931834564739 109.8018999 55984.752725344806 375.085
-31.91888112353864 93.5849684 55984.75272528946 324.878
63.958891264030456 91.58605189999999 55984.753307855455 324.884
123.53641099138362 136.5642964 55984.753890761225 375.099
10.513901247007846 111.2069126 55984.75389070475 324.881
116.7020009399277 148.5714363 55984.75447304168 375.106
-42.729278002308234 90.88302089999999 55984.75447298457 324.887
277.2383640613381 92.1946459 55984.75505560832 375.118
-5.619642287508451 112.10511339999998 55984.755055548354 324.918
98.9847378216822 99.53974589999999 55984.75563845607 375.116
108.93337354074792 92.3079703 55984.75563839928 324.92
-75.06486743910347 117.35895849999999 55984.75622045017 375.122
-68.39708430475503 149.2031149 55984.75622039611 324.879
88.90906488502029 143.3385772 55984.75680358656 375.114
-99.24391450658356 97.44639239999998 55984.75680352902 324.894
150.02010040603048 251.1016872 55984.75738615242 375.117
-2.3906585604396104 103.19550709999999 55984.75738609498 324.901
288.19121862889756 185.6411067 55984.757909837004 375.116
77.45015565578024 81.6428851 55984.75790977866 324.904
-135.63171767890464 172.97500639999998 55985.81400179741 375.13
108.90169148187178 102.06016449999998 55985.81400174798 324.854
-119.56071431139743 150.69941669999997 55985.81458464601 375.155
-13.162976316482313 118.91821829999999 55985.81458459456 324.877
154.12971605883322 128.08910029999998 55985.81516778313 375.153
13.698317237497921 95.69091349999998 55985.81516772899 324.873
-123.35784083852423 190.5046122 55985.81575034532 375.142
160.92467945782815 125.90235909999998 55985.81575029449 324.892
-19.945734941802147 106.57530239999998 55985.816332573704 324.879
38.41923794615496 104.19234209999999 55985.81691485915 324.81
165.32385093410664 129.39128159999999 55985.8174974732 375.178
-59.222058435923856 116.482793 55985.8174974233 324.805
-53.51994583302098 108.4010844 55985.81808055477 324.845
323.0984219697696 131.92743969999998 55985.81866345993 375.138
92.84535329717279 102.59006099999999 55985.81866340385 324.878
103.58867255673613 110.32340199999999 55985.81924516984 375.117
-65.07316311652232 160.8744788 55985.81924511356 324.879
-323.8168311583682 167.05485579999998 55985.81982801424 375.119
-38.46969183025113 71.0334128 55985.8198279649 324.853
93.17258771183563 101.8009874 55985.82035221659 324.876
-124.00957460875152 70.4909247 55988.579013515984 324.897
57.5925883550231 76.315589 55988.57959721975 324.891
-60.1994759906885 103.03706279999999 55988.58017954886 375.207
-87.40585623032676 109.1146084 55988.58017949629 324.904
1.7865668464172284 119.1438178 55988.58076211754 375.095
-53.90510857821184 89.70360769999999 55988.58076206046 324.899
32.12796034990903 70.1687896 55988.58134462358 324.921
198.6781012494244 121.79539889999998 55988.58192724777 375.07
-56.11402956635774 73.9389245 55988.58192718615 324.919
29.925116000133098 132.925324 55988.58250980792 375.104
-94.30377916872689 85.83378929999999 55988.58250974924 324.918
-15.01022288402483 159.9017777 55988.58309265481 375.117
-11.886544667827355 86.05519159999999 55988.58309259757 324.927
174.26916614061847 170.33391829999997 55988.583674653564 375.067
-112.5985861387391 94.5345849 55988.58367459139 324.92
-8.92425212509706 146.629182 55988.584256928654 375.112
42.19015253331618 84.27348019999998 55988.58425687004 324.955
-114.45841512411138 130.22547509999998 55988.58483920596 375.124
37.148882935942595 78.76675379999999 55988.58483914961 324.945
-306.34171235282406 137.09943939999997 55988.58536373831 375.127
-26.651843239889406 89.4098037 55988.58536368294 324.955
45.96463757469827 148.81382459999998 55991.68022901422 375.17
91.60258920098973 70.78682729999998 55991.68022896776 324.795
-120.63000239936783 134.85288809999997 55991.68081271288 375.151
15.6708386831244 73.0365265 55991.680812665596 324.813
124.41152130200008 143.4057324 55991.681394993444 375.147
38.31353762566723 72.34398849999998 55991.68139494484 324.79
-261.631443686344 317.29992559999994 55991.68197755091 375.149
104.41880887689884 90.59656199999999 55991.681977506756 324.804
-172.23863459014856 178.9234881 55991.68256011351 375.16
-37.83036310014583 75.6996499 55991.68256006632 324.817
-133.7544255113935 139.0144119 55991.683142676935 375.136
-104.22351366368052 80.09831549999998 55991.6831426272 324.823
110.22411561637246 72.75006759999998 55991.68372519119 324.831
-71.03987269550568 138.13824639999999 55991.68430780097 375.154
-15.192064284633563 107.8103285 55991.684307750584 324.85
132.77175121628147 167.5123506 55991.68489008073 375.158
-102.1045864309718 69.52451939999999 55991.6848900264 324.862
-2.4055297310061268 144.362694 55991.68547264058 375.173
8.241593253411288 64.0125465 55991.68547259303 324.808
108.7985717304636 134.7626483 55991.686055204045 375.169
-48.284315358228724 74.63880759999999 55991.68605515365 324.82
64.07037068573528 130.270595 55991.68657973743 375.156
-182.61535861087012 109.78930829999999 55991.6865796838 324.847
-49.47646941263895 90.8368517 56017.613805122484 324.866
150.40158970815378 93.440165 56017.614388237525 324.895
-455.4305470820545 118.50164619999998 56017.61497111334 375.177
16.16312077598362 118.60447759999998 56017.614971066105 324.894
-167.99308992025328 97.7475415 56017.615553894415 324.888
-122.8904203261751 81.72368119999999 56017.61613649405 375.148
1.2686278364724104 102.5103142 56017.616136442 324.888
233.93631343029068 104.4630615 56017.61671904405 375.142
-9.573187895105521 65.1783188 56017.61671898806 324.879
19.22054532402048 92.1893994 56017.617301533646 324.885
-131.4206359023556 100.76427899999999 56017.617884077285 324.889
-144.48584898285827 95.36143329999999 56017.61846662165 324.907
-64.16017395204283 96.46949409999999 56017.61904916858 324.901
110.81177575791367 130.9641823 56017.61963143166 324.903
-79.94005370084489 105.52495309999998 56017.62015594746 324.913
-95.45773394283758 137.76784349999997 56021.77068180635 375.105
19.440992260529157 90.06771479999999 56021.77068175299 324.88
-12.841171968037338 74.1718691 56021.771263442235 324.878
-165.00683985945085 114.42931289999999 56021.771846038115 375.099
29.79066322487641 111.07155289999999 56021.77184598581 324.874
18.513149088987998 124.69671339999998 56021.77242824357 324.882
196.46720621887567 202.55057619999997 56021.77301084152 375.149
176.091442422447 142.9513855 56021.77301078823 324.882
86.52269118292386 95.23132009999999 56021.77359361496 324.874
98.15606058577274 119.50057979999998 56021.774176210216 375.156
-45.640279599188446 86.51793289999999 56021.77417615399 324.911
-108.58979004546796 115.01167439999999 56021.774758695785 324.916
79.33116132838775 129.60638809999998 56021.775341296634 375.132
60.87076882310006 168.71694699999998 56021.77534124429 324.856
-82.36765356439163 127.29582949999998 56021.77592378393 324.881
-98.9772977105079 98.61741119999998 56021.77650604226 324.879
-435.1352958850607 140.5275025 56021.77703032327 375.14
-191.04477752470004 126.2664662 56021.77703027089 324.911
146.38577858571117 121.876195 56028.574349374205 375.231
-94.67369882484341 97.2575184 56028.574349319344 324.92
-231.51808434320014 196.8654688 56028.57493247564 375.235
151.25824695113178 141.3889778 56028.57493242761 324.929
69.4019056227627 127.55500659999998 56028.57551524844 324.925
60.9978174848963 254.1698404 56028.57609812278 375.218
-34.144624445442915 94.29954169999999 56028.57609806718 324.951
38.95516083206606 130.6714276 56028.57668037425 375.241
-5.626325445595478 88.70572339999998 56028.57668032127 324.933
341.3645737713419 131.51506479999998 56028.577262862185 324.936
79.32147418322363 98.52822069999999 56028.5778453981 324.906
14.761946384383393 134.44575969999997 56028.578428269204 375.253
-77.72370571106623 84.91460249999999 56028.57842821763 324.909
-100.63975610914487 149.99113919999996 56028.579011039146 324.905
86.05687279397769 161.1766772 56028.57959301068 324.886
162.31013012584953 180.8510522 56028.58017559815 375.243
225.33271472382222 142.96712499999998 56028.580175548836 324.895
108.01794113558446 147.4035654 56028.58069977255 324.918
-31.414314153286483 218.0298498 56051.63775245012 375.158
-214.31234028802186 111.00964419999998 56051.63775239398 324.907
82.65186682187078 159.78635469999998 56051.63833548504 324.893
171.50388943997964 150.2524149 56051.63891805706 375.16
-17.02674560098382 138.0952251 56051.63891800056 324.913
-111.18236320542536 210.57562259999997 56051.6395005173 324.914
405.7213924767747 206.5001414 56051.640083095415 375.164
56.565750911860995 133.49194599999998 56051.6400830366 324.923
117.82338104639544 173.24467649999997 56051.640665839084 324.932
80.51783382132983 137.14350999999996 56051.64124835606 324.94
-1.0132929185605195 95.0214601 56051.64183058958 324.924
56.078767281865794 147.79705289999998 56051.64241344874 375.131
133.48342170533545 174.51642809999998 56051.64241339403 324.915
56.544225192888526 121.01157179999998 56051.64299591055 324.923
219.65426782866635 128.66096879999998 56051.64357843072 324.917
-386.60890977556244 142.54425709999998 56051.64410263362 324.906
143.50126359502474 249.2160951 56123.39923334824 375.115
-21.47795187138847 84.709989 56123.39923328672 324.976
71.90760917834137 112.7535808 56123.39981661229 324.985
120.09546017390845 180.97801749999996 56123.400399430255 375.09
-39.48658465237255 186.47320159999998 56123.40039936859 324.963
-328.63700729372283 288.53336609999997 56123.400981897445 375.076
-53.936819254182836 102.2511371 56123.40098183963 324.973
52.25907937881986 101.9772698 56123.40156431299 324.968
-308.1177158144514 301.9581103 56123.40214684157 375.07
-44.53621964150613 113.1187372 56123.40214678283 324.982
-29.576285539295277 190.92328289999998 56123.4027290316 375.085
112.82252510759483 108.2164076 56123.4027289712 324.996
35.784088273111394 114.49122159999999 56123.40331207341 375.075
109.66658692190639 81.14131969999998 56123.403312011134 325.007
-307.3428528720778 148.71833829999997 56123.4038945407 375.089
-36.852579350170075 125.11643339999999 56123.40389448089 325.013
-65.46011681990275 268.78239219999995 56123.40447673144 375.076
-175.54052083609324 143.75724789999998 56123.40447666794 324.993
87.10946443904052 206.32805619999996 56123.40505948824 375.106
31.92851844570625 91.5734603 56123.40505942658 324.993
-64.6902090270852 291.27728559999997 56123.40558394031 375.065
8.766930657641222 116.54575099999998 56123.405583877255 325.013
-212.3428686506419 172.0484745 56256.83738160353 375.139
-48.42260753049749 106.2877942 56256.837381549754 324.919
213.34621944217145 115.40621119999999 56256.83796443612 375.154
30.861416121415107 97.25332119999999 56256.837964380415 324.895
289.0406492153563 308.87299729999995 56256.83854754906 375.17
-10.658457200628318 65.87715259999999 56256.8385474927 324.894
-195.776996895513 123.66105429999999 56256.83912951737 375.195
94.87136864150956 107.34443929999999 56256.839129467124 324.922
152.64057350083556 151.476948 56256.83971263527 375.166
46.411316282743485 133.838215 56256.839712579764 324.914
-64.97971908473531 227.41059179999996 56256.840294892005 375.169
-284.1665141124312 189.55184779999996 56256.840294834874 324.921
-24.050641492579523 215.79589009999998 56256.84087743622 375.171
-61.783636176560734 94.14319599999999 56256.84087738022 324.938
-109.65402573801703 128.52875699999998 56256.84146026317 375.179
179.28813761503415 104.14827149999998 56256.84146021189 324.928
-11.131439386193566 181.24768759999998 56256.84204223848 375.198
-86.40368011771584 101.70655039999998 56256.84204218497 324.908
-99.6262335046168 124.79954479999999 56256.84262477967 375.238
105.29625374341138 125.46165309999998 56256.842624730954 324.909
-48.72213659403323 119.8898701 56256.84320789337 375.228
-61.09531097299772 82.7876714 56256.8432078426 324.895
115.34901054669429 148.89776859999998 56256.84373241198 375.235
72.87215823123653 140.81710929999997 56256.84373235935 324.924
68.29481307936163 250.845658 56257.98270548175 375.205
136.45311839248197 123.22979199999999 56257.98270543067 324.9
66.49518401089503 118.98642279999999 56257.98328859523 375.214
51.55557403040833 82.33647239999999 56257.98328854349 324.901
-146.3844094221544 160.6331398 56257.98387142362 375.178
-4.331486504440205 135.590546 56257.98387137262 324.895
-114.50997503224634 129.9054386 56257.984453968435 375.191
71.26004667011921 87.76240269999998 56257.98445391902 324.886
61.00582813384463 126.62952399999999 56257.985036515434 375.191
13.23198388235357 85.69947889999999 56257.985036464495 324.867
-87.64002426363841 136.50133839999998 56257.98561877464 375.181
-171.9840051800836 83.4676178 56257.98561872152 324.889
-51.857882259681816 126.828891 56257.98620160439 375.183
132.48769987954918 75.9000662 56257.986201553904 324.898
-89.16786395107913 145.36897269999997 56257.98678414853 375.193
-195.02004344300332 89.41819809999998 56257.986784095454 324.892
266.50984738552376 204.78768379999997 56257.98736669707 375.207
-20.87962042630124 101.10949869999999 56257.98736664399 324.867
-214.84030408091326 153.38877259999998 56257.98794923647 375.207
-125.03715593529715 88.21779889999999 56257.987949187205 324.876
-86.95583025866628 175.7210245 56257.98853178253 375.217
-149.54998897895985 73.8350438 56257.988531731535 324.882
441.0556599992018 186.6096106 56257.9890560234 375.188
177.58328579535663 137.55378629999998 56257.98905596885 324.883
-1.170415790443887 121.07872699999999 56277.88561141169 324.843
130.2464674274883 240.12495989999996 56277.88619430918 375.193
167.6172269471385 73.17818199999999 56277.88619426033 324.848
14.004254812713503 131.6535724 56277.886776869855 375.206
11.836903294496308 84.52741079999998 56277.88677681996 324.866
189.40738268788604 112.77456679999999 56277.88735943491 375.194
15.151492094752431 87.4150844 56277.88735938347 324.851
101.11097192815137 129.62842339999997 56277.88794199615 375.201
-5.887718169026986 85.58510519999999 56277.8879419462 324.844
-176.81306163382683 124.57604389999999 56277.88852427075 375.208
39.32840490773089 84.56098839999999 56277.88852422383 324.86
43.51611280313998 158.0717985 56277.88910768796 375.239
-35.845242081764894 80.2252808 56277.88910763899 324.858
42.3480421498098 180.0766688 56277.889689682066 375.227
-202.8308640042909 100.7831664 56277.889689630945 324.854
-100.29044097898638 178.12811869999996 56277.89027252758 375.223
-11.594173681877601 111.34227229999999 56277.890272477256 324.901
-263.17817138324153 103.4567828 56277.89085480391 375.22
122.87467540977259 98.9437435 56277.89085475876 324.871
-14.144610902188527 113.81862029999999 56277.89143793889 375.204
236.4486258161487 138.49290979999998 56277.89143789092 324.881
-152.15482413174624 92.9176136 56277.89260192266 375.252
-24.187960932166945 77.56635459999998 56277.89260187574 324.872
-67.99172333804188 165.61311759999998 56277.89318505513 375.251
-65.36555701335298 89.29542999999998 56277.89318500432 324.911
-32.891108941455684 199.7510438 56277.89376704898 375.256
-98.16907622404008 92.0047226 56277.89376699771 324.909
-272.3536607273557 130.2611513 56277.894349323156 375.285
37.98512451468364 72.19498789999999 56277.8943492772 324.912
-5.932137136710161 136.39535909999998 56277.8949324531 375.4
-41.34451397992573 72.08795929999998 56277.894932410156 324.873
24.78427994668541 241.95284049999998 56277.89545670175 375.428
-133.96761714170734 80.94510059999999 56277.89545666072 324.837
-276.9438515393069 158.7003292 56400.96909474839 375.034
-16.731038760572353 88.45074349999999 56400.9690946925 324.902
-185.57441264759402 193.7983649 56400.96967815721 375.036
29.685028717502934 96.09804189999998 56400.9696781018 324.887
17.257044431814805 98.2008391 56400.970260713366 375.053
-186.27333477618126 86.95444169999999 56400.9702606544 324.877
201.7155250464261 163.91430089999997 56400.970843555035 375.038
177.05975081126167 120.56247139999998 56400.97084349656 324.893
0.7486432540629219 169.91839549999997 56400.97142582174 375.063
-124.84069800644208 100.95630089999999 56400.971425761985 324.911
-50.364937475317234 149.96700529999998 56400.97200809091 375.07
-95.48995389639154 93.78433539999999 56400.97200803261 324.907
32.1068065670254 80.06473789999998 56400.972590589256 324.896
77.49406254859784 221.01300969999997 56400.97317320104 375.078
-85.81612012480247 87.9176991 56400.97317314262 324.892
73.92420916121964 123.21195389999998 56400.9737560409 375.054
114.71968654354474 113.63604209999998 56400.973755983694 324.895
-175.80028287251048 117.4502476 56400.97433830772 375.062
-67.39455630149261 85.5683164 56400.97433825211 324.887
333.62556009984235 131.4174799 56400.97492086614 375.111
-120.47357478770303 81.4907366 56400.97492080611 324.885
-15.361431989620586 125.63059039999999 56400.975445387296 375.146
4.355068048369316 98.6677776 56400.97544533384 324.89
-3.7826178633278835 211.82743749999997 56404.52822637799 375.138
69.61032233013637 92.86409929999999 56404.52822632808 324.838
219.86126556288028 194.3586911 56404.528809500116 375.136
-18.87679875851694 116.10189709999999 56404.528809445954 324.847
407.9264971197517 277.15895409999996 56404.529392621145 375.151
43.70580463121405 94.14949179999999 56404.529392566445 324.842
-1.8009156577393062 183.8730362 56404.52997459742 375.167
35.49052428167643 103.9405101 56404.529974547455 324.851
26.827400833779212 116.29077109999999 56404.5305568147 324.831
49.044594913872 188.89813389999998 56404.53113969941 375.16
-50.377030672490825 90.45175859999999 56404.53113964894 324.829
-96.81848041798904 183.42813299999997 56404.53172310138 375.166
110.06929871038355 116.73357569999999 56404.53172305458 324.831
193.66602191538283 153.9417537 56404.532305370136 375.184
84.28143301381529 84.53370659999999 56404.5323053202 324.834
19.854667150019928 166.70753749999997 56404.53288791844 375.19
-27.05984202651924 125.7071893 56404.53288786842 324.851
-45.9791065645082 210.05831769999998 56404.53347018423 375.179
-176.2617011358702 145.77610109999998 56404.533470133734 324.836
-164.78350343839193 293.46927329999994 56404.53405273461 375.149
98.90041449420535 123.71037139999999 56404.53405268927 324.807
127.45210354590813 238.80389119999998 56404.534577261664 375.134
100.64366300154965 139.0910108 56404.534577211976 324.813
-31.60206341075441 104.25530009999999 56478.50706946188 375.131
-56.57008931548833 85.09508209999998 56478.50706940777 324.891
-79.37946954457007 105.24898719999999 56478.50765194879 375.122
-90.81959098111186 93.93438529999999 56478.50765189411 324.897
-185.96463927311012 117.02842899999999 56478.50823500165 375.168
-49.44224400093477 93.06976209999999 56478.508234950656 324.895
53.95829802587115 87.2870698 56478.50881777583 375.171
-99.42585609115235 77.6523972 56478.50881772166 324.894
-0.8294231112929972 85.60399259999998 56478.50939912503 375.161
6.515012591520411 65.07653669999999 56478.509399070594 324.922
20.901734311720837 122.55614139999999 56478.50998303408 375.171
36.21605602393085 68.14783779999999 56478.50998298106 324.907
-36.042403828170706 135.82768779999998 56478.51056495145 375.177
19.183001206416588 69.08171479999999 56478.51056489809 324.924
-30.76963833812041 90.49058269999999 56478.51114801039 375.104
145.18616040587682 64.34727319999999 56478.51114795475 324.936
10.83026409199632 86.2430163 56478.511730497616 375.113
-67.54990253433742 69.8634433 56478.51173044026 324.922
-8.075353759577434 134.1120823 56478.51231298623 375.07
-65.17712687955951 73.0963366 56478.51231292685 324.931
-12.293533536891973 95.1221929 56478.51289547222 375.097
-45.42368923261863 71.43214679999998 56478.51289541616 324.899
-65.47276792454414 115.71890259999998 56478.513419937335 375.102
78.39671514261664 84.6417845 56478.513419883224 324.904
38.6932274211405 100.93951209999999 56743.91327321928 376.819
-12.383148221138123 68.4920082 56743.91327322863 324.937
23.10983278687917 144.3049825 56743.913856635474 376.807
-55.78879785413633 71.29783639999998 56743.9138566444 324.931
59.584844617386736 91.70672139999999 56743.91443891881 376.685
-71.72355035660242 74.19285509999999 56743.9144389239 324.905
-240.22598455178974 169.16604739999997 56743.91502090466 376.794
-18.658667760213284 86.93765289999999 56743.91502091907 324.89
-169.58449554979387 131.35871909999997 56743.91560375057 376.842
-40.49068050669634 85.4098721 56743.91560376415 324.917
18.665185221780597 153.33315969999998 56743.91618631027 376.969
147.1914368048988 115.06204079999999 56743.91618632886 324.917
101.77453573799802 142.49389069999998 56743.91676858781 377.007
80.16605688328804 73.891706 56743.916768606294 324.915
-306.1201742080581 100.45683409999998 56743.91735171944 376.883
-23.518001549798175 75.97036929999999 56743.91735173587 324.926
-45.46946143789135 84.0888034 56743.91793343346 376.837
-128.680903198026 93.08655089999998 56743.917933445 324.907
127.7557352437876 151.53570879999998 56743.918516281716 376.856
55.08369490088532 78.8328597 56743.91851629086 324.96
35.158550730763324 107.76101139999999 56743.91909912689 376.875
55.75899567155792 59.9853331 56743.91909914083 324.912
63.20210236552535 147.64175649999999 56743.91962309553 376.79
-41.97203419743768 73.6409233 56743.919623105205 324.903
168.0814804840511 136.69545889999998 56746.06579543252 376.081
-76.27014468827576 61.8824675 56746.065795406044 325.007
42.96921107920791 69.07436969999999 56746.06637885043 375.975
-32.33912045950855 53.755638999999995 56746.06637882145 325.011
100.33860377495546 80.14343539999999 56746.06696169817 375.954
97.17439174627147 67.6840472 56746.06696167023 324.994
192.1625589425385 92.5923306 56746.06754397608 375.966
24.151841803964583 63.33994519999999 56746.0675439456 325.012
-54.118593457720685 87.7959803 56746.06812624976 375.986
-34.32431444411418 55.9318872 56746.06812622305 324.999
138.6696624285735 99.72652129999999 56746.06870938168 376.011
65.84796340847628 69.663027 56746.06870935465 325.003
-10.805665487244546 97.57860419999999 56746.06929137322 376.001
39.262713433462075 69.0271512 56746.06929134555 325.03
-52.22515842913705 86.12549469999999 56746.0698736464 376.093
6.237921888766978 59.23718219999999 56746.06987362206 325.037
56.11421437957118 90.18523639999998 56746.07045706307 376.086
46.492817358957474 67.4091306 56746.07045703908 325.014
-74.9775101000486 89.6458962 56746.071038774426 375.974
-9.360804527567852 68.771122 56746.07103874827 324.991
-194.07031274179806 100.6624969 56746.07162247296 375.966
-120.29450997335802 64.18358239999999 56746.07162244633 324.995
156.11341246282555 104.98246499999999 56746.07214558344 376.078
75.98253454248866 58.411383099999995 56746.07214555863 325.009
123.25594161374676 77.658693 56747.7850550649 375.772
-69.89690399254928 79.03642389999999 56747.78505502968 324.959
-92.83704639071141 179.24772179999997 56747.785639040936 375.88
131.40086284778727 76.200166 56747.78563901406 324.972
66.62656560116818 72.3744182 56747.7862201807 375.89
37.434607989354504 60.19414379999999 56747.78622015294 324.945
-19.06251244940872 100.4463411 56747.78680529678 375.98
111.70514610751921 58.67475739999999 56747.78680527434 324.947
-66.45368013750841 66.6882615 56747.78738672625 375.798
-29.610166250577986 87.16325239999999 56747.7873866948 324.958
-8.71979499398969 81.3364895 56747.787968431076 375.875
-4.1524431060999225 50.85222589999999 56747.78796840454 324.922
-108.27572891474044 129.6976772 56747.78855014058 375.789
17.000250678365862 57.270793999999995 56747.788550111945 324.923
-84.48254550391444 85.89779659999999 56747.789134695966 375.705
-162.89765282286334 77.11410629999999 56747.789134660576 324.94
115.92119448507944 89.86205199999999 56747.78971611384 375.886
54.98030908145305 54.47231089999999 56747.789716085805 324.941
-39.68505243650461 100.07803679999999 56747.790299528664 375.819
157.69281774928297 59.833184599999996 56747.790299501874 324.926
-214.72886911365666 97.9479578 56747.79088038537 375.697
12.595395939592697 64.4322665 56747.790880350796 324.979
-72.4607003774271 127.83412039999999 56747.79140463067 375.797
36.81706532311774 70.4531499 56747.79140459958 324.965
55.75495146862537 261.4089611 56329.76124171876 869.768
-215.5168396023256 223.353998 56329.76124153413 769.687
-49.533811505235846 116.3295952 56329.76182629567 869.696
-187.1852742030242 194.02711229999997 56329.761826112575 769.639
167.79837863105632 204.0122511 56329.76234943124 869.741
-185.69480412489304 183.59077449999998 56329.76234924553 769.697
89.67279000369584 109.6990685 56608.07767709395 869.5
-114.66808807020179 157.909157 56608.077676909445 769.664
65.52293310006695 175.9476733 56608.07826045749 869.483
-41.62937811396582 90.46854739999999 56608.07826027412 769.65
60.78556694165446 291.14402449999994 56608.078842682866 869.675
-102.05896045072703 84.07201459999999 56608.07884249946 769.652
-96.53222637942012 131.25483839999998 56608.07942576132 869.383
-4.752245316416509 76.03227799999999 56608.07942557989 769.66
283.04391106436674 211.02157509999998 56608.08000799172 869.399
-67.45337463804037 98.70870029999999 56608.08000780536 769.63
-184.94921152178026 151.36887009999998 56608.08053247325 869.408
-146.41688139317935 100.1158116 56608.080532291366 769.642
92.53311575569359 162.79050059999997 56611.54202952432 769.694
110.27961197913974 118.29808199999998 56611.54261118562 769.601
134.0368276381769 125.35462449999999 56611.54319398452 769.549
-87.31080748800004 181.79122499999997 56611.54377696192 869.514
-19.638724769817465 173.50070569999997 56611.54377678058 769.668
-166.5638014046722 179.49955379999997 56611.544359292464 769.747
9.808026799841038 132.3534555 56611.54488350066 769.643
106.47918392665834 159.3834235 56637.38289699694 868.952
37.58843481388562 146.09403899999998 56637.382896812225 769.657
-43.95399841395025 146.80546439999998 56637.38347991623 769.659
-72.94307669315796 158.7769281 56637.38406216752 769.659
-102.47076714130975 170.3622494 56637.38464545578 869.038
-2.744142348291658 126.0072891 56637.38464527339 769.636
63.30816434932231 292.75155209999997 56637.38522742488 869.038
-76.79465837107468 215.81162959999997 56637.38522723968 769.644
92.14870257938857 115.84272 56637.385752503964 869.085
-436.8757297447575 150.6459024 56637.38575231425 769.679
-24.312120291421206 78.49183719999999 56637.97558277448 869.124
172.36483223680833 107.13248069999999 56637.975582593586 769.616
47.52976655773604 100.70027169999999 56637.97616531051 869.324
121.99884681033274 129.5759584 56637.97616512902 769.579
42.62924094227045 88.10657309999999 56637.97674813135 869.136
131.02742398408813 133.63674939999999 56637.976747949375 769.587
48.98528452193159 85.8128033 56637.97733038255 869.222
-110.79844813717956 101.0077166 56637.97791348475 869.435
-148.51061232576643 166.5354523 56637.97791330227 769.589
76.69865783057882 82.18537319999999 56637.97843771255 869.358
76.73599596966486 223.0224192 56637.97843753012 769.619
116.0662711168536 167.63302009999998 56669.35899681233 870.029
38.16824739333853 169.1335191 56669.3589966308 769.688
-104.55337902619004 153.0341092 56669.35957879932 869.995
69.50234448059307 125.2979623 56669.35957862055 769.698
135.57130185617567 132.22019439999997 56669.36016278271 869.991
-239.6771332958838 117.4512969 56669.36016259771 769.667
46.47740808879789 106.7673243 56669.3607444865 870.04
305.76199440195904 148.90406439999998 56669.36074430907 769.651
19.10712166741394 138.3061344 56669.36132761341 870.041
73.5365342914754 151.36572219999996 56669.361327433675 769.641
71.54928758196547 172.861682 56669.361851290785 870.022
76.15939909148837 232.0170188 56669.36185111051 769.62
86.43477285943719 211.53992929999998 56670.908885321456 869.731
282.0538252814799 294.7504686 56670.90888514239 769.634
-158.88084059270028 137.6776037 56670.909468162805 869.373
-4.3985958349250165 153.28908909999998 56670.909467982085 769.639
40.22348293184138 321.7531548 56670.910050541184 769.639
152.19520351247576 284.15044 56670.910632997715 869.81
43.100352074181664 179.27920079999998 56670.911157061295 769.616
-55.21039476762561 95.25545399999999 57474.14328758926 377.55
-4.991221338323332 48.04744699999999 57474.143287387174 324.242
37.2007242357386 65.906533 57474.14497383313 377.585
-5.361418502335225 54.783953 57474.144973624025 324.36
15.072222158958843 34.448519 57508.96871017521 325.39
-13.539280616044083 69.74697099999999 57508.972097530284 378.095
-12.725377273623243 36.610077 57508.97209756281 325.39
74.9562259941249 59.201505999999995 57536.894580493885 378.036
4.280421378737064 30.503151 57536.89458052349 325.39
-54.66718220888479 52.85324099999999 57536.89624467255 378.018
12.30328343875427 31.594422999999995 57536.89624470304 325.39
-21.077736754162345 81.257792 57570.80676779213 378.261
97.93961153562766 78.938839 57570.80845665675 377.887
-5.482327585365128 44.773630999999995 57570.80845668034 325.39
-26.868178055514388 65.28744599999999 57607.722654645855 376.68
-2.524111878575888 27.953352 57607.72265462345 325.39
72.67004816088144 66.24230899999999 57607.72432554779 376.451
7.73034126925008 30.188360999999997 57607.72432551527 325.39
-16.85748279110443 90.155856 57637.6195780406 377.763
60.61160014819914 41.741153999999995 57637.61957804345 325.684
2.5298545828925505 49.32759299999999 57637.621241268076 325.655
-20.339282146709177 71.499302 57700.473782356035 375.328
-67.35979496715014 56.70417199999999 57700.473782563 325.39
-14.6387831042766 99.074906 57700.4754755877 374.996
-26.790366188673303 47.711670999999996 57700.475475781765 325.39
-58.98643332277442 73.482479 57754.31028799484 377.456
12.982118905349303 31.059279999999998 57754.310288002845 325.39
117.22904181265828 74.531779 57754.31265717749 378.578
-37.01465930104578 28.635396999999998 57754.312657246584 325.069
-104.07472386951635 57.407202999999996 57384.10732225798 377.792
-93.64692631759566 38.435859 57384.10732204017 324.641
44.02152481092366 44.500812999999994 57666.09573921165 346.323
19.831154099069373 30.387728 57755.1619521377 345.456
-79.23974317808147 58.34108 57908.630617762756 378.362
55.379728956016095 35.01514099999999 57908.63061756449 324.717
9.18371067120605 47.19751399999999 57908.6323630482 378.45
5.713841439326768 34.10225 57908.632362852695 324.702
-32.50760748724851 88.86521699999999 58594.695080770354 378.464
-82.68556330149302 86.451827 57448.15336922582 378.32
16.111310155185496 58.519461 57448.153369025866 324.702
-75.75839867612366 56.33691699999999 57448.15435525396 324.699
-9.614424517065602 89.58923399999999 57474.095207416845 378.119
30.390889655647225 57.963331999999994 57474.095207489525 324.757
66.30666911323048 76.03227799999999 57474.096198173 378.085
48.59272179798183 57.42818899999999 57474.09619795997 324.745
-14.563699132530896 34.700351 57078.90942948139 867.31
-86.1042302401208 75.10889399999999 57078.90942957604 769.596
-37.70114346374516 40.60791 57078.914587730615 867.613
-31.89560641196553 102.946823 57078.91458782714 769.596
5.503919184028869 41.174532 57101.87004856693 867.624
47.326636006358726 81.22631299999999 57101.87004866391 769.596
63.254758999562746 46.609905999999995 57101.87344742903 867.591
-93.84231639152127 74.689174 57101.87344752222 769.894
-85.3517369982193 66.71449399999999 57131.77658085315 867.656
13.600564190263787 29.968007999999998 57131.77658094733 770.371
32.6009607338199 56.54677699999999 57131.78065002896 867.656
-23.485354369133464 30.230332999999995 57131.780650124456 769.699
-1.3356555889333133 33.640558 57161.525305149014 867.656
-30.936740629897983 49.799777999999996 57161.525305247254 769.18
-0.682090816117701 38.173534 57161.528711743755 867.655
-39.36407821353458 43.388555 57161.5287118435 768.834
43.654626290131084 78.151864 57192.43398541345 868.257
93.59801358904748 50.492315999999995 57192.433985511125 769.926
39.83969469282205 81.37321499999999 57192.439143642725 867.806
4.6655855531928365 51.079924 57192.43914374328 768.778
126.94389855829117 60.261298999999994 57220.32256653609 867.655
-32.875478659759835 33.525135 57220.32256664028 767.589
8.021580753840222 97.12320799999999 57220.32772439674 867.656
-52.751596326784096 36.379231 57220.32772450208 767.589
0.9956507299200983 64.710331 57249.40363136697 867.655
-101.01575582538213 39.705512 57249.403631467874 768.437
-41.51468894212407 69.788943 57249.4087895176 867.656
8.849040664529447 51.919363999999995 57249.40878962027 768.437
-20.97034274989469 30.975335999999995 57278.19987483229 892.498
23.30298735472835 26.851587 57278.19987498365 845.78
-49.43154026827886 45.74948 57278.19987489322 795.053
7.574663169923456 38.372901 57278.199874838014 745.781
44.98455753843874 31.290125999999997 57278.20339652184 892.603
-1.605119025494136 24.049955999999998 57278.20339667246 845.78
-25.1050731773626 46.48398999999999 57278.2033965826 795.053
1.7810262004303112 35.183029 57278.203396527046 745.781
-5.364388157850641 29.254483999999994 57278.206795910904 892.228
-19.197489224988583 26.736164 57278.20679606078 845.781
-15.937778988781224 39.894386 57278.20679597123 795.053
35.01214023511892 31.489493 57278.20679591596 745.781
36.20750283608554 79.578912 57308.07831330484 892.656
-14.579358495779106 51.163867999999994 57308.078313455604 845.768
18.65073275358633 31.709845999999995 57308.07831336331 795.773
40.181758799655796 41.33192699999999 57308.0783133107 745.781
30.980014591471615 53.535286 57308.08183384499 845.78
-36.14446693026661 34.41703999999999 57308.08183375157 795.776
5.934769010540811 33.136894 57308.081833699216 745.781
38.42300685217409 49.275127999999995 57308.08519580657 845.781
-14.593508709253143 36.987824999999994 57308.08519571436 795.525
67.06881802394214 47.312937 57308.08519566141 745.781
91.24731010513932 49.526959999999995 57339.161536315005 867.655
6.126858301694617 49.243649 57339.161536408894 769.974
39.126698171093274 57.931853 57339.166694688334 867.656
105.44257195425021 70.911694 57339.16669478398 769.974
-5.090187003717915 43.54595 57339.26502154611 867.68
34.5344189027172 72.968322 57339.265021641455 769.989
25.143866902434457 39.180862 57339.26826789654 867.656
85.34572983678659 61.740812 57339.268267992506 769.89
51.87431822663046 35.697186 57367.092426277806 892.619
32.666344684129754 66.095407 57367.092426428775 845.78
64.18288685347376 28.750819999999997 57367.09242634632 793.437
-0.2978478631593947 49.159704999999995 57367.09242628282 745.781
-47.33671932476416 30.471671999999995 57367.09594212942 892.652
32.38572643930793 67.90020299999999 57367.09594228162 845.78
10.813474234178337 35.80211599999999 57367.09594219855 793.437
-75.06617686392961 46.945682 57367.09594213481 745.781
-14.733889356081624 35.225001 57367.099340787616 892.656
6.707151518559808 60.534116999999995 57367.09934093915 845.781
-34.17345319995159 35.371902999999996 57367.099340855864 793.437
-50.98044506957932 52.559436999999996 57367.09934079292 745.781
27.035895781383083 41.552279999999996 57397.105370051846 892.974
-29.30718734843626 43.58792199999999 57397.1053701206 793.437
73.84613229498483 67.76379399999999 57397.10537005903 745.781
-36.69357303404543 38.64571899999999 57397.10718975682 893.176
-4.895508561575853 41.006643999999994 57397.10718991003 845.781
-2.4727808771790665 46.25314399999999 57397.10718982722 793.437
30.029555684003324 62.674688999999994 57397.107189764836 745.781
18.704981915831166 34.10225 57397.10901202515 892.774
-24.917585712862518 43.86073999999999 57397.10901217628 845.781
-58.260008947087904 62.118559999999995 57397.10901209306 793.437
26.414931429464865 79.925181 57397.10901203128 745.781
-23.654320112119663 30.765475999999996 57397.11083144689 892.656
13.02844325486944 35.581762999999995 57397.1108315986 845.781
48.81689653676622 58.634884 57397.110831516184 793.437
-1.8665675363158198 58.897209 57397.11083145283 745.781
17.693911112511728 49.58991799999999 57397.11238774149 892.655
-18.995003277318474 40.37706399999999 57397.112387894435 845.185
-37.238776811148355 65.54977099999999 57397.112387809306 793.437
140.33418036381343 64.86772599999999 57397.112387748595 745.781
78.6073301614873 48.43568799999999 58214.64878665966 867.582
-69.84306876393975 65.822589 57979.36028055657 866.545
-64.64162652159726 97.39602599999998 57984.58311724057 769.523
-152.53955987354038 99.96681099999999 57984.58480771363 866.387
6.636660801067734 70.24014199999999 57984.58480780692 769.839
33.03381825447461 66.47315499999999 58009.1702452167 815.936
-78.97619903886103 81.614554 58039.08626960219 865.917
45.61357547490196 68.41436 58039.08626969396 769.744
39.825588859016996 64.983149 58039.087955745665 769.628
122.1961215379514 72.842406 58045.086779972495 866.423
-58.12662906261682 98.308917 58045.088469536466 769.725
-68.3718013246704 44.637221999999994 58069.05666745513 866.061
-38.17523430362619 76.86122499999999 58069.05666754565 769.875
36.360777771237906 46.767300999999996 58069.05835213834 866.591
8.85212190565651 96.93433399999999 58099.00277799889 770.005
-37.187036724152335 67.543441 58130.836769250716 815.285
-3.9142544869668643 63.75546799999999 58159.77573803694 866.168
19.991818824153746 66.231816 58159.77742882202 866.496
6.713465621130732 88.87571 58240.53578703429 866.652
-33.31023871132603 61.12172499999999 58240.535787127694 769.489
-70.79112736662077 79.84123699999999 58266.457737660094 867.578
35.01813823363171 57.60656999999999 58266.45773775656 769.846
4.209146762368998 78.854895 58266.45943116146 867.774
-46.899547579237755 49.82076399999999 58266.459431256255 769.952
-111.14524748194944 67.973654 58267.47897901102 866.205
-6.825582236699768 71.19500499999998 58267.47897910185 770.097
-74.95084382541111 70.35556499999998 58267.48066824528 865.973
-47.23666940810033 58.26762899999999 58303.38876440364 867.59
32.594635233323174 42.717003 58303.38876450054 769.7
-18.096414448448336 59.358900999999996 56820.29408818868 148.926
21.72605267562219 60.31376399999999 56820.29408818914 148.926
130.70403183602286 66.179351 56820.2940881904 148.926
30.193223135784823 116.16800299999998 56820.294088189235 148.926
-33.594514423780176 59.526788999999994 56820.294790734646 148.926
-4.658058854664045 53.92352699999999 56820.29479073498 148.926
16.890188613951725 77.12355 56820.29479073523 148.926
115.98376589070465 128.45530599999998 56820.29479073638 148.926
-188.00994336237932 66.399704 56820.29549299458 148.926
-113.03079453351518 59.432351999999995 56820.29549299544 148.926
116.40913200743405 67.05027 56820.2954929981 148.926
-152.01434224891568 147.46862199999998 56820.29549299499 148.926
-51.20225931104518 64.58441499999999 56820.296172218914 148.926
37.94613825454535 62.48581499999999 56820.29617221995 148.926
88.66382487171086 66.221323 56820.29617222054 148.926
-116.98827822930846 158.61218799999997 56820.29617221816 148.926
12.429818748033554 56.273959 56820.29686367297 148.926
-79.07756330778932 66.546606 56820.29686367191 148.926
111.97247648025962 66.84040999999999 56820.29686367412 148.926
-11.166463271211997 186.29272199999997 56820.296863672695 148.926
148.73120353173752 88.907189 56852.18020818664 148.926
-23.75752190705699 98.896525 56852.18020818465 148.926
6.570922290155374 137.98295 56852.180208185 148.926
-121.93632193163802 90.74346399999999 56852.18090246174 148.926
-55.13731108666208 74.783611 56852.18090246251 148.926
-22.157891914570232 157.457958 56852.18090246289 148.926
-23.462960151894954 90.20832099999998 56852.18157882241 148.926
125.60962669919728 103.55541699999999 56852.181578824144 148.926
131.8739241984769 125.832056 56852.18157882422 148.926
-7.024230743791289 75.45516299999998 56852.18229727685 148.926
-264.65453384540626 172.50492 56852.18229727387 148.926
-22.913818290014913 151.970119 56852.18229727667 148.926
-155.05376791049918 95.496793 56852.18298159854 148.926
93.54737652911965 112.23312799999998 56852.18298160142 148.926
49.628536327366625 113.49228799999999 56852.18298160091 148.926
-62.37827443115922 80.94300199999999 56882.292709227884 148.926
-17.31791525080331 131.84454499999998 56882.29270922841 148.926
-53.788903173250404 122.78908599999998 56882.292709227986 148.926
-35.51594233059289 96.50412099999998 56882.29340292959 148.926
-31.040603306599618 102.894358 56882.29340292964 148.926
-228.35457154507833 153.81688699999998 56882.29340292735 148.926
-26.793003042232932 71.71965499999999 56882.29410487928 148.926
65.81602649449744 126.34621299999998 56882.29410488035 148.926
-62.87505678400311 191.455278 56882.294104878856 148.926
111.03782427587653 70.838243 56882.29478464567 148.926
-111.51534701768615 98.77060899999998 56882.29478464309 148.926
-139.3371020710146 201.60200899999998 56882.29478464277 148.926
-52.64708236676344 113.90151499999999 56882.29549199735 148.926
112.91343707367398 112.39052299999999 56882.29549199926 148.926
-245.19163189461202 180.143824 56882.29549199512 148.926
-23.62571299908838 91.07923999999998 56911.99270803943 148.926
36.901175319519645 72.90536399999999 56911.99270804013 148.926
7.38566424576767 107.83656099999999 56911.99270803979 148.926
-123.81388053448094 80.94300199999999 56911.99340231119 148.926
107.03184870850004 104.61520999999999 56911.99340231387 148.926
-81.80498191478502 96.93433399999999 56911.99340231168 148.926
-73.12235364041801 84.17484599999999 56911.99409686913 148.926
13.368090408653675 79.33757299999999 56911.994096870134 148.926
106.69384356643879 107.679166 56911.99409687121 148.926
-13.854646571227251 73.461493 56911.994791142744 148.926
-24.923384989149355 83.06258799999999 56911.99479114261 148.926
-74.98595871188796 114.95081499999999 56911.99479114203 148.926
-13.469801747872674 84.86738399999999 56911.99548257146 148.926
-59.411298169713554 97.93116899999998 56911.99548257093 148.926
-114.0962318061738 91.31008599999998 56911.995482570295 148.926
-9.468486113605913 90.82740799999999 56943.95104067579 148.926
56.8193725941936 68.466825 56943.951040676555 148.926
98.38776356902756 89.18000699999999 56943.951040677035 148.926
205.19880248397854 203.89997599999998 56943.95104067827 148.926
38.37930920167278 83.010123 56943.95173382703 148.926
-93.37558801104075 68.235979 56943.9517338255 148.926
-78.24719615544512 113.796585 56943.95173382568 148.926
97.14195668163887 181.623337 56943.95173382771 148.926
-4.894783293703542 92.842064 56943.95243181249 148.926
-40.759791223401564 67.08174899999999 56943.952431812075 148.926
17.112968650029263 98.581735 56943.952431812744 148.926
-73.78262320921955 182.31587499999998 56943.95243181169 148.926
155.24457902686945 75.68600899999998 56943.95312581831 148.926
59.173581638016195 67.879217 56943.95312581721 148.926
103.2820954279114 83.78660499999998 56943.953125817716 148.926
209.7732777579122 174.98126799999997 56943.953125818945 148.926
-65.9118827436739 76.431012 56943.953821526295 148.926
-25.820600896513398 73.59790199999999 56943.95382152676 148.926
46.03158572021159 94.993129 56943.95382152759 148.926
278.8173958523948 155.00259599999998 56943.95382153029 148.926
-119.5470270564083 84.54210099999999 56972.860066133086 148.926
-9.568034439609606 116.598216 56972.86006613436 148.926
60.969161746292855 101.645691 56972.860066135174 148.926
-76.37297229631977 163.617349 56972.86006613359 148.926
10.674254064471693 84.510622 56972.86076044374 148.926
39.01351035110694 92.63220399999999 56972.86076044407 148.926
57.12228402933833 113.15651199999999 56972.86076044428 148.926
-228.0926771516363 90.67001299999998 56972.86145332795 148.926
61.235154861348846 81.068918 56972.861453331294 148.926
26.977204339214666 100.57540499999999 56972.861453330894 148.926
-51.589058114866255 85.19266699999999 56972.862149345754 148.926
63.41784615369387 128.549743 56972.862149347086 148.926
144.60789336873418 132.86236599999998 56972.862149348024 148.926
203.6708273259668 189.912807 56972.86214934871 148.926
-113.35824163158999 86.483306 56972.86284479194 148.926
177.12680668743198 88.17267899999999 56972.8628447953 148.926
181.4818753903552 107.43782699999998 56972.86284479535 148.926
155.53594263483114 160.25958899999998 56972.862844795054 148.926
