MODE 1
 GUPPI_0636+51_56331_34   1196.921  56331.4031051390942    0.00    5.12        1
 GUPPI_0636+51_56331_34   1383.703  56331.4031051449616    0.00    5.70        1
 GUPPI_0636+51_56331_34   1203.313  56331.4051864739404    0.00    4.91        1
 GUPPI_0636+51_56331_34   1378.608  56331.4051864859336    0.00    7.43        1
 GUPPI_0636+51_56331_34   1805.486  56331.4051864685937    0.00    9.09        1
 guppi_56485_J0636+51_0   1399.217  56485.6935334771147    0.00    1.49        1
 guppi_56485_J0636+51_0   1599.602  56485.6935334795662    0.00    2.39        1
 guppi_56485_J0636+51_0   1775.587  56485.6935334733946    0.00    6.67        1
 guppi_56485_J0636+51_0   1399.016  56485.6968440627480    0.00    1.04        1
 guppi_56485_J0636+51_0   1597.982  56485.6968440655603    0.00    1.85        1
 guppi_56485_J0636+51_0   1778.599  56485.6968440585877    0.00    7.59        1
 guppi_56485_J0636+51_0   1206.295  56485.7001713494691    0.00    0.99        1
 guppi_56485_J0636+51_0   1398.912  56485.7001713551364    0.00    0.92        1
 guppi_56485_J0636+51_0   1598.891  56485.7001713576933    0.00    1.71        1
 guppi_56485_J0636+51_0   1774.688  56485.7001713516040    0.00    5.69        1
 guppi_56485_J0636+51_0   1204.978  56485.7034883898929    0.00    0.97        1
 guppi_56485_J0636+51_0   1398.939  56485.7034883947479    0.00    0.78        1
 guppi_56485_J0636+51_0   1598.575  56485.7034883973966    0.00    1.65        1
 guppi_56485_J0636+51_0   1776.291  56485.7034883909681    0.00    3.21        1
C guppi_56485_J0636+51_0   1204.495  56485.7060922015080    0.00    1.53        1
 guppi_56485_J0636+51_0   1398.842  56485.7060922060345    0.00    0.94        1
 guppi_56485_J0636+51_0   1599.111  56485.7060922084736    0.00    2.14        1
 guppi_56485_J0636+51_0   1776.199  56485.7060922022108    0.00    3.66        1
 guppi_56485_J0636+51_0   1206.060  56485.7087049168012    0.00    1.03        1
 guppi_56485_J0636+51_0   1398.973  56485.7087049222817    0.00    0.66        1
 guppi_56485_J0636+51_0   1599.208  56485.7087049247774    0.00    1.36        1
 guppi_56485_J0636+51_0   1775.286  56485.7087049186973    0.00    2.34        1
 guppi_56485_J0636+51_0   1206.234  56485.7120199226448    0.00    1.05        1
 guppi_56485_J0636+51_0   1398.841  56485.7120199282903    0.00    0.84        1
 guppi_56485_J0636+51_0   1598.623  56485.7120199308810    0.00    1.25        1
 guppi_56485_J0636+51_0   1774.564  56485.7120199247684    0.00    2.55        1
 guppi_56485_J0636+51_0   1399.173  56485.7153363050033    0.00    1.10        1
 guppi_56485_J0636+51_0   1599.139  56485.7153363075862    0.00    1.33        1
 guppi_56485_J0636+51_0   1775.616  56485.7153363014408    0.00    3.35        1
 guppi_56485_J0636+51_0   1206.416  56485.7186573992042    0.00    0.90        1
 guppi_56485_J0636+51_0   1398.841  56485.7186574049666    0.00    1.75        1
 guppi_56485_J0636+51_0   1598.760  56485.7186574075262    0.00    1.89        1
 guppi_56485_J0636+51_0   1774.448  56485.7186574016710    0.00    5.85        1
C guppi_56485_J0636+51_0   1205.857  56485.7212664549280    0.00    1.15        1
 guppi_56485_J0636+51_0   1398.850  56485.7212664603722    0.00    2.69        1
 guppi_56485_J0636+51_0   1599.654  56485.7212664627064    0.00    1.96        1
 guppi_56485_J0636+51_0   1206.297  56485.7238694688526    0.00    0.88        1
 guppi_56485_J0636+51_0   1399.097  56485.7238694744414    0.00    2.26        1
 guppi_56485_J0636+51_0   1598.818  56485.7238694771160    0.00    1.77        1
 guppi_56485_J0636+51_0   1205.418  56485.7271911420600    0.00    0.90        1
 guppi_56485_J0636+51_0   1399.217  56485.7271911470902    0.00    1.83        1
 guppi_56485_J0636+51_0   1599.223  56485.7271911496645    0.00    2.71        1
 guppi_56485_J0636+51_0   1776.300  56485.7271911434107    0.00    6.02        1
 guppi_56485_J0636+51_0   1206.650  56485.7305074657863    0.00    1.00        1
 guppi_56485_J0636+51_0   1399.217  56485.7305074715186    0.00    1.40        1
 guppi_56485_J0636+51_0   1599.094  56485.7305074741647    0.00    2.35        1
 guppi_56485_J0636+51_0   1774.573  56485.7305074681936    0.00    4.28        1
 guppi_56485_J0636+51_0   1206.662  56485.7338258437266    0.00    1.30        1
 guppi_56485_J0636+51_0   1399.217  56485.7338258495030    0.00    1.16        1
 guppi_56485_J0636+51_0   1598.435  56485.7338258523085    0.00    2.63        1
 guppi_56485_J0636+51_0   1776.374  56485.7338258457941    0.00    3.41        1
 guppi_56485_J0636+51_0   1207.506  56485.7364322668592    0.00    1.87        1
 guppi_56485_J0636+51_0   1399.217  56485.7364322731315    0.00    1.41        1
 guppi_56485_J0636+51_0   1599.814  56485.7364322755546    0.00    2.43        1
 guppi_56485_J0636+51_0   1774.217  56485.7364322698956    0.00    3.80        1
 guppi_56485_J0636+51_0   1207.271  56485.7390395816118    0.00    1.52        1
 guppi_56485_J0636+51_0   1399.217  56485.7390395877519    0.00    0.99        1
 guppi_56485_J0636+51_0   1600.150  56485.7390395901317    0.00    2.29        1
 guppi_56485_J0636+51_0   1774.217  56485.7390395845138    0.00    2.78        1
 guppi_56485_J0636+51_0   1399.217  56485.7423583083577    0.00    0.90        1
 guppi_56485_J0636+51_0   1598.430  56485.7423583112315    0.00    3.77        1
 guppi_56485_J0636+51_0   1774.333  56485.7423583050842    0.00    3.29        1
 guppi_56485_J0636+51_0   1206.689  56485.7456690772588    0.00    1.54        1
 guppi_56485_J0636+51_0   1399.217  56485.7456690829974    0.00    0.90        1
 guppi_56485_J0636+51_0   1601.102  56485.7456690850385    0.00    2.23        1
 guppi_56485_J0636+51_0   1774.217  56485.7456690797497    0.00    4.85        1
 guppi_56485_J0636+51_0   1206.469  56485.7489896380651    0.00    1.50        1
 guppi_56485_J0636+51_0   1399.056  56485.7489896438397    0.00    0.98        1
 guppi_56485_J0636+51_0   1605.637  56485.7489896447027    0.00    2.61        1
 guppi_56485_J0636+51_0   1774.812  56485.7489896403729    0.00    8.03        1
 guppi_56485_J0636+51_0   1205.982  56485.7515939370836    0.00    1.87        1
 guppi_56485_J0636+51_0   1398.994  56485.7515939424858    0.00    1.44        1
 guppi_56485_J0636+51_0   1603.154  56485.7515939440548    0.00    3.42        1
 guppi_56485_J0636+51_0   1202.517  56485.7542121468694    0.00    1.58        1
 guppi_56485_J0636+51_0   1399.090  56485.7542121501798    0.00    1.42        1
 guppi_56485_J0636+51_0   1601.011  56485.7542121523223    0.00    2.40        1
 guppi_56485_J0636+51_0   1398.817  56485.7575276827143    0.00    1.57        1
 guppi_56485_J0636+51_0   1602.036  56485.7575276844046    0.00    1.73        1
 guppi_56485_J0636+51_0   1781.297  56485.7575276780401    0.00    4.15        1
 guppi_56485_J0636+51_0   1398.897  56485.7597867813357    0.00    2.84        1
 guppi_56485_J0636+51_0   1601.285  56485.7597867832706    0.00    5.67        1
 guppi_56485_J0636+51_0   1785.024  56485.7597867758726    0.00    4.23        1
 guppi_56452_J0636+51_0   1701.290  56452.5330178779644    0.00    1.79        1
 guppi_56452_J0636+51_0   1897.299  56452.5330178751036    0.00    5.89        1
 guppi_56452_J0636+51_0   2096.295  56452.5330178814352    0.00    9.14        1
 guppi_56452_J0636+51_0   2258.541  56452.5330178647859    0.00    6.08        1
 guppi_56452_J0636+51_0   1701.342  56452.5363411273766    0.00    1.87        1
 guppi_56452_J0636+51_0   1896.787  56452.5363411246487    0.00    7.43        1
 guppi_56452_J0636+51_0   2095.514  56452.5363411311032    0.00    6.88        1
 guppi_56452_J0636+51_0   2258.806  56452.5363411141921    0.00    7.40        1
 guppi_56452_J0636+51_0   1701.548  56452.5396657620128    0.00    2.47        1
 guppi_56452_J0636+51_0   1897.574  56452.5396657590153    0.00    5.92        1
 guppi_56452_J0636+51_0   2096.698  56452.5396657656878    0.00    6.68        1
 guppi_56452_J0636+51_0   2256.287  56452.5396657490405    0.00    6.94        1
 guppi_56452_J0636+51_0   1701.561  56452.5429764092579    0.00    2.71        1
 guppi_56452_J0636+51_0   1898.382  56452.5429764063552    0.00    9.54        1
 guppi_56452_J0636+51_0   2095.791  56452.5429764129907    0.00    6.91        1
 guppi_56452_J0636+51_0   2257.063  56452.5429763962165    0.00    5.85        1
 guppi_56452_J0636+51_0   1701.561  56452.5462965148659    0.00    3.63        1
 guppi_56452_J0636+51_0   2096.193  56452.5462965184541    0.00    7.78        1
 guppi_56452_J0636+51_0   2257.274  56452.5462965019840    0.00    4.87        1
 guppi_56452_J0636+51_0   1701.561  56452.5496085158365    0.00    4.99        1
 guppi_56452_J0636+51_0   2096.899  56452.5496085193681    0.00    8.80        1
 guppi_56452_J0636+51_0   2256.560  56452.5496085028797    0.00    5.61        1
 guppi_56452_J0636+51_0   1701.561  56452.5529328368618    0.00    8.55        1
 guppi_56452_J0636+51_0   1898.126  56452.5529328340917    0.00    8.52        1
 guppi_56452_J0636+51_0   2096.211  56452.5529328406155    0.00    6.99        1
 guppi_56452_J0636+51_0   2258.167  56452.5529328239325    0.00    4.86        1
 guppi_56452_J0636+51_0   1701.548  56452.5562509856068    0.00    5.75        1
 guppi_56452_J0636+51_0   1898.275  56452.5562509824557    0.00    7.37        1
 guppi_56452_J0636+51_0   2095.366  56452.5562509892438    0.00    8.88        1
 guppi_56452_J0636+51_0   2258.174  56452.5562509725355    0.00    4.51        1
 guppi_56452_J0636+51_0   1701.743  56452.5595682773242    0.00    3.10        1
 guppi_56452_J0636+51_0   1898.110  56452.5595682744686    0.00    5.10        1
 guppi_56452_J0636+51_0   2095.756  56452.5595682811533    0.00    9.32        1
 guppi_56452_J0636+51_0   2258.034  56452.5595682642698    0.00    4.17        1
 guppi_56452_J0636+51_0   1701.534  56452.5628861422332    0.00    1.88        1
 guppi_56452_J0636+51_0   1898.144  56452.5628861392346    0.00    4.53        1
 guppi_56452_J0636+51_0   2257.535  56452.5628861292386    0.00    3.77        1
 guppi_56452_J0636+51_0   1701.651  56452.5662092303177    0.00    1.46        1
 guppi_56452_J0636+51_0   1898.330  56452.5662092273937    0.00    3.99        1
 guppi_56452_J0636+51_0   2095.200  56452.5662092341921    0.00    6.77        1
 guppi_56452_J0636+51_0   2258.170  56452.5662092172473    0.00    3.04        1
 guppi_56452_J0636+51_0   1701.561  56452.5695198761463    0.00    1.33        1
 guppi_56452_J0636+51_0   1898.001  56452.5695198731873    0.00    4.10        1
 guppi_56452_J0636+51_0   2095.967  56452.5695198798020    0.00    4.41        1
 guppi_56452_J0636+51_0   2257.843  56452.5695198630867    0.00    3.18        1
 guppi_56452_J0636+51_0   1701.406  56452.5728494922512    0.00    1.37        1
 guppi_56452_J0636+51_0   1897.954  56452.5728494892275    0.00    3.52        1
 guppi_56452_J0636+51_0   2094.364  56452.5728494960349    0.00    3.41        1
 guppi_56452_J0636+51_0   2260.902  56452.5728494788270    0.00    3.56        1
 guppi_56452_J0636+51_0   1701.561  56452.5761639406898    0.00    1.45        1
 guppi_56452_J0636+51_0   1898.183  56452.5761639377037    0.00    3.09        1
 guppi_56452_J0636+51_0   2095.388  56452.5761639444239    0.00    3.01        1
 guppi_56452_J0636+51_0   2258.311  56452.5761639276412    0.00    5.47        1
 guppi_56452_J0636+51_0   1701.650  56452.5794757711674    0.00    1.86        1
 guppi_56452_J0636+51_0   1897.291  56452.5794757683438    0.00    3.20        1
 guppi_56452_J0636+51_0   2094.477  56452.5794757750651    0.00    3.47        1
 guppi_56452_J0636+51_0   2258.182  56452.5794757581067    0.00    6.52        1
 guppi_56452_J0636+51_0   1701.554  56452.5827961714981    0.00    1.91        1
 guppi_56452_J0636+51_0   1898.019  56452.5827961685806    0.00    2.38        1
 guppi_56452_J0636+51_0   2094.947  56452.5827961753532    0.00    2.83        1
 guppi_56452_J0636+51_0   2258.099  56452.5827961584362    0.00    9.16        1
 guppi_56452_J0636+51_0   1701.543  56452.5861168036446    0.00    1.90        1
 guppi_56452_J0636+51_0   1898.329  56452.5861168006780    0.00    2.13        1
 guppi_56452_J0636+51_0   2094.505  56452.5861168074928    0.00    2.78        1
 guppi_56452_J0636+51_0   1701.561  56452.5894317536103    0.00    1.62        1
 guppi_56452_J0636+51_0   1897.654  56452.5894317507495    0.00    1.64        1
 guppi_56452_J0636+51_0   2095.613  56452.5894317573607    0.00    2.51        1
 guppi_56452_J0636+51_0   2257.975  56452.5894317406148    0.00    9.50        1
 guppi_56452_J0636+51_0   1701.561  56452.5924352865259    0.00    1.70        1
 guppi_56452_J0636+51_0   1899.247  56452.5924352833766    0.00    1.76        1
 guppi_56452_J0636+51_0   2095.413  56452.5924352902714    0.00    2.27        1
 guppi_56452_J0636+51_0   2258.821  56452.5924352734031    0.00    8.66        1
 GUPPI_0636+51_56027_20    324.810  56027.2371299488415    0.00    5.98        1
 GUPPI_0636+51_56027_21    375.342  56027.2545666474596    0.00    3.34        1
 GUPPI_0636+51_56027_21    324.769  56027.2545666563569    0.00    2.26        1
 GUPPI_0636+51_56027_21    375.318  56027.2563138512092    0.00    7.29        1
 GUPPI_0636+51_56027_21    324.770  56027.2563138595072    0.00    5.29        1
C GUPPI_0636+51_56028_58    375.461  56028.6817544469356    0.00    5.10        1
 GUPPI_0636+51_56028_58    324.709  56028.6817544599729    0.00    2.83        1
 GUPPI_0636+51_56028_58    375.572  56028.6847797546799    0.00    5.69        1
 GUPPI_0636+51_56028_58    324.747  56028.6847797690438    0.00    3.13        1
 GUPPI_0636+51_56028_58    375.441  56028.6867053551381    0.00    7.79        1
 GUPPI_0636+51_56028_58    324.745  56028.6867053667783    0.00    5.79        1
 GUPPI_0636+51_56029_04    375.348  56029.0528662787763    0.00    3.05        1
 GUPPI_0636+51_56029_04    324.704  56029.0528662897633    0.00    2.38        1
 GUPPI_0636+51_56029_04    375.348  56029.0558939323110    0.00    2.69        1
 GUPPI_0636+51_56029_04    324.726  56029.0558939426535    0.00    2.21        1
 GUPPI_0636+51_56042_54    375.400  56042.6313719731730    0.00    3.22        1
 GUPPI_0636+51_56042_54    324.847  56042.6313719808010    0.00    2.13        1
 GUPPI_0636+51_56042_54    375.407  56042.6330614739428    0.00    7.97        1
 GUPPI_0636+51_56042_54    324.870  56042.6330614810832    0.00    5.84        1
 GUPPI_0636+51_56044_48    375.465  56044.5636782050308    0.00    2.86        1
C GUPPI_0636+51_56044_48    324.709  56044.5636782182182    0.00    2.23        1
 GUPPI_0636+51_56044_48    375.484  56044.5667044581207    0.00    2.79        1
 GUPPI_0636+51_56044_48    324.696  56044.5667044721956    0.00    2.16        1
 GUPPI_0636+51_56044_48    375.492  56044.5686264718578    0.00    5.68        1
 GUPPI_0636+51_56044_48    324.686  56044.5686264863482    0.00    4.22        1
 GUPPI_0636+51_56044_49    375.427  56044.5700803181255    0.00    3.95        1
 GUPPI_0636+51_56044_49    324.654  56044.5700803323762    0.00    3.55        1
C GUPPI_0636+51_56044_50    375.294  56044.5883396563500    0.00    2.91        1
 GUPPI_0636+51_56044_50    324.740  56044.5883396651329    0.00    2.11        1
 GUPPI_0636+51_56044_50    375.279  56044.5900286296653    0.00    8.23        1
 GUPPI_0636+51_56044_50    324.741  56044.5900286380769    0.00    4.60        1
 GUPPI_0636+51_56044_60    375.795  56044.7058997201245    0.00    4.19        1
 GUPPI_0636+51_56044_60    324.590  56044.7058997105726    0.00    2.15        1
 GUPPI_0636+51_56044_60    375.756  56044.7089279418256    0.00    3.09        1
 GUPPI_0636+51_56044_60    376.001  56044.7108494036795    0.00    7.23        1
 GUPPI_0636+51_56044_60    324.505  56044.7108494009561    0.00    3.31        1
C GUPPI_0636+51_56045_18    375.409  56045.2152716745118    0.00    2.14        1
C GUPPI_0636+51_56045_18    324.681  56045.2152716874303    0.00    2.44        1
 GUPPI_0636+51_56045_18    375.388  56045.2169616445327    0.00    7.45        1
 GUPPI_0636+51_56045_18    324.686  56045.2169616568379    0.00    7.07        1
C GUPPI_0636+51_56046_65    375.478  56046.7633855378605    0.00    3.39        1
 GUPPI_0636+51_56046_65    324.558  56046.7633855560101    0.00    2.84        1
C GUPPI_0636+51_56046_65    375.384  56046.7664124767878    0.00    3.54        1
 GUPPI_0636+51_56046_65    324.628  56046.7664124909053    0.00    2.66        1
 GUPPI_0636+51_56046_65    376.102  56046.7683365260640    0.00    7.54        1
 GUPPI_0636+51_56046_65    324.162  56046.7683365028142    0.00    7.39        1
 GUPPI_0636+51_56046_67    375.376  56046.7795508445050    0.00    3.30        1
 GUPPI_0636+51_56046_67    324.691  56046.7795508565061    0.00    2.90        1
C GUPPI_0636+51_56046_67    375.507  56046.7825833906772    0.00    3.38        1
 GUPPI_0636+51_56046_67    324.594  56046.7825834083537    0.00    3.20        1
C GUPPI_0636+51_56046_67    375.388  56046.7856125874191    0.00    3.03        1
 GUPPI_0636+51_56046_67    324.633  56046.7856126014954    0.00    3.21        1
 GUPPI_0636+51_56046_67    375.359  56046.7886449721895    0.00    2.96        1
 GUPPI_0636+51_56046_67    324.616  56046.7886449861868    0.00    2.78        1
 GUPPI_0636+51_56046_67    375.343  56046.7906805667109    0.00    6.66        1
 GUPPI_0636+51_56046_67    324.637  56046.7906805798694    0.00    5.31        1
C GUPPI_0636+51_56046_78    375.356  56046.9080260331027    0.00    4.02        1
 GUPPI_0636+51_56046_78    324.682  56046.9080260449076    0.00    3.38        1
 GUPPI_0636+51_56046_78    324.681  56046.9097164144881    0.00    9.46        1
 GUPPI_0636+51_56048_77    375.268  56048.9017419405376    0.00    5.13        1
 GUPPI_0636+51_56048_77    324.655  56048.9017419515005    0.00    3.39        1
C GUPPI_0636+51_56050_79    375.305  56050.9232136395169    0.00    3.33        1
 GUPPI_0636+51_56050_79    324.881  56050.9232136441281    0.00    2.19        1
 GUPPI_0636+51_56050_79    375.315  56050.9249017209398    0.00    8.89        1
 GUPPI_0636+51_56050_79    324.890  56050.9249017253920    0.00    5.70        1
C GUPPI_0636+51_56051_55    375.289  56051.6479922440595    0.00    4.76        1
 GUPPI_0636+51_56051_55    324.799  56051.6479922508861    0.00    2.77        1
 GUPPI_0636+51_56051_55    375.298  56051.6510212325804    0.00    4.43        1
 GUPPI_0636+51_56051_55    324.782  56051.6510212402775    0.00    2.52        1
 GUPPI_0636+51_56051_55    375.309  56051.6529442156966    0.00    8.55        1
 GUPPI_0636+51_56051_55    324.746  56051.6529442245694    0.00    4.89        1
 GUPPI_0636+51_56052_05    375.101  56052.0622632168861    0.00    4.74        1
 GUPPI_0636+51_56052_05    324.822  56052.0622632192722    0.00    2.96        1
 guppi_56594_J0636+51_0    374.608  56594.1868149226604    0.00    2.25        1
 guppi_56594_J0636+51_0    325.390  56594.1868149309412    0.00    1.54        1
 guppi_56594_J0636+51_0    374.608  56594.1901048583731    0.00    2.25        1
 guppi_56594_J0636+51_0    325.390  56594.1901048667348    0.00    1.50        1
 guppi_56594_J0636+51_0    374.608  56594.1933947994470    0.00    2.07        1
 guppi_56594_J0636+51_0    325.390  56594.1933948077575    0.00    1.54        1
 guppi_56594_J0636+51_0    374.608  56594.1966847096888    0.00    2.03        1
 guppi_56594_J0636+51_0    325.390  56594.1966847179728    0.00    1.48        1
 guppi_56594_J0636+51_0    374.608  56594.1999746192511    0.00    1.97        1
 guppi_56594_J0636+51_0    325.390  56594.1999746275234    0.00    1.73        1
 guppi_56594_J0636+51_0    374.671  56594.2032629301118    0.00    2.03        1
 guppi_56594_J0636+51_0    325.390  56594.2032629397185    0.00    1.57        1
 guppi_56594_J0636+51_0    374.659  56594.2065540584968    0.00    2.04        1
 guppi_56594_J0636+51_0    325.390  56594.2065540678642    0.00    1.65        1
 guppi_56594_J0636+51_0    374.761  56594.2098442797427    0.00    2.10        1
 guppi_56594_J0636+51_0    325.390  56594.2098442911333    0.00    1.63        1
 guppi_56594_J0636+51_0    374.684  56594.2131364539883    0.00    2.14        1
C guppi_56594_J0636+51_0    325.390  56594.2131364637765    0.00    1.50        1
C guppi_56594_J0636+51_0    374.608  56594.2164240694886    0.00    1.88        1
 guppi_56594_J0636+51_0    325.390  56594.2164240777790    0.00    1.48        1
 guppi_56594_J0636+51_0    374.608  56594.2197139983067    0.00    2.01        1
 guppi_56594_J0636+51_0    325.390  56594.2197140066852    0.00    1.61        1
 guppi_56594_J0636+51_0    374.608  56594.2230038862576    0.00    2.18        1
 guppi_56594_J0636+51_0    325.390  56594.2230038945926    0.00    1.53        1
 guppi_56594_J0636+51_0    374.608  56594.2262938018808    0.00    1.93        1
 guppi_56594_J0636+51_0    325.390  56594.2262938102383    0.00    1.61        1
 guppi_56594_J0636+51_0    374.608  56594.2295837480418    0.00    2.12        1
 guppi_56594_J0636+51_0    325.390  56594.2295837563771    0.00    1.39        1
 guppi_56594_J0636+51_0    374.608  56594.2328736945402    0.00    2.11        1
 guppi_56594_J0636+51_0    325.390  56594.2328737028859    0.00    1.41        1
C guppi_56594_J0636+51_0    374.608  56594.2361635780997    0.00    1.90        1
 guppi_56594_J0636+51_0    325.390  56594.2361635864097    0.00    1.49        1
 guppi_56594_J0636+51_0    374.608  56594.2394535008765    0.00    1.86        1
 guppi_56594_J0636+51_0    325.390  56594.2394535091758    0.00    1.43        1
 guppi_56594_J0636+51_0    374.608  56594.2427433987148    0.00    1.92        1
 guppi_56594_J0636+51_0    325.390  56594.2427434070087    0.00    1.59        1
 guppi_56594_J0636+51_0    374.608  56594.2459723455230    0.00    2.02        1
 guppi_56594_J0636+51_0    325.389  56594.2459723538368    0.00    1.51        1
 guppi_56594_J0636+51_0    374.608  56594.2492013351348    0.00    1.95        1
 guppi_56594_J0636+51_0    325.390  56594.2492013434730    0.00    1.49        1
 guppi_56594_J0636+51_0    374.608  56594.2524912284645    0.00    1.96        1
 guppi_56594_J0636+51_0    325.390  56594.2524912367525    0.00    1.63        1
 guppi_57169_0636+51_00    324.618  57169.9321324629997    0.00    1.08        1
 guppi_56057_0636+51_00    891.989  56057.4914294195675    0.00    5.94        1
 guppi_56057_0636+51_00    845.780  56057.4914294284197    0.00    1.25        1
 guppi_56057_0636+51_00    795.780  56057.4914294254180    0.00    2.11        1
 guppi_56057_0636+51_00    745.780  56057.4914294092902    0.00    1.72        1
 guppi_56057_0636+51_00    892.642  56057.4946393342462    0.00    5.22        1
 guppi_56057_0636+51_00    845.780  56057.4946393440723    0.00    1.19        1
C guppi_56057_0636+51_00    795.780  56057.4946393410206    0.00    1.98        1
 guppi_56057_0636+51_00    745.780  56057.4946393249618    0.00    1.64        1
 guppi_56057_0636+51_00    845.780  56057.4964221417597    0.00    3.26        1
 guppi_56057_0636+51_00    795.780  56057.4964221387251    0.00    6.30        1
 guppi_56057_0636+51_00    745.780  56057.4964221226298    0.00    5.00        1
 guppi_56485_J0636+51_0    892.655  56485.6091178344485    0.00    0.54        1
 guppi_56485_J0636+51_0    845.780  56485.6091178442716    0.00    0.93        1
 guppi_56485_J0636+51_0    793.436  56485.6091178462769    0.00    0.66        1
 guppi_56485_J0636+51_0    745.780  56485.6091178251859    0.00    1.14        1
 guppi_56485_J0636+51_0    892.655  56485.6123458953247    0.00    0.72        1
 guppi_56485_J0636+51_0    845.780  56485.6123459051675    0.00    1.08        1
 guppi_56485_J0636+51_0    793.436  56485.6123459071630    0.00    0.63        1
 guppi_56485_J0636+51_0    745.780  56485.6123458860521    0.00    1.07        1
 guppi_56485_J0636+51_0    892.719  56485.6155748437439    0.00    1.18        1
 guppi_56485_J0636+51_0    845.780  56485.6155748536964    0.00    1.16        1
 guppi_56485_J0636+51_0    793.542  56485.6155748554668    0.00    0.78        1
 guppi_56485_J0636+51_0    745.780  56485.6155748346069    0.00    1.29        1
 guppi_56485_J0636+51_0    892.655  56485.6188019255239    0.00    0.89        1
 guppi_56485_J0636+51_0    845.780  56485.6188019353710    0.00    0.90        1
 guppi_56485_J0636+51_0    793.436  56485.6188019373638    0.00    0.69        1
 guppi_56485_J0636+51_0    745.780  56485.6188019162925    0.00    1.09        1
 guppi_56485_J0636+51_0    892.655  56485.6220298985242    0.00    0.88        1
 guppi_56485_J0636+51_0    845.780  56485.6220299083581    0.00    0.98        1
 guppi_56485_J0636+51_0    793.436  56485.6220299103611    0.00    0.72        1
 guppi_56485_J0636+51_0    745.780  56485.6220298892842    0.00    1.00        1
 guppi_56485_J0636+51_0    892.632  56485.6252585994729    0.00    0.95        1
 guppi_56485_J0636+51_0    845.780  56485.6252586092606    0.00    0.88        1
 guppi_56485_J0636+51_0    793.436  56485.6252586112539    0.00    0.81        1
 guppi_56485_J0636+51_0    745.780  56485.6252585901708    0.00    1.02        1
 guppi_56485_J0636+51_0    892.655  56485.6284859060707    0.00    0.96        1
 guppi_56485_J0636+51_0    845.780  56485.6284859159162    0.00    0.71        1
 guppi_56485_J0636+51_0    793.436  56485.6284859179184    0.00    0.69        1
 guppi_56485_J0636+51_0    745.780  56485.6284858968370    0.00    1.02        1
 guppi_56485_J0636+51_0    892.645  56485.6317135479611    0.00    1.02        1
 guppi_56485_J0636+51_0    845.780  56485.6317135577818    0.00    0.68        1
 guppi_56485_J0636+51_0    793.436  56485.6317135597840    0.00    0.64        1
 guppi_56485_J0636+51_0    745.780  56485.6317135386952    0.00    0.84        1
 guppi_56485_J0636+51_0    892.623  56485.6349424905832    0.00    1.01        1
 guppi_56485_J0636+51_0    845.780  56485.6349425003591    0.00    0.65        1
 guppi_56485_J0636+51_0    793.436  56485.6349425023636    0.00    0.71        1
 guppi_56485_J0636+51_0    745.780  56485.6349424812687    0.00    0.92        1
 guppi_56485_J0636+51_0    892.655  56485.6381694486415    0.00    0.96        1
 guppi_56485_J0636+51_0    845.803  56485.6381694584444    0.00    0.55        1
 guppi_56485_J0636+51_0    793.436  56485.6381694604798    0.00    0.60        1
 guppi_56485_J0636+51_0    745.780  56485.6381694393814    0.00    0.90        1
 guppi_56485_J0636+51_0    892.509  56485.6413994709137    0.00    0.78        1
 guppi_56485_J0636+51_0    845.780  56485.6413994805340    0.00    0.55        1
 guppi_56485_J0636+51_0    793.436  56485.6413994825395    0.00    0.57        1
 guppi_56485_J0636+51_0    745.780  56485.6413994614696    0.00    0.96        1
 guppi_56485_J0636+51_0    892.588  56485.6446192753937    0.00    0.81        1
 guppi_56485_J0636+51_0    845.780  56485.6446192851448    0.00    0.56        1
 guppi_56485_J0636+51_0    793.436  56485.6446192871425    0.00    0.56        1
 guppi_56485_J0636+51_0    745.780  56485.6446192660556    0.00    0.88        1
 guppi_56485_J0636+51_0    892.555  56485.6478518067299    0.00    0.80        1
 guppi_56485_J0636+51_0    845.780  56485.6478518164111    0.00    0.53        1
 guppi_56485_J0636+51_0    793.436  56485.6478518184154    0.00    0.56        1
 guppi_56485_J0636+51_0    745.780  56485.6478517973259    0.00    0.86        1
 guppi_56485_J0636+51_0    892.393  56485.6510830844652    0.00    0.75        1
 guppi_56485_J0636+51_0    845.780  56485.6510830939013    0.00    0.51        1
 guppi_56485_J0636+51_0    793.436  56485.6510830958996    0.00    0.56        1
 guppi_56485_J0636+51_0    745.780  56485.6510830748212    0.00    0.80        1
 guppi_56485_J0636+51_0    892.652  56485.6543095528489    0.00    0.72        1
 guppi_56485_J0636+51_0    845.780  56485.6543095626814    0.00    0.52        1
 guppi_56485_J0636+51_0    793.436  56485.6543095646864    0.00    0.67        1
 guppi_56485_J0636+51_0    745.780  56485.6543095435912    0.00    0.77        1
 guppi_56485_J0636+51_0    892.617  56485.6575387147911    0.00    0.63        1
 guppi_56485_J0636+51_0    845.780  56485.6575387245684    0.00    0.54        1
 guppi_56485_J0636+51_0    793.436  56485.6575387265691    0.00    0.67        1
 guppi_56485_J0636+51_0    745.780  56485.6575387054867    0.00    0.78        1
 guppi_56485_J0636+51_0    892.655  56485.6607660509938    0.00    0.61        1
 guppi_56485_J0636+51_0    845.780  56485.6607660608288    0.00    0.60        1
 guppi_56485_J0636+51_0    793.436  56485.6607660628295    0.00    0.75        1
 guppi_56485_J0636+51_0    745.780  56485.6607660417249    0.00    0.77        1
 guppi_56485_J0636+51_0    892.655  56485.6639940490955    0.00    0.62        1
 guppi_56485_J0636+51_0    845.780  56485.6639940589082    0.00    0.75        1
 guppi_56485_J0636+51_0    793.436  56485.6639940609263    0.00    0.75        1
 guppi_56485_J0636+51_0    745.780  56485.6639940398459    0.00    0.74        1
 guppi_56485_J0636+51_0    892.651  56485.6672210793326    0.00    0.62        1
 guppi_56485_J0636+51_0    845.780  56485.6672210891646    0.00    0.87        1
 guppi_56485_J0636+51_0    793.436  56485.6672210911348    0.00    0.77        1
 guppi_56485_J0636+51_0    745.780  56485.6672210700622    0.00    0.72        1
 guppi_56485_J0636+51_0    892.633  56485.6699518217636    0.00    0.76        1
 guppi_56485_J0636+51_0    845.780  56485.6699518315569    0.00    1.14        1
 guppi_56485_J0636+51_0    793.436  56485.6699518335888    0.00    1.10        1
 guppi_56485_J0636+51_0    745.780  56485.6699518124982    0.00    0.92        1
 guppi_56485_J0636+51_0    892.642  56485.6726820931800    0.00    0.59        1
 guppi_56485_J0636+51_0    845.780  56485.6726821030176    0.00    1.08        1
 guppi_56485_J0636+51_0    793.436  56485.6726821049958    0.00    0.84        1
 guppi_56485_J0636+51_0    745.780  56485.6726820839153    0.00    0.70        1
 guppi_56485_J0636+51_0    892.438  56485.6755652993185    0.00    0.78        1
 guppi_56485_J0636+51_0    845.780  56485.6755653088190    0.00    1.23        1
 guppi_56485_J0636+51_0    793.144  56485.6755653114430    0.00    0.91        1
 guppi_56485_J0636+51_0    745.780  56485.6755652897400    0.00    0.86        1
 guppi_57078_0636+51_00    892.655  57078.9364325916469    0.00    1.88        1
 guppi_57078_0636+51_00    845.780  57078.9364326014211    0.00    1.54        1
 guppi_57078_0636+51_00    794.999  57078.9364326000884    0.00    2.05        1
 guppi_57078_0636+51_00    745.780  57078.9364325823394    0.00    1.62        1
 guppi_57078_0636+51_00    892.649  57078.9396598731007    0.00    1.94        1
 guppi_57078_0636+51_00    845.780  57078.9396598829283    0.00    1.78        1
 guppi_57078_0636+51_00    794.999  57078.9396598816362    0.00    1.82        1
 guppi_57078_0636+51_00    745.780  57078.9396598638327    0.00    1.75        1
 guppi_57078_0636+51_00    892.639  57078.9428885589997    0.00    1.73        1
 guppi_57078_0636+51_00    845.780  57078.9428885688526    0.00    2.17        1
 guppi_57078_0636+51_00    794.999  57078.9428885674788    0.00    2.01        1
 guppi_57078_0636+51_00    745.780  57078.9428885496851    0.00    1.63        1
 guppi_57078_0636+51_00    892.655  57078.9448130363166    0.00    3.78        1
 guppi_57078_0636+51_00    845.780  57078.9448130461409    0.00    5.13        1
 guppi_57078_0636+51_00    794.999  57078.9448130446861    0.00    4.37        1
 guppi_57078_0636+51_00    745.780  57078.9448130269827    0.00    3.87        1
 guppi_57101_0636+51_00    892.644  57101.8913982707709    0.00    1.29        1
 guppi_57101_0636+51_00    845.780  57101.8913982805133    0.00    1.64        1
 guppi_57101_0636+51_00    794.999  57101.8913982791958    0.00    0.61        1
 guppi_57101_0636+51_00    745.780  57101.8913982614181    0.00    0.41        1
 guppi_57101_0636+51_00    892.631  57101.8946282584993    0.00    1.57        1
 guppi_57101_0636+51_00    845.780  57101.8946282683009    0.00    1.74        1
 guppi_57101_0636+51_00    794.999  57101.8946282669494    0.00    0.65        1
 guppi_57101_0636+51_00    745.780  57101.8946282491645    0.00    0.40        1
 guppi_57101_0636+51_00    892.655  57101.8964094455737    0.00    5.39        1
 guppi_57101_0636+51_00    843.280  57101.8964094599314    0.00    6.43        1
 guppi_57101_0636+51_00    794.999  57101.8964094540650    0.00    1.97        1
 guppi_57101_0636+51_00    745.780  57101.8964094363086    0.00    1.22        1
 guppi_57131_0636+51_00    892.655  57131.8003563615569    0.00    0.74        1
 guppi_57131_0636+51_00    845.780  57131.8003563714093    0.00    1.25        1
 guppi_57131_0636+51_00    795.212  57131.8003563696255    0.00    1.74        1
 guppi_57131_0636+51_00    745.780  57131.8003563522573    0.00    2.13        1
 guppi_57131_0636+51_00    892.218  57131.8034390376306    0.00    0.82        1
 guppi_57131_0636+51_00    845.514  57131.8034390472873    0.00    1.26        1
 guppi_57131_0636+51_00    795.032  57131.8034390454106    0.00    1.77        1
 guppi_57131_0636+51_00    745.780  57131.8034390276245    0.00    2.06        1
 guppi_57161_0636+51_00    892.652  57161.5473235145572    0.00    0.90        1
 guppi_57161_0636+51_00    845.780  57161.5473235243810    0.00    1.02        1
 guppi_57161_0636+51_00    794.999  57161.5473235230361    0.00    0.93        1
 guppi_57161_0636+51_00    745.780  57161.5473235052292    0.00    1.05        1
 guppi_57161_0636+51_00    892.655  57161.5505513559218    0.00    0.78        1
 guppi_57161_0636+51_00    845.780  57161.5505513657319    0.00    0.92        1
 guppi_57161_0636+51_00    794.999  57161.5505513644032    0.00    0.97        1
 guppi_57161_0636+51_00    745.780  57161.5505513466075    0.00    0.97        1
 guppi_57161_0636+51_00    892.655  57161.5523520701236    0.00    2.05        1
 guppi_57161_0636+51_00    845.780  57161.5523520800057    0.00    2.95        1
 guppi_57161_0636+51_00    794.999  57161.5523520785842    0.00    2.93        1
 guppi_57161_0636+51_00    745.780  57161.5523520607432    0.00    3.03        1
 guppi_57192_0636+51_00    893.683  57192.4604236030374    0.00    1.26        1
 guppi_57192_0636+51_00    845.780  57192.4604236144263    0.00    0.59        1
 guppi_57192_0636+51_00    795.780  57192.4604236114340    0.00    0.70        1
 guppi_57192_0636+51_00    745.780  57192.4604235953063    0.00    0.96        1
 guppi_57192_0636+51_00    893.931  57192.4636578945124    0.00    1.34        1
 guppi_57192_0636+51_00    845.780  57192.4636579062739    0.00    0.58        1
 guppi_57192_0636+51_00    795.780  57192.4636579032776    0.00    0.72        1
 guppi_57192_0636+51_00    745.788  57192.4636578871494    0.00    0.95        1
 guppi_57192_0636+51_00    893.619  57192.4668811929993    0.00    1.29        1
 guppi_57192_0636+51_00    845.780  57192.4668812042365    0.00    0.60        1
 guppi_57192_0636+51_00    795.779  57192.4668812012500    0.00    0.63        1
 guppi_57192_0636+51_00    745.792  57192.4668811851017    0.00    0.88        1
 guppi_57192_0636+51_00    893.605  57192.4688079460565    0.00    3.27        1
 guppi_57192_0636+51_00    845.780  57192.4688079573066    0.00    1.47        1
 guppi_57192_0636+51_00    795.765  57192.4688079543827    0.00    1.34        1
 guppi_57192_0636+51_00    745.780  57192.4688079382216    0.00    2.07        1
 guppi_57220_0636+51_00    892.655  57220.3484811937908    0.00    1.45        1
 guppi_57220_0636+51_00    845.780  57220.3484812035902    0.00    1.15        1
 guppi_57220_0636+51_00    793.436  57220.3484812056204    0.00    1.31        1
 guppi_57220_0636+51_00    745.780  57220.3484811844858    0.00    1.92        1
 guppi_57220_0636+51_00    892.655  57220.3517092435955    0.00    1.49        1
 guppi_57220_0636+51_00    845.780  57220.3517092534311    0.00    1.20        1
 guppi_57220_0636+51_00    793.436  57220.3517092554405    0.00    1.36        1
 guppi_57220_0636+51_00    745.780  57220.3517092343782    0.00    2.18        1
 guppi_57220_0636+51_00    892.655  57220.3549372602885    0.00    1.24        1
 guppi_57220_0636+51_00    845.780  57220.3549372701068    0.00    1.00        1
 guppi_57220_0636+51_00    793.436  57220.3549372721167    0.00    1.53        1
 guppi_57220_0636+51_00    745.780  57220.3549372510105    0.00    1.92        1
 guppi_57220_0636+51_00    892.655  57220.3568616796566    0.00    2.56        1
 guppi_57220_0636+51_00    845.780  57220.3568616895109    0.00    2.14        1
 guppi_57220_0636+51_00    793.436  57220.3568616914956    0.00    3.59        1
 guppi_57220_0636+51_00    745.780  57220.3568616704993    0.00    4.21        1
 guppi_57249_0636+51_00    892.655  57249.4298238207311    0.00    1.58        1
 guppi_57249_0636+51_00    845.780  57249.4298238305313    0.00    1.78        1
 guppi_57249_0636+51_00    794.329  57249.4298238306667    0.00    1.77        1
 guppi_57249_0636+51_00    745.780  57249.4298238114824    0.00    1.89        1
 guppi_57249_0636+51_00    892.651  57249.4330522864351    0.00    1.63        1
 guppi_57249_0636+51_00    845.780  57249.4330522962753    0.00    1.62        1
 guppi_57249_0636+51_00    794.329  57249.4330522964180    0.00    1.76        1
 guppi_57249_0636+51_00    745.780  57249.4330522772025    0.00    1.87        1
 guppi_57249_0636+51_00    892.655  57249.4362798223634    0.00    1.71        1
 guppi_57249_0636+51_00    845.780  57249.4362798321910    0.00    1.81        1
 guppi_57249_0636+51_00    794.329  57249.4362798323022    0.00    1.69        1
 guppi_57249_0636+51_00    745.780  57249.4362798131259    0.00    1.70        1
 guppi_57249_0636+51_00    892.655  57249.4382042723227    0.00    3.67        1
 guppi_57249_0636+51_00    845.780  57249.4382042822884    0.00    5.11        1
 guppi_57249_0636+51_00    794.329  57249.4382042824132    0.00    3.46        1
 guppi_57249_0636+51_00    745.780  57249.4382042631040    0.00    3.79        1
 guppi_57278_0636+51_00    891.874  57278.2266062482167    0.00    0.90        1
 guppi_57278_0636+51_00    845.780  57278.2266062569175    0.00    0.85        1
 guppi_57278_0636+51_00    795.053  57278.2266062554690    0.00    1.00        1
 guppi_57278_0636+51_00    745.780  57278.2266062378347    0.00    1.03        1
 guppi_57278_0636+51_00    891.874  57278.2298342531371    0.00    0.89        1
 guppi_57278_0636+51_00    845.780  57278.2298342618540    0.00    0.85        1
 guppi_57278_0636+51_00    795.053  57278.2298342603938    0.00    0.97        1
 guppi_57278_0636+51_00    745.780  57278.2298342427336    0.00    1.01        1
 guppi_57278_0636+51_00    891.874  57278.2330611528522    0.00    0.91        1
 guppi_57278_0636+51_00    845.780  57278.2330611615724    0.00    0.81        1
 guppi_57278_0636+51_00    794.972  57278.2330611603003    0.00    1.02        1
 guppi_57278_0636+51_00    745.780  57278.2330611424836    0.00    1.03        1
 guppi_57278_0636+51_00    891.117  57278.2349877003972    0.00    2.02        1
 guppi_57278_0636+51_00    845.780  57278.2349877079017    0.00    1.79        1
 guppi_57278_0636+51_00    794.769  57278.2349877071195    0.00    2.21        1
 guppi_57278_0636+51_00    745.780  57278.2349876889033    0.00    2.26        1
 guppi_57308_0636+51_00    892.901  57308.1050065749727    0.00    1.15        1
 guppi_57308_0636+51_00    845.780  57308.1050065852447    0.00    1.05        1
 guppi_57308_0636+51_00    795.763  57308.1050065822788    0.00    0.65        1
 guppi_57308_0636+51_00    745.780  57308.1050065661528    0.00    1.62        1
 guppi_57308_0636+51_00    893.082  57308.1082394578299    0.00    1.04        1
 guppi_57308_0636+51_00    845.780  57308.1082394683013    0.00    0.96        1
 guppi_57308_0636+51_00    795.769  57308.1082394653790    0.00    0.64        1
 guppi_57308_0636+51_00    745.780  57308.1082394492489    0.00    1.69        1
 guppi_57308_0636+51_00    893.202  57308.1114666867878    0.00    1.03        1
 guppi_57308_0636+51_00    845.780  57308.1114666974690    0.00    0.84        1
 guppi_57308_0636+51_00    795.772  57308.1114666945234    0.00    0.57        1
 guppi_57308_0636+51_00    745.780  57308.1114666784372    0.00    1.62        1
 guppi_57308_0636+51_00    892.655  57308.1133707875695    0.00    2.49        1
 guppi_57308_0636+51_00    844.391  57308.1133707998446    0.00    1.93        1
 guppi_57308_0636+51_00    795.760  57308.1133707944341    0.00    1.23        1
 guppi_57308_0636+51_00    745.780  57308.1133707783090    0.00    3.62        1
 guppi_57339_0636+51_00    892.655  57339.1877867903131    0.00    1.12        1
 guppi_57339_0636+51_00    845.780  57339.1877868001608    0.00    0.94        1
 guppi_57339_0636+51_00    795.780  57339.1877867971772    0.00    0.56        1
 guppi_57339_0636+51_00    745.780  57339.1877867810581    0.00    0.59        1
 guppi_57339_0636+51_00    892.698  57339.1910144493776    0.00    1.03        1
 guppi_57339_0636+51_00    845.780  57339.1910144592783    0.00    0.94        1
 guppi_57339_0636+51_00    795.780  57339.1910144562857    0.00    0.55        1
 guppi_57339_0636+51_00    745.780  57339.1910144401819    0.00    0.58        1
 guppi_57339_0636+51_00    892.655  57339.1942428632518    0.00    1.06        1
 guppi_57339_0636+51_00    845.780  57339.1942428730852    0.00    0.93        1
 guppi_57339_0636+51_00    795.780  57339.1942428701345    0.00    0.52        1
 guppi_57339_0636+51_00    745.780  57339.1942428540189    0.00    0.54        1
 guppi_57339_0636+51_00    892.655  57339.1961672176280    0.00    2.65        1
 guppi_57339_0636+51_00    845.780  57339.1961672274275    0.00    1.98        1
 guppi_57339_0636+51_00    795.780  57339.1961672244687    0.00    1.16        1
 guppi_57339_0636+51_00    745.780  57339.1961672083595    0.00    1.15        1
 guppi_57367_0636+51_00    892.655  57367.1197428002810    0.00    1.23        1
 guppi_57367_0636+51_00    845.780  57367.1197428101323    0.00    0.82        1
 guppi_57367_0636+51_00    793.436  57367.1197428121164    0.00    1.07        1
 guppi_57367_0636+51_00    745.780  57367.1197427910088    0.00    0.98        1
 guppi_57367_0636+51_00    892.655  57367.1229708467970    0.00    1.39        1
 guppi_57367_0636+51_00    845.780  57367.1229708566410    0.00    0.85        1
 guppi_57367_0636+51_00    793.436  57367.1229708586558    0.00    0.97        1
 guppi_57367_0636+51_00    745.780  57367.1229708375467    0.00    0.79        1
 guppi_57367_0636+51_00    892.655  57367.1261988251181    0.00    1.57        1
 guppi_57367_0636+51_00    845.780  57367.1261988349588    0.00    0.95        1
 guppi_57367_0636+51_00    793.436  57367.1261988369525    0.00    0.93        1
 guppi_57367_0636+51_00    745.780  57367.1261988158485    0.00    0.57        1
 guppi_57367_0636+51_00    892.655  57367.1281232113595    0.00    2.60        1
 guppi_57367_0636+51_00    845.780  57367.1281232212126    0.00    2.24        1
 guppi_57367_0636+51_00    793.436  57367.1281232232125    0.00    1.93        1
 guppi_57367_0636+51_00    745.780  57367.1281232021216    0.00    1.22        1
 guppi_57397_0636+51_00    892.655  57397.1333770791188    0.00    0.89        1
 guppi_57397_0636+51_00    845.780  57397.1333770889393    0.00    1.02        1
 guppi_57397_0636+51_00    793.436  57397.1333770909246    0.00    2.19        1
 guppi_57397_0636+51_00    745.780  57397.1333770698173    0.00    1.40        1
 guppi_57397_0636+51_00    892.812  57397.1366039471663    0.00    0.82        1
 guppi_57397_0636+51_00    845.780  57397.1366039572016    0.00    1.15        1
 guppi_57397_0636+51_00    793.436  57397.1366039592477    0.00    2.30        1
 guppi_57397_0636+51_00    745.780  57397.1366039381476    0.00    1.97        1
 guppi_57397_0636+51_00    893.388  57397.1392706214486    0.00    1.45        1
 guppi_57397_0636+51_00    845.780  57397.1392706323806    0.00    1.61        1
 guppi_57397_0636+51_00    793.436  57397.1392706343879    0.00    2.68        1
 guppi_57397_0636+51_00    745.780  57397.1392706132566    0.00    2.82        1
 GUPPI_J0636+51_56336_2    893.583  56336.3335825862010    0.00    4.05        1
 GUPPI_J0636+51_56336_2    794.513  56336.3335825971233    0.00    1.82        1
 GUPPI_J0636+51_56336_2    745.496  56336.3335825790174    0.00    1.84        1
 GUPPI_J0636+51_56336_2    893.071  56336.3352741068060    0.00    4.28        1
 GUPPI_J0636+51_56336_2    844.122  56336.3352741202245    0.00    2.93        1
 GUPPI_J0636+51_56336_2    794.556  56336.3352741168227    0.00    2.11        1
 GUPPI_J0636+51_56336_2    745.492  56336.3352740988627    0.00    1.87        1
 GUPPI_J0636+51_56348_7    892.764  56348.8577438910760    0.00    0.93        1
 GUPPI_J0636+51_56348_7    844.397  56348.8577438702951    0.00    0.69        1
 GUPPI_J0636+51_56348_7    794.499  56348.8577438675681    0.00    1.42        1
 GUPPI_J0636+51_56348_7    745.498  56348.8577438826367    0.00    1.63        1
 GUPPI_J0636+51_56348_7    892.838  56348.8609987770471    0.00    0.92        1
 GUPPI_J0636+51_56348_7    844.166  56348.8609987567967    0.00    0.73        1
 GUPPI_J0636+51_56348_7    794.516  56348.8609987535972    0.00    1.18        1
 GUPPI_J0636+51_56348_7    745.488  56348.8609987687478    0.00    1.32        1
 GUPPI_J0636+51_56348_7    892.666  56348.8642756857993    0.00    0.82        1
 GUPPI_J0636+51_56348_7    844.442  56348.8642756647983    0.00    0.91        1
 GUPPI_J0636+51_56348_7    794.499  56348.8642756621516    0.00    1.12        1
 GUPPI_J0636+51_56348_7    745.493  56348.8642756772510    0.00    1.07        1
 GUPPI_J0636+51_56348_7    892.614  56348.8668918652181    0.00    0.96        1
 GUPPI_J0636+51_56348_7    844.394  56348.8668918442200    0.00    1.20        1
 GUPPI_J0636+51_56348_7    794.495  56348.8668918415058    0.00    1.56        1
 GUPPI_J0636+51_56348_7    745.501  56348.8668918565349    0.00    1.30        1
 GUPPI_J0636+51_56351_2    893.884  56351.2520200157515    0.00    1.47        1
 GUPPI_J0636+51_56351_2    843.976  56351.2520200305786    0.00    1.85        1
 GUPPI_J0636+51_56351_2    794.531  56351.2520200270287    0.00    2.33        1
 GUPPI_J0636+51_56351_2    745.522  56351.2520200089270    0.00    1.45        1
 GUPPI_J0636+51_56351_2    893.722  56351.2537122844762    0.00    1.67        1
 GUPPI_J0636+51_56351_2    843.947  56351.2537122990633    0.00    2.07        1
 GUPPI_J0636+51_56351_2    794.517  56351.2537122955190    0.00    2.30        1
 GUPPI_J0636+51_56351_2    745.514  56351.2537122774108    0.00    1.48        1
 GUPPI_J0636+51_56365_1    893.658  56365.1523100575128    0.00    1.15        1
 GUPPI_J0636+51_56365_1    843.844  56365.1523100722914    0.00    1.52        1
 GUPPI_J0636+51_56365_1    794.528  56365.1523100685137    0.00    1.73        1
 GUPPI_J0636+51_56365_1    745.558  56365.1523100503057    0.00    1.29        1
 GUPPI_J0636+51_56365_1    894.046  56365.1539989207596    0.00    1.48        1
 GUPPI_J0636+51_56365_1    843.911  56365.1539989359622    0.00    1.50        1
 GUPPI_J0636+51_56365_1    794.512  56365.1539989323861    0.00    1.58        1
 GUPPI_J0636+51_56365_1    745.555  56365.1539989141219    0.00    1.32        1
 GUPPI_J0636+51_56385_0    893.031  56385.0735961618382    0.00    0.89        1
 GUPPI_J0636+51_56385_0    844.116  56385.0735961751456    0.00    1.46        1
 GUPPI_J0636+51_56385_0    794.299  56385.0735961723511    0.00    0.70        1
 GUPPI_J0636+51_56385_0    745.500  56385.0735961537941    0.00    0.66        1
 GUPPI_J0636+51_56385_0    892.899  56385.0752835406303    0.00    0.97        1
 GUPPI_J0636+51_56385_0    844.293  56385.0752835534403    0.00    1.42        1
 GUPPI_J0636+51_56385_0    794.274  56385.0752835510252    0.00    0.76        1
 GUPPI_J0636+51_56385_0    745.489  56385.0752835324432    0.00    0.67        1
 GUPPI_J0636+51_56406_0    893.094  56406.0887784765314    0.00    2.20        1
 GUPPI_J0636+51_56406_0    844.017  56406.0887784902031    0.00    2.44        1
 GUPPI_J0636+51_56406_0    793.459  56406.0887784889679    0.00    1.82        1
 GUPPI_J0636+51_56406_0    745.590  56406.0887784684347    0.00    2.11        1
 GUPPI_J0636+51_56406_0    893.121  56406.0904698480773    0.00    2.38        1
 GUPPI_J0636+51_56406_0    844.038  56406.0904698616501    0.00    2.32        1
 GUPPI_J0636+51_56406_0    793.480  56406.0904698605099    0.00    1.99        1
 GUPPI_J0636+51_56406_0    745.566  56406.0904698399738    0.00    2.23        1
 GUPPI_J0636+51_56406_5    893.258  56406.6630076410499    0.00    2.97        1
 GUPPI_J0636+51_56406_5    844.342  56406.6630076542774    0.00    2.42        1
 GUPPI_J0636+51_56406_5    793.524  56406.6630076535218    0.00    2.01        1
 GUPPI_J0636+51_56406_5    745.499  56406.6630076332749    0.00    2.14        1
 GUPPI_J0636+51_56406_5    893.287  56406.6650467639228    0.00    3.43        1
 GUPPI_J0636+51_56406_5    844.439  56406.6650467771270    0.00    2.31        1
 GUPPI_J0636+51_56406_5    793.513  56406.6650467765429    0.00    2.35        1
 GUPPI_J0636+51_56406_5    745.512  56406.6650467562946    0.00    2.28        1
 GUPPI_J0636+51_56423_0    895.006  56423.0282722645575    0.00    1.69        1
 GUPPI_J0636+51_56423_0    843.664  56423.0282722816629    0.00    1.96        1
 GUPPI_J0636+51_56423_0    794.267  56423.0282722781468    0.00    2.44        1
 GUPPI_J0636+51_56423_0    745.638  56423.0282722591645    0.00    1.54        1
 GUPPI_J0636+51_56423_0    894.937  56423.0299647388878    0.00    1.81        1
 GUPPI_J0636+51_56423_0    843.753  56423.0299647557658    0.00    1.83        1
 GUPPI_J0636+51_56423_0    794.278  56423.0299647523205    0.00    2.37        1
 GUPPI_J0636+51_56423_0    745.638  56423.0299647333685    0.00    1.53        1
 GUPPI_J0636+51_56426_8    892.763  56426.9420090998980    0.00    1.28        1
 GUPPI_J0636+51_56426_8    844.302  56426.9420091124817    0.00    1.30        1
 GUPPI_J0636+51_56426_8    793.430  56426.9420091118580    0.00    1.28        1
 GUPPI_J0636+51_56426_8    745.478  56426.9420090915037    0.00    1.85        1
 GUPPI_J0636+51_56426_8    893.070  56426.9436973672474    0.00    1.33        1
 GUPPI_J0636+51_56426_8    844.327  56426.9436973802496    0.00    1.62        1
 GUPPI_J0636+51_56426_8    793.418  56426.9436973797188    0.00    1.42        1
 GUPPI_J0636+51_56426_8    745.474  56426.9436973593420    0.00    1.91        1
 GUPPI_J0636+51_56427_0    892.994  56427.0053739658493    0.00    1.30        1
 GUPPI_J0636+51_56427_0    844.371  56427.0053739786704    0.00    0.87        1
 GUPPI_J0636+51_56427_0    793.423  56427.0053739781998    0.00    1.24        1
 GUPPI_J0636+51_56427_0    745.494  56427.0053739577974    0.00    1.25        1
 GUPPI_J0636+51_56427_0    892.894  56427.0086340030622    0.00    1.11        1
 GUPPI_J0636+51_56427_0    844.353  56427.0086340157642    0.00    0.88        1
 GUPPI_J0636+51_56427_0    793.405  56427.0086340152948    0.00    1.15        1
 GUPPI_J0636+51_56427_0    745.495  56427.0086339948489    0.00    1.22        1
 GUPPI_J0636+51_56427_0    892.888  56427.0104393609402    0.00    3.63        1
 GUPPI_J0636+51_56427_0    844.498  56427.0104393733945    0.00    2.85        1
 GUPPI_J0636+51_56427_0    793.442  56427.0104393730947    0.00    3.49        1
 GUPPI_J0636+51_56427_0    745.504  56427.0104393526896    0.00    3.87        1
 GUPPI_J0636+51_56432_0    893.050  56432.0071276492632    0.00    2.53        1
 GUPPI_J0636+51_56432_0    844.434  56432.0071276620139    0.00    1.09        1
 GUPPI_J0636+51_56432_0    794.227  56432.0071276599209    0.00    1.50        1
 GUPPI_J0636+51_56432_0    745.546  56432.0071276411384    0.00    1.49        1
 GUPPI_J0636+51_56432_0    893.157  56432.0088165151142    0.00    2.97        1
 GUPPI_J0636+51_56432_0    844.423  56432.0088165280930    0.00    1.14        1
 GUPPI_J0636+51_56432_0    794.203  56432.0088165260437    0.00    1.85        1
 GUPPI_J0636+51_56432_0    745.587  56432.0088165070728    0.00    1.48        1
 GUPPI_J0636+51_56449_8    892.208  56449.9562108509995    0.00    4.18        1
 GUPPI_J0636+51_56449_8    844.581  56449.9562108623170    0.00    5.23        1
 GUPPI_J0636+51_56449_8    793.502  56449.9562108621140    0.00    3.43        1
 GUPPI_J0636+51_56449_8    745.597  56449.9562108415386    0.00    3.95        1
 GUPPI_J0636+51_56449_8    892.377  56449.9579025404812    0.00    2.88        1
 GUPPI_J0636+51_56449_8    844.573  56449.9579025520992    0.00    4.65        1
 GUPPI_J0636+51_56449_8    793.494  56449.9579025517671    0.00    3.42        1
 GUPPI_J0636+51_56449_8    745.556  56449.9579025314219    0.00    5.02        1
 GUPPI_J0636+51_56449_8    893.189  56449.9959622984946    0.00    3.19        1
 GUPPI_J0636+51_56449_8    844.566  56449.9959623112212    0.00    3.05        1
 GUPPI_J0636+51_56449_8    793.474  56449.9959623110445    0.00    3.75        1
 GUPPI_J0636+51_56449_8    745.476  56449.9959622907690    0.00    3.40        1
 GUPPI_J0636+51_56449_8    893.293  56449.9985170872336    0.00    4.64        1
 GUPPI_J0636+51_56449_8    844.386  56449.9985171004310    0.00    2.84        1
 GUPPI_J0636+51_56449_8    793.515  56449.9985170997880    0.00    2.95        1
 GUPPI_J0636+51_56449_8    745.536  56449.9985170794849    0.00    3.11        1
 GUPPI_J0636+51_56470_8    893.163  56470.9495418608129    0.00    3.05        1
 GUPPI_J0636+51_56470_8    844.372  56470.9495418738758    0.00    2.19        1
 GUPPI_J0636+51_56470_8    793.464  56470.9495418733222    0.00    2.60        1
 GUPPI_J0636+51_56470_8    745.466  56470.9495418530942    0.00    1.62        1
 GUPPI_J0636+51_56470_8    893.524  56470.9512329006595    0.00    2.12        1
 GUPPI_J0636+51_56470_8    844.390  56470.9512329142319    0.00    2.61        1
 GUPPI_J0636+51_56470_8    793.461  56470.9512329137785    0.00    2.60        1
 GUPPI_J0636+51_56470_8    745.478  56470.9512328935180    0.00    1.71        1
 GUPPI_J0636+51_56470_8    893.400  56470.9950438535284    0.00    1.70        1
 GUPPI_J0636+51_56470_8    843.833  56470.9950438678812    0.00    2.04        1
 GUPPI_J0636+51_56470_8    793.534  56470.9950438662314    0.00    1.75        1
 GUPPI_J0636+51_56470_8    745.479  56470.9950438461113    0.00    1.10        1
 GUPPI_J0636+51_56470_8    893.519  56470.9983110318087    0.00    1.98        1
 GUPPI_J0636+51_56470_8    844.317  56470.9983110454721    0.00    2.42        1
 GUPPI_J0636+51_56470_8    793.509  56470.9983110447645    0.00    1.66        1
 GUPPI_J0636+51_56470_8    745.475  56470.9983110246387    0.00    1.22        1
 GUPPI_J0636+51_56494_4    893.796  56494.4659027333033    0.00    1.50        1
 GUPPI_J0636+51_56494_4    844.181  56494.4659027477050    0.00    0.99        1
 GUPPI_J0636+51_56494_4    793.542  56494.4659027466606    0.00    3.50        1
 GUPPI_J0636+51_56494_4    745.690  56494.4659027260008    0.00    1.49        1
 GUPPI_J0636+51_56494_4    893.457  56494.4677631286258    0.00    1.61        1
 GUPPI_J0636+51_56494_4    843.980  56494.4677631428565    0.00    0.92        1
 GUPPI_J0636+51_56494_4    793.499  56494.4677631415671    0.00    3.59        1
 GUPPI_J0636+51_56494_4    745.663  56494.4677631208978    0.00    1.59        1
 GUPPI_J0636+51_56494_8    893.387  56494.9394171588370    0.00    1.63        1
 GUPPI_J0636+51_56494_8    844.281  56494.9394171724070    0.00    1.36        1
 GUPPI_J0636+51_56494_8    793.352  56494.9394171719484    0.00    2.66        1
 GUPPI_J0636+51_56494_8    745.562  56494.9394171512658    0.00    1.21        1
 GUPPI_J0636+51_56494_8    893.469  56494.9411041240628    0.00    1.61        1
 GUPPI_J0636+51_56494_8    844.191  56494.9411041378875    0.00    1.28        1
 GUPPI_J0636+51_56494_8    793.374  56494.9411041372483    0.00    2.40        1
 GUPPI_J0636+51_56494_8    745.530  56494.9411041167022    0.00    1.33        1
 GUPPI_J0636+51_56520_6    893.179  56520.7689151545641    0.00    2.98        1
 GUPPI_J0636+51_56520_6    844.084  56520.7689151681994    0.00    3.82        1
 GUPPI_J0636+51_56520_6    793.547  56520.7689151669857    0.00    2.37        1
 GUPPI_J0636+51_56520_6    745.485  56520.7689151468600    0.00    2.61        1
 GUPPI_J0636+51_56520_6    893.019  56520.7706088120305    0.00    3.57        1
 GUPPI_J0636+51_56520_6    844.519  56520.7706088245953    0.00    4.24        1
 GUPPI_J0636+51_56520_6    793.528  56520.7706088242785    0.00    2.27        1
 GUPPI_J0636+51_56520_6    745.483  56520.7706088040678    0.00    2.44        1
 GUPPI_J0636+51_56547_2    892.756  56547.2874798297333    0.00    2.91        1
 GUPPI_J0636+51_56547_2    844.134  56547.2874798426611    0.00    1.95        1
 GUPPI_J0636+51_56547_2    793.304  56547.2874798420167    0.00    3.21        1
 GUPPI_J0636+51_56547_2    745.693  56547.2874798208216    0.00    3.73        1
 GUPPI_J0636+51_56547_2    892.782  56547.2899787809836    0.00    2.96        1
 GUPPI_J0636+51_56547_2    844.204  56547.2899787937398    0.00    1.91        1
 GUPPI_J0636+51_56547_2    793.381  56547.2899787931273    0.00    3.19        1
 GUPPI_J0636+51_56547_2    745.776  56547.2899787719297    0.00    4.11        1
 GUPPI_J0636+51_56547_6    894.922  56547.7204811555309    0.00    1.84        1
 GUPPI_J0636+51_56547_6    843.390  56547.7204811397930    0.00    5.03        1
 GUPPI_J0636+51_56547_6    793.370  56547.7204811709062    0.00    2.76        1
 GUPPI_J0636+51_56547_6    745.614  56547.7204811501693    0.00    3.38        1
 GUPPI_J0636+51_56547_6    894.902  56547.7221698994780    0.00    2.19        1
 GUPPI_J0636+51_56547_6    843.288  56547.7221698838878    0.00    4.13        1
 GUPPI_J0636+51_56547_6    793.361  56547.7221699148499    0.00    2.86        1
 GUPPI_J0636+51_56547_6    745.646  56547.7221698939420    0.00    3.83        1
 GUPPI_J0636+51_56548_2    892.939  56548.2824617513545    0.00    1.74        1
 GUPPI_J0636+51_56548_2    844.082  56548.2824617646328    0.00    1.95        1
 GUPPI_J0636+51_56548_2    793.370  56548.2824617637554    0.00    3.21        1
 GUPPI_J0636+51_56548_2    745.478  56548.2824617433006    0.00    3.39        1
 GUPPI_J0636+51_56548_2    892.640  56548.2857323753258    0.00    1.62        1
 GUPPI_J0636+51_56548_2    844.361  56548.2857323876797    0.00    1.78        1
 GUPPI_J0636+51_56548_2    793.341  56548.2857323874224    0.00    2.93        1
 GUPPI_J0636+51_56548_2    745.514  56548.2857323667899    0.00    3.59        1
 GUPPI_J0636+51_56548_2    892.731  56548.2878263830877    0.00    3.60        1
 GUPPI_J0636+51_56548_2    844.482  56548.2878263953024    0.00    2.81        1
 GUPPI_J0636+51_56548_2    793.372  56548.2878263951125    0.00    5.03        1
 GUPPI_J0636+51_56548_2    745.480  56548.2878263747243    0.00    7.73        1
 GUPPI_J0636+51_56550_3    892.533  56550.3973464305862    0.00    1.22        1
 GUPPI_J0636+51_56550_3    844.365  56550.3973464427690    0.00    2.30        1
 GUPPI_J0636+51_56550_3    793.379  56550.3973464424098    0.00    1.56        1
 GUPPI_J0636+51_56550_3    745.529  56550.3973464218237    0.00    1.19        1
 GUPPI_J0636+51_56550_3    892.249  56550.4006025664729    0.00    1.24        1
 GUPPI_J0636+51_56550_3    844.501  56550.4006025779251    0.00    2.66        1
 GUPPI_J0636+51_56550_3    793.404  56550.4006025777960    0.00    1.97        1
 GUPPI_J0636+51_56550_3    745.543  56550.4006025572487    0.00    1.18        1
 GUPPI_J0636+51_56550_3    892.083  56550.4035707068922    0.00    1.35        1
 GUPPI_J0636+51_56550_3    844.455  56550.4035707182290    0.00    3.08        1
 GUPPI_J0636+51_56550_3    793.397  56550.4035707179588    0.00    1.76        1
 GUPPI_J0636+51_56550_3    745.532  56550.4035706974014    0.00    1.21        1
 GUPPI_J0636+51_56551_2    894.288  56551.2460503489043    0.00    1.79        1
 GUPPI_J0636+51_56551_2    844.178  56551.2460503640226    0.00    1.94        1
 GUPPI_J0636+51_56551_2    793.414  56551.2460503632506    0.00    1.08        1
 GUPPI_J0636+51_56551_2    745.696  56551.2460503423273    0.00    1.48        1
 GUPPI_J0636+51_56551_2    893.696  56551.2486171909492    0.00    1.60        1
 GUPPI_J0636+51_56551_2    844.205  56551.2486172051261    0.00    1.92        1
 GUPPI_J0636+51_56551_2    793.446  56551.2486172043156    0.00    1.20        1
 GUPPI_J0636+51_56551_2    745.891  56551.2486171829799    0.00    1.69        1
 GUPPI_J0636+51_56552_3    892.056  56552.4032277954684    0.00    0.89        1
 GUPPI_J0636+51_56552_3    844.531  56552.4032278066082    0.00    0.94        1
 GUPPI_J0636+51_56552_3    793.375  56552.4032278065547    0.00    1.21        1
 GUPPI_J0636+51_56552_3    745.500  56552.4032277860604    0.00    0.97        1
 GUPPI_J0636+51_56552_3    892.316  56552.4052632683493    0.00    0.87        1
 GUPPI_J0636+51_56552_3    844.523  56552.4052632798814    0.00    0.91        1
 GUPPI_J0636+51_56552_3    793.350  56552.4052632798910    0.00    1.21        1
 GUPPI_J0636+51_56552_3    745.509  56552.4052632593132    0.00    1.03        1
 GUPPI_J0636+51_56554_3    892.680  56554.4364653619818    0.00    2.85        1
 GUPPI_J0636+51_56554_3    844.197  56554.4364653746725    0.00    1.85        1
 GUPPI_J0636+51_56554_3    793.370  56554.4364653740516    0.00    1.60        1
 GUPPI_J0636+51_56554_3    745.465  56554.4364653536166    0.00    1.08        1
 GUPPI_J0636+51_56555_2    892.814  56555.2594069180932    0.00    3.05        1
 GUPPI_J0636+51_56555_2    844.290  56555.2594069308338    0.00    2.43        1
 GUPPI_J0636+51_56555_2    793.349  56555.2594069303623    0.00    2.26        1
 GUPPI_J0636+51_56555_2    745.502  56555.2594069098291    0.00    1.93        1
 GUPPI_J0636+51_56585_4    892.630  56585.5404922890009    0.00    1.15        1
 GUPPI_J0636+51_56585_4    844.204  56585.5404923016033    0.00    1.44        1
 GUPPI_J0636+51_56585_4    793.418  56585.5404923008225    0.00    1.92        1
 GUPPI_J0636+51_56585_4    745.537  56585.5404922803227    0.00    1.95        1
 GUPPI_J0636+51_56585_4    892.769  56585.5421834215805    0.00    1.14        1
 GUPPI_J0636+51_56585_4    844.239  56585.5421834342968    0.00    1.30        1
 GUPPI_J0636+51_56585_4    793.408  56585.5421834336712    0.00    1.85        1
 GUPPI_J0636+51_56585_4    745.556  56585.5421834130547    0.00    2.07        1
 GUPPI_J0636+51_56586_1    893.722  56586.2192261757459    0.00    1.57        1
 GUPPI_J0636+51_56586_1    844.247  56586.2192261899422    0.00    1.10        1
 GUPPI_J0636+51_56586_1    793.407  56586.2192261893136    0.00    1.86        1
 GUPPI_J0636+51_56586_1    745.699  56586.2192261683526    0.00    1.33        1
 GUPPI_J0636+51_56586_1    893.239  56586.2224868369791    0.00    1.64        1
 GUPPI_J0636+51_56586_1    844.315  56586.2224868502862    0.00    1.11        1
 GUPPI_J0636+51_56586_1    793.419  56586.2224868496992    0.00    1.53        1
 GUPPI_J0636+51_56586_1    745.728  56586.2224868287487    0.00    1.34        1
 GUPPI_J0636+51_56586_1    892.947  56586.2257502780254    0.00    2.31        1
 GUPPI_J0636+51_56586_1    844.326  56586.2257502908813    0.00    0.98        1
 GUPPI_J0636+51_56586_1    793.403  56586.2257502904027    0.00    1.52        1
 GUPPI_J0636+51_56586_1    745.682  56586.2257502695070    0.00    1.04        1
 GUPPI_J0636+51_56586_1    892.326  56586.2276715566932    0.00    5.33        1
 GUPPI_J0636+51_56586_1    844.211  56586.2276715689678    0.00    2.67        1
 GUPPI_J0636+51_56586_1    793.379  56586.2276715682617    0.00    3.46        1
 GUPPI_J0636+51_56586_1    745.576  56586.2276715475533    0.00    2.34        1
 GUPPI_J0636+51_56611_4    893.435  56611.5694865295425    0.00    1.67        1
 GUPPI_J0636+51_56611_4    844.367  56611.5694865430152    0.00    1.22        1
 GUPPI_J0636+51_56611_4    793.380  56611.5694865426624    0.00    1.37        1
 GUPPI_J0636+51_56611_4    745.758  56611.5694865215304    0.00    1.74        1
 GUPPI_J0636+51_56611_4    893.539  56611.5711803545596    0.00    2.17        1
 GUPPI_J0636+51_56611_4    844.608  56611.5711803677496    0.00    1.21        1
 GUPPI_J0636+51_56611_4    793.237  56611.5711803681221    0.00    1.34        1
 GUPPI_J0636+51_56611_4    745.741  56611.5711803467335    0.00    1.45        1
 GUPPI_J0636+51_56637_3    891.769  56637.4104818290120    0.00    1.98        1
 GUPPI_J0636+51_56637_3    844.542  56637.4104818396373    0.00    1.40        1
 GUPPI_J0636+51_56637_3    794.226  56637.4104818377795    0.00    1.27        1
 GUPPI_J0636+51_56637_3    745.496  56637.4104818191107    0.00    1.14        1
 GUPPI_J0636+51_56637_3    891.701  56637.4121716340178    0.00    1.81        1
 GUPPI_J0636+51_56637_3    844.475  56637.4121716447771    0.00    1.35        1
 GUPPI_J0636+51_56637_3    794.233  56637.4121716427597    0.00    1.29        1
 GUPPI_J0636+51_56637_3    745.490  56637.4121716241222    0.00    1.23        1
 GUPPI_J0636+51_56669_3    893.691  56669.3868235899655    0.00    0.66        1
 GUPPI_J0636+51_56669_3    844.313  56669.3868236039334    0.00    0.96        1
 GUPPI_J0636+51_56669_3    793.364  56669.3868236035031    0.00    0.76        1
 GUPPI_J0636+51_56669_3    745.557  56669.3868235828137    0.00    0.96        1
 GUPPI_J0636+51_56669_3    893.921  56669.3885132689964    0.00    0.68        1
 GUPPI_J0636+51_56669_3    844.264  56669.3885132834394    0.00    0.84        1
 GUPPI_J0636+51_56669_3    793.340  56669.3885132829341    0.00    0.75        1
 GUPPI_J0636+51_56669_3    745.574  56669.3885132621737    0.00    0.85        1
 GUPPI_J0636+51_56670_8    893.336  56670.9553756743514    0.00    2.29        1
 GUPPI_J0636+51_56670_8    844.543  56670.9553756873661    0.00    1.60        1
 GUPPI_J0636+51_56670_8    793.409  56670.9553756872556    0.00    1.56        1
 GUPPI_J0636+51_56670_8    745.451  56670.9553756669225    0.00    0.92        1
 GUPPI_J0636+51_56670_8    893.437  56670.9570661257657    0.00    2.23        1
 GUPPI_J0636+51_56670_8    844.579  56670.9570661389639    0.00    1.74        1
 GUPPI_J0636+51_56670_8    793.391  56670.9570661388883    0.00    1.50        1
 GUPPI_J0636+51_56670_8    745.450  56670.9570661185405    0.00    1.09        1
