-226.3116118 -7.166233922e-06 2e-06
-226.3116117 -2.072678725e-06 2.35e-06
-226.3116117 -3.156811935e-06 3.6e-06
-226.3116116 -4.433893315e-06 8.11e-06
-226.3100703 1.947275112e-06 2.23e-06
-226.3100702 -3.742086101e-06 3.37e-06
-226.308529 4.085006118e-06 2.02e-06
-226.3085289 6.724464166e-07 1.83e-06
-226.3085288 -1.204064365e-06 2.78e-06
-226.3069911 3.152687116e-06 1.64e-06
-226.306991 -2.313161597e-06 1.59e-06
-226.3069909 2.605096645e-06 2.49e-06
-226.3069909 9.112509415e-07 8.51e-06
-226.3054491 1.257709165e-06 1.46e-06
-226.305449 -1.566217445e-06 1.44e-06
-226.3054489 -4.249275164e-06 2.61e-06
-226.3039064 -4.434792568e-06 1.75e-06
-226.3039063 -1.93046947e-06 1.32e-06
-226.3039063 4.746050882e-06 3.07e-06
-226.3039062 4.311150507e-07 7.75e-06
-226.3023743 4.115864583e-07 1.18e-06
-226.3023742 -3.577372994e-06 2.11e-06
-226.3023742 2.456894454e-06 6.77e-06
-226.3008293 -2.488239079e-06 1.42e-06
-226.3008292 -4.336905725e-07 1.14e-06
-226.3008291 7.500977351e-07 2.34e-06
-226.3008291 1.666289166e-06 5.29e-06
-226.2992837 -1.47571278e-06 1.12e-06
-226.2992837 2.472839662e-06 2.04e-06
-226.2992836 -3.668016403e-06 3.86e-06
-226.2978652 1.142709151e-06 2.06e-06
-226.2978651 -1.175095572e-06 1.14e-06
-226.297865 -2.639058205e-06 3.32e-06
-226.297865 2.896674111e-06 4.27e-06
-226.2964427 2.662996318e-06 1.42e-06
-226.2964426 -5.249512296e-07 9.7e-07
-226.2964425 -8.057601173e-07 1.76e-06
-226.2964425 -1.3319571e-07 3.66e-06
-226.2948996 2.573981848e-06 1.57e-06
-226.2948995 -1.662527716e-06 1.03e-06
-226.2948995 8.834996205e-07 2.04e-06
-226.2948994 1.244092092e-06 3.32e-06
-226.2933616 -2.028103216e-06 1.07e-06
-226.2933616 1.723034327e-08 1.86e-06
-226.2933615 -4.143629482e-06 3.68e-06
-226.2918189 8.542954532e-07 1.65e-06
-226.2918188 -1.82843303e-06 1.28e-06
-226.2918187 -1.709307566e-06 1.8e-06
-226.2918187 1.161591854e-07 3.52e-06
-226.2902835 -1.325697568e-06 1.41e-06
-226.2902834 2.785923565e-07 1.82e-06
-226.2902834 1.302048126e-06 4.25e-06
-226.2887374 -1.921990062e-07 1.64e-06
-226.2887373 -1.849000159e-07 1.79e-06
-226.2887373 1.017245127e-06 5.21e-06
-226.2871966 6.93289427e-08 1.39e-06
-226.2871965 -8.78089625e-07 2.04e-06
-226.2871965 2.03801355e-07 3.14e-06
-226.2871964 9.021258091e-06 6.7e-06
-226.285658 -3.329737127e-06 1.32e-06
-226.2856579 -5.156067558e-06 2.63e-06
-226.2856579 7.415228715e-07 2.58e-06
-226.2841165 -2.105382487e-06 1.24e-06
-226.2841164 -2.917404422e-06 3.08e-06
-226.2841163 -2.254583267e-06 1.74e-06
-226.282694 -3.872976979e-06 1.43e-06
-226.2826939 2.06383356e-06 3.19e-06
-226.2826938 -3.38228148e-07 2.45e-06
-226.2812729 -3.236841184e-06 1.27e-06
-226.2812728 2.044741529e-06 3.19e-06
-226.2812727 3.487632851e-06 2.31e-06
-226.2797317 -3.493859923e-06 3.39e-06
-226.2797316 2.351158117e-06 2.61e-06
-226.2781916 -1.043860878e-06 1.31e-06
-226.2781915 2.336507874e-06 2.92e-06
-226.2781914 4.10691892e-06 9.9e-06
-226.27665 -9.731308306e-07 1.37e-06
-226.2766499 -3.798168072e-06 2.65e-06
-226.2766498 -1.078378339e-06 3.53e-06
-226.2766498 -1.21348729e-06 8.81e-06
-226.2751112 -4.236715705e-06 1.37e-06
-226.2751111 -3.018172618e-06 2.51e-06
-226.2751111 -8.089458829e-06 4.88e-06
-226.2735675 -6.567406752e-09 1.58e-06
-226.2735674 -6.472245945e-08 2.14e-06
-226.2735674 9.397382552e-06 4.02e-06
-226.2735673 6.6791762e-06 5.17e-06
-226.2720275 4.968086454e-07 1.93e-06
-226.2720274 1.115043396e-05 3.84e-06
-226.2720274 -9.952416307e-07 5.46e-06
-226.2704881 -3.153408103e-06 1.97e-06
-226.270488 2.201122059e-06 1.73e-06
-226.270488 -2.038982939e-06 4.01e-06
-226.2704879 -9.58286034e-07 4.66e-06
-226.2689438 7.971639809e-07 1.6e-06
-226.2689438 5.151520042e-06 3.36e-06
-226.2689437 9.39802327e-06 4.49e-06
-226.2675258 -3.346606397e-06 2.4e-06
-226.2675257 -6.462444486e-07 1.7e-06
-226.2675256 -2.028391102e-06 2.91e-06
-226.2675256 1.293487695e-06 4.25e-06
-226.2661027 -7.425278754e-07 2.3e-06
-226.2661026 -8.887275531e-07 1.49e-06
-226.2661025 -1.123810868e-06 2.89e-06
-226.2661025 6.686490617e-06 4.02e-06
-226.2645629 -9.123198966e-08 2.37e-06
-226.2645628 -2.39920517e-07 1.36e-06
-226.2645627 9.838933692e-06 3.27e-06
-226.2645627 7.02770655e-06 4.18e-06
-226.2630225 -4.426624752e-06 2.52e-06
-226.2630224 -1.378430195e-06 1.31e-06
-226.2630223 8.04188806e-06 5.01e-06
-226.2630223 4.009064808e-06 4.21e-06
-226.2614826 -7.257822171e-06 2.38e-06
-226.2614825 -1.88967998e-06 1.29e-06
-226.2614824 8.48700622e-06 4.59e-06
-226.2614824 -3.85131211e-06 5.09e-06
-226.2599425 1.623803273e-06 1.91e-06
-226.2599424 -4.623987854e-07 1.39e-06
-226.2599424 -7.686245156e-07 3.32e-06
-226.2599423 9.727461487e-06 5.66e-06
-226.258404 -8.289647323e-06 2.62e-06
-226.2584039 -7.955881862e-07 1.25e-06
-226.2584038 -1.315748142e-06 3.1e-06
-226.2584038 -1.566926326e-06 7.79e-06
-226.2568602 -1.496406405e-06 2.56e-06
-226.2568601 -1.972659103e-06 1.58e-06
-226.25686 -3.864743427e-06 3.81e-06
-226.25686 1.328535028e-05 9.28e-06
-226.2553179 -8.623086438e-07 2.16e-06
-226.2553178 1.336564711e-07 1.55e-06
-226.2553178 2.780057165e-06 4.76e-06
-226.2537767 -4.449907575e-06 2.47e-06
-226.2537766 1.602664931e-06 1.47e-06
-226.2537766 3.041167136e-06 3.44e-06
-226.2523607 5.896569024e-06 2.26e-06
-226.2523606 9.052897537e-08 1.78e-06
-226.2523605 1.047799103e-05 4.03e-06
-226.2509296 -3.628857759e-06 1.77e-06
-226.2509295 -3.526510807e-06 2e-06
-226.2509295 7.542453125e-06 4.13e-06
-226.2493875 -6.786103381e-06 3.15e-06
-226.2493874 -2.603502233e-06 2.28e-06
-226.2493873 3.046668555e-06 3.24e-06
-226.2478538 1.63827232e-06 2.52e-06
-226.2478537 2.434590383e-07 2.12e-06
-226.2478536 6.204266782e-06 3.06e-06
-226.2463136 -4.443786343e-06 2.48e-06
-226.2463136 -3.611562258e-06 2.97e-06
-226.2463135 1.301727443e-05 6.85e-06
-226.2447694 1.454063769e-06 2.74e-06
-226.2447693 2.864992922e-06 3.71e-06
-226.2447693 1.063232026e-06 3.7e-06
-226.2439253 8.560343462e-06 3.88e-06
-259.4720214 1.275539591e-06 2.61e-06
-259.4720213 1.645279822e-06 8.41e-06
-259.4704829 2.692176621e-06 2.59e-06
-259.4704829 -7.435102486e-06 7.33e-06
-259.4704828 1.042203964e-05 8.6e-06
-259.4689412 2.963768971e-07 2.56e-06
-259.4673991 3.235742468e-06 3.14e-06
-259.4673991 -5.608151538e-06 9.67e-06
-259.4673991 1.307440221e-05 9.49e-06
-259.4658553 -1.25598543e-06 2.8e-06
-259.4658553 -5.530110847e-06 9.26e-06
-259.4658553 1.09055464e-05 9.47e-06
-259.4643155 -4.752114543e-06 3.49e-06
-259.4643155 -1.053056992e-05 7.71e-06
-259.4643155 -1.219816993e-07 8.9e-06
-259.4643154 3.354299694e-06 9.02e-06
-259.4627794 -1.283811055e-06 4.08e-06
-259.4627793 6.309881656e-06 9.91e-06
-259.4627793 9.544378115e-06 9.81e-06
-259.4612395 -4.335465549e-06 4.04e-06
-259.4612394 6.941015195e-06 9.87e-06
-259.4596951 6.93372413e-06 4.64e-06
-259.459695 9.051493259e-06 7.79e-06
-259.4581554 -3.045475266e-06 4.75e-06
-259.4581554 -2.512989651e-06 9.93e-06
-259.4566139 4.225434729e-06 6.8e-06
-259.4566138 8.08428889e-06 7.16e-06
-259.4550772 -5.260666893e-07 6.99e-06
-259.4550771 9.645345755e-06 8.58e-06
-259.453535 3.783715901e-06 8.28e-06
-259.4535349 -9.234230878e-06 8.25e-06
-259.4519931 8.614335062e-06 7.59e-06
-259.4519931 1.262460641e-05 7.08e-06
-259.4504526 8.416856961e-06 9.65e-06
-259.4504526 5.837047401e-06 7.07e-06
-259.4489116 9.169435345e-06 7.23e-06
-259.4473716 7.150717154e-06 7.01e-06
-259.4473715 1.056598212e-05 6.53e-06
-259.4458311 -1.029438691e-05 6.35e-06
-259.445831 7.662630304e-06 8.43e-06
-259.445831 7.050411676e-07 5.89e-06
-259.4442901 5.073807102e-06 4.36e-06
-259.44429 -9.49825363e-07 7.88e-06
-259.44429 3.745561757e-06 6.24e-06
-259.44275 -1.433887829e-07 3.44e-06
-259.44275 -1.132616773e-06 5.68e-06
-259.4427499 3.708272356e-06 6.18e-06
-259.441209 -1.593939283e-06 2.77e-06
-259.441209 4.954301048e-06 8.58e-06
-259.4412089 2.300655455e-06 6.23e-06
-259.4396702 -4.08465208e-07 2.49e-06
-259.4396702 -6.528649093e-06 6.71e-06
-259.4396701 1.233979858e-05 4.66e-06
-259.4381297 2.401628276e-06 2.21e-06
-259.4381296 4.77099031e-06 6.03e-06
-259.4381296 9.962201558e-06 8.28e-06
-259.4381296 -2.337927317e-06 4.17e-06
-259.436589 -1.644692941e-06 1.92e-06
-259.436589 -1.638714926e-06 5.46e-06
-259.436589 5.673232704e-06 9.39e-06
-259.4365889 7.50090994e-06 4.4e-06
-259.4350494 2.769784695e-06 1.78e-06
-259.4350493 7.677717485e-07 6.53e-06
-259.4350493 1.049911577e-05 8e-06
-259.4350493 -7.542879619e-07 5.05e-06
-259.433508 1.486888821e-06 2.04e-06
-259.433508 -4.769616551e-06 5.42e-06
-259.433508 -6.185284741e-06 5.16e-06
-259.4335079 4.247189212e-06 4.75e-06
-259.4319662 -1.20433091e-06 1.95e-06
-259.4319661 -5.530276548e-06 4.64e-06
-259.4319661 -7.703499494e-06 5.42e-06
-259.4319661 -8.271770295e-07 4.75e-06
-259.4304226 3.685355187e-06 1.98e-06
-259.4304226 -4.640573181e-06 5.73e-06
-259.4304226 3.362900981e-06 4.6e-06
-259.4304225 2.55646203e-06 5.92e-06
-259.428883 -4.14025583e-07 2.07e-06
-259.428883 5.430024768e-06 4.77e-06
-259.428883 3.191118659e-06 4.69e-06
-259.4288829 1.183672329e-05 6.06e-06
-259.4273447 3.667166901e-06 2.25e-06
-259.4273447 -6.854973986e-06 4.42e-06
-259.4273447 -1.004777666e-06 4.32e-06
-259.4273446 -2.811565912e-06 9.66e-06
-259.4258054 -1.605936162e-06 2.56e-06
-259.4258053 8.700957576e-07 4.67e-06
-259.4258053 2.024846884e-06 5.01e-06
-259.4258053 1.029389512e-05 8.04e-06
-259.424264 2.408562649e-06 2.72e-06
-259.4242639 -7.666786709e-06 4.82e-06
-259.4242639 6.244870543e-06 4.69e-06
-259.4227209 -1.613768571e-06 2.87e-06
-259.4227208 3.197837009e-06 4.07e-06
-259.4227208 9.459345625e-06 5.11e-06
-259.4211801 7.281696289e-07 2.9e-06
-259.42118 -1.935020986e-06 3.61e-06
-259.42118 3.165899055e-06 3.78e-06
-259.4196405 3.123189397e-06 2.72e-06
-259.4196404 6.536751161e-06 2.97e-06
-259.4196404 5.669923793e-06 4.16e-06
-259.4181 2.615809621e-06 2.78e-06
-259.4180999 9.225902852e-07 3.19e-06
-259.4180999 4.251476947e-06 4.01e-06
-259.4165587 4.108519015e-06 2.74e-06
-259.4165586 4.589373315e-07 2.75e-06
-259.4165586 2.831366965e-06 3.95e-06
-259.4150211 -1.172650781e-06 2.48e-06
-259.415021 1.631384076e-06 2.61e-06
-259.415021 4.273935586e-06 3.88e-06
-259.4134774 -3.307748648e-07 2.32e-06
-259.4134774 -9.019967646e-07 2.54e-06
-259.4134774 4.341667981e-06 3.48e-06
-259.4119372 1.320724709e-06 2.11e-06
-259.4119372 -3.357042047e-07 2.24e-06
-259.4119372 6.067944139e-06 2.97e-06
-259.4107721 4.484126818e-06 3.44e-06
-259.4107721 -6.718462029e-07 3.18e-06
-259.4107721 -1.946315133e-06 3.93e-06
-684.7642012 -8.085583868e-06 3.47e-06
-684.7466905 -3.6326952e-06 4.89e-06
-684.7466918 -1.200032479e-06 3.61e-06
-684.7451752 -4.980526871e-06 4.49e-06
-684.7451764 -2.836867124e-06 3.07e-06
-684.7441854 -7.904614125e-07 7.29e-06
-684.7441867 -5.959759363e-06 5.29e-06
-683.3196234 1.229181593e-05 7.02e-06
-683.3196247 -4.611106849e-07 4.66e-06
-683.3181088 8.46047115e-06 7.18e-06
-683.3181101 -1.485412164e-06 3.66e-06
-683.3165962 -2.440964293e-06 4.73e-06
-683.3150812 6.934218644e-07 7.59e-06
-683.3150825 6.790528891e-06 4.03e-06
-683.3139151 -4.412217229e-06 7.79e-06
-683.3139164 -4.492239564e-06 5.79e-06
-682.9485434 3.308050151e-06 4.22e-06
-682.9485447 -3.011477335e-06 3.56e-06
-682.9470285 3.435913729e-06 4.14e-06
-682.9470298 3.219699413e-06 2.96e-06
-682.9455142 -3.638119204e-07 3.85e-06
-682.9455154 -7.056770576e-08 3.2e-06
-682.9440004 1.255183736e-06 3.72e-06
-682.9440017 1.738510387e-06 2.9e-06
-682.9428351 -1.925000935e-06 6.1e-06
-682.9428363 6.843530582e-07 3.89e-06
-669.3711342 2.178067468e-06 5.13e-06
-669.3711355 -1.804657681e-06 3.22e-06
-669.3696194 -4.78668034e-07 4.49e-06
-669.3696207 3.860172275e-07 2.9e-06
-669.3686874 1.154347805e-06 7.97e-06
-669.3686887 7.181004997e-06 5.84e-06
-667.4389765 -1.206165223e-06 3.97e-06
-667.4389778 -6.738924479e-06 3.21e-06
-667.4374628 6.718847483e-06 4.07e-06
-667.4374641 6.772091932e-07 3.1e-06
-667.4359483 -5.87761325e-06 3.58e-06
-667.4359495 -2.075585652e-06 3.52e-06
-667.4344342 3.637975391e-06 4.21e-06
-667.4344355 2.844650257e-06 2.66e-06
-667.4332692 -2.112975606e-06 5.68e-06
-667.4332705 -4.854014295e-06 4.22e-06
-667.4318155 -2.397152292e-06 3.95e-06
-667.4318167 1.011128386e-06 3.55e-06
-667.4143148 1.282217625e-06 4.21e-06
-667.414316 -4.36575764e-06 2.91e-06
-667.4128005 3.822682284e-06 4.47e-06
-667.4128018 -4.220087469e-06 2.88e-06
-667.4118687 5.211854713e-06 8.23e-06
-667.4118699 -4.787047204e-06 4.6e-06
-667.2967655 -6.951543903e-06 5.08e-06
-667.2967668 -5.204192375e-07 3.02e-06
-667.295251 -4.663477465e-06 6.73e-06
-667.2952523 -4.476876514e-06 2.94e-06
-667.2937353 -1.716358973e-06 5.12e-06
-667.2937366 -9.199449954e-06 2.94e-06
-667.2922227 3.999422155e-07 3.77e-06
-667.292224 -5.367327116e-06 2.93e-06
-667.2910568 -8.03281416e-06 7.23e-06
-667.2910581 -1.787188479e-06 3.31e-06
-666.7874295 4.408081997e-06 2.77e-06
-666.7874307 -1.896816959e-06 3.38e-06
-666.7859149 2.18971472e-06 3.53e-06
-666.7859161 -4.143656707e-06 3.53e-06
-666.7849826 2.572008979e-06 7.45e-06
-666.7849838 -6.784213697e-06 7.07e-06
-665.239431 6.407174365e-06 4.43e-06
-665.2394323 2.941024347e-06 4.21e-06
-665.2379154 1.023080257e-05 5.12e-06
-665.2379166 -8.395459656e-07 3.5e-06
-665.2364007 5.035502558e-06 4.82e-06
-665.2364019 1.536156182e-06 3.46e-06
-665.2348859 5.788132962e-06 5.11e-06
-665.2348872 2.086419829e-06 4.3e-06
-665.2337223 2.603096918e-06 7.54e-06
-665.2337236 3.147016985e-06 7.39e-06
-665.2232638 3.447830498e-06 5.14e-06
-665.223265 -4.409124614e-06 4.26e-06
-665.221746 -4.37299069e-07 4.05e-06
-665.2217473 -1.066428021e-06 3.78e-06
-665.2202325 6.253142928e-06 4.26e-06
-665.2202338 -3.033815121e-06 4.49e-06
-665.2187195 -4.503384926e-08 5.38e-06
-665.2187207 3.261911087e-06 4.49e-06
-665.2172034 6.327095445e-06 4.57e-06
-665.2172047 -1.510553147e-06 4.25e-06
-665.2156888 -2.235613938e-07 4.09e-06
-665.2156901 4.841041644e-06 4.63e-06
-665.2141736 1.431944835e-06 4.22e-06
-665.2141748 -1.258156648e-06 4.57e-06
-665.2126594 2.94588015e-06 4.16e-06
-665.2126606 -1.909462387e-06 3.41e-06
-665.2113799 7.238406701e-07 6.66e-06
-665.2113811 9.161505875e-06 5.31e-06
-665.0947994 8.120043994e-06 5.72e-06
-665.0948007 -6.691433151e-06 5.09e-06
-665.0932847 6.543135049e-06 5.96e-06
-665.093286 1.592054556e-06 4.82e-06
-665.092354 6.323962401e-06 9.46e-06
-663.1012288 2.366673153e-06 8.76e-06
-663.1012301 3.666347597e-06 4.82e-06
-663.0997142 7.037786402e-06 5.96e-06
-663.0997155 2.333790452e-06 5.27e-06
-663.098783 9.478830114e-08 7.7e-06
-661.0799011 5.337068008e-06 5.11e-06
-661.0799024 -9.010308933e-06 2.96e-06
-661.0783864 1.550029469e-06 4.16e-06
-661.0783876 -1.240224034e-06 2.96e-06
-661.0774545 7.589024367e-06 8.89e-06
-661.0774558 -7.127414884e-06 5.7e-06
-660.3551714 1.618532883e-05 6.56e-06
-660.3551727 -5.163203363e-06 4.16e-06
-660.3536574 5.55434353e-06 7.32e-06
-660.3536586 7.492604624e-06 3.55e-06
-660.352142 -8.271441662e-06 6.36e-06
-660.3521433 2.365383343e-06 3.9e-06
-660.3506277 7.929609403e-07 5.5e-06
-660.350629 -1.307514971e-06 3.3e-06
-660.3494627 1.334992996e-05 8.55e-06
-660.349464 3.05396474e-06 4.89e-06
-659.9409294 -9.802470577e-08 5.94e-06
-659.9409307 -4.066434503e-06 4.32e-06
-659.9394146 3.889824446e-06 7.23e-06
-659.9394158 2.841618345e-06 4.01e-06
-659.9384841 -1.242007752e-05 9.31e-06
-117.810799 3.257672411e-06 3.28e-06
-117.8108002 -3.602636216e-06 2.28e-06
-117.8092148 8.388970523e-06 3.17e-06
-117.809216 -2.715417538e-06 2.16e-06
-117.8076306 1.901695924e-06 3.1e-06
-117.8076318 -1.340618185e-06 2.04e-06
-117.8060465 -3.543007626e-06 3.61e-06
-117.8060477 -1.611734171e-06 2.2e-06
-117.8044623 4.741961736e-06 3.04e-06
-117.8044635 1.354678735e-06 2.1e-06
-117.8028782 4.581888661e-06 3.06e-06
-117.8028794 -2.754418572e-06 2.4e-06
-117.801294 2.92152313e-06 2.65e-06
-117.8012953 -5.137856768e-06 1.89e-06
-117.7997099 4.74765434e-06 2.97e-06
-117.7997111 -2.952719723e-06 2.26e-06
-117.7981258 5.898308267e-06 2.99e-06
-117.798127 -1.034021009e-06 2.45e-06
-117.7965416 7.99732035e-07 2.87e-06
-117.7965428 -8.782580402e-06 2.57e-06
-117.7949575 1.937102842e-06 2.8e-06
-117.7949587 1.378677809e-07 2.2e-06
-117.7933736 1.704027856e-06 2.85e-06
-117.7933749 -6.942223837e-06 2.27e-06
-117.7917877 5.181611685e-06 3.09e-06
-117.7917889 -2.446794631e-07 2.22e-06
-117.7902047 3.275975835e-06 2.94e-06
-117.7902059 -1.97080532e-06 2.34e-06
-117.7886207 4.136299551e-06 2.87e-06
-117.7886219 -3.828039486e-06 2.45e-06
-117.7870384 4.795192079e-06 2.82e-06
-117.7870396 -2.096590989e-06 2.23e-06
-117.785453 2.737559865e-06 3.5e-06
-117.7854542 -2.856124913e-06 2.31e-06
-117.7838684 9.636643668e-06 3.05e-06
-117.7838696 -6.81371642e-06 2.25e-06
-117.7822843 7.401804744e-06 3.04e-06
-117.7822855 -3.872000539e-06 2.07e-06
-117.7807001 7.580880395e-06 2.77e-06
-117.7807013 -6.170398027e-07 2.26e-06
-117.7791159 2.510925247e-06 2.76e-06
-117.7791172 -7.864458589e-07 2.09e-06
-117.7775318 -6.950574493e-07 2.61e-06
-117.7775331 4.6144839e-07 2.38e-06
-117.7759476 5.781623475e-06 3.09e-06
-117.7759489 -3.560017463e-06 2.42e-06
-117.7743635 5.827388056e-06 3.3e-06
-117.7743647 -1.188027966e-06 2.22e-06
-117.7727793 1.941527128e-06 2.89e-06
-117.7727806 -1.113256154e-06 2.12e-06
-117.7711952 3.204886543e-06 2.75e-06
-117.7711964 -8.114133953e-07 2.34e-06
-117.7696111 2.446798348e-06 2.84e-06
-117.7696123 -2.741607996e-07 2.18e-06
-117.7680269 1.409409111e-06 2.95e-06
-117.7680281 6.266570719e-07 2e-06
-117.7664427 8.787293445e-06 3.47e-06
-117.7664439 -3.731662077e-06 2.06e-06
-117.7648586 -1.141143621e-06 2.99e-06
-117.7648598 -2.693599976e-06 2.17e-06
-117.7632744 3.486515095e-06 2.83e-06
-117.7632756 -2.110154841e-06 1.89e-06
-117.7616903 9.031464217e-06 2.87e-06
-117.7616915 1.261128967e-06 2.08e-06
-117.7601061 3.597217249e-06 2.68e-06
-117.7601074 -2.520076925e-06 2.15e-06
-117.758522 6.109191555e-06 2.81e-06
-117.7585232 -1.05261027e-06 2.09e-06
-117.7569378 6.268230741e-06 2.69e-06
-117.7569391 -6.421780072e-06 1.98e-06
-117.7553536 2.547693259e-06 2.5e-06
-117.7553549 -4.324510293e-06 2.32e-06
-117.7537695 5.15992942e-06 2.73e-06
-117.7537707 -2.293579931e-06 2.42e-06
-117.7521854 8.997317637e-06 3.02e-06
-117.7521866 8.625460722e-07 2.07e-06
-117.7506012 3.145029592e-06 2.83e-06
-117.7506024 -7.773248363e-06 2.25e-06
-117.7495045 7.791790173e-06 4.69e-06
-117.7495057 -1.209447897e-06 3.06e-06
-117.7484078 1.737733879e-06 2.77e-06
-117.748409 -1.51438037e-06 2.5e-06
-117.7468237 3.764061003e-06 2.96e-06
-117.7468249 -7.384779128e-07 2.04e-06
-117.7452395 3.370973631e-06 2.66e-06
-117.7452407 -3.643070705e-06 2.26e-06
-117.7436553 3.459227141e-06 2.93e-06
-117.7436566 -1.844658114e-06 2.36e-06
-117.7425642 8.252325876e-06 4.47e-06
-117.7425654 -8.067800846e-06 3.81e-06
457.9275868 8.638928003e-06 3.19e-06
457.9275855 -2.387863901e-06 1.53e-06
457.9291806 6.531525117e-06 3.34e-06
457.9291793 -1.130844819e-06 1.6e-06
-226.3959465 -2.310087996e-07 7.6e-07
-226.3959466 -1.570473854e-06 1.37e-06
-226.3959467 -3.849060155e-08 9.5e-07
-226.3959468 -1.449389698e-06 1.68e-06
-226.3943325 -4.420202365e-07 7.7e-07
-226.3943326 -3.034563572e-07 1.29e-06
-226.3943327 -2.018165829e-07 8.8e-07
-226.3943328 1.204599687e-06 1.54e-06
-226.3927184 1.089089575e-06 9.4e-07
-226.3927185 -5.521395542e-07 1.44e-06
-226.3927186 4.955923554e-07 8.6e-07
-226.3927187 -1.880732434e-06 1.56e-06
-226.3911044 -1.935298423e-06 1.12e-06
-226.3911044 2.480649481e-06 1.64e-06
-226.3911045 1.020581046e-06 8.8e-07
-226.3911047 7.010338478e-08 1.46e-06
-226.3894904 -8.446365822e-07 1.21e-06
-226.3894904 2.077955874e-06 1.69e-06
-226.3894905 2.255712452e-07 1.04e-06
-226.3894907 6.265853074e-07 1.43e-06
-226.387878 -2.391261727e-06 2.06e-06
-226.387878 -6.745714901e-07 1.68e-06
-226.3878781 1.182489337e-06 1.17e-06
-226.3878783 1.739068572e-06 2.17e-06
-226.3862622 -1.377225506e-06 1.3e-06
-226.3862623 -4.367398053e-07 1.28e-06
-226.3862624 -1.027675592e-06 1e-06
-226.3862625 -1.943482766e-07 1.55e-06
-226.3846482 -2.576296533e-06 1.27e-06
-226.3846483 -6.036071668e-07 1.24e-06
-226.3846484 -7.187540918e-07 9.5e-07
-226.3846485 1.955516469e-06 1.45e-06
-226.3830342 -2.646403819e-06 1.32e-06
-226.3830343 -1.394320808e-06 1.43e-06
-226.3830344 -5.122778382e-07 1e-06
-226.3830345 1.031723726e-06 1.41e-06
-226.3814201 5.576625806e-07 1.27e-06
-226.3814202 -4.138905217e-08 1.41e-06
-226.3814203 1.977663749e-07 1.06e-06
-226.3814204 1.097408443e-06 1.43e-06
-226.379807 -1.366152286e-06 1.29e-06
-226.379807 -1.250430087e-06 1.37e-06
-226.3798071 -1.78177689e-06 1.14e-06
-226.3798073 -3.136004653e-07 1.43e-06
-226.3781915 -4.914515534e-07 1.33e-06
-226.3781915 -1.955694994e-06 1.16e-06
-226.3781916 -2.097743007e-06 1.12e-06
-226.3781918 -2.218793974e-06 1.51e-06
-226.3765781 -9.039145773e-07 1.36e-06
-226.3765781 -9.48463754e-07 1.09e-06
-226.3765782 8.735804469e-07 9.9e-07
-226.3765784 8.072021633e-07 1.51e-06
-226.374964 -2.534532574e-06 1.38e-06
-226.3749641 6.694669069e-08 9.5e-07
-226.3749642 -7.153091616e-07 9.2e-07
-226.3749643 9.77590276e-07 1.35e-06
-226.37335 -5.557117463e-07 1.46e-06
-226.3733501 -1.22484356e-06 9.6e-07
-226.3733502 -4.199424414e-07 8.8e-07
-226.3733503 3.573438383e-07 1.24e-06
-226.371735 -6.611694106e-07 1.46e-06
-226.3717351 9.208240114e-07 9.2e-07
-226.3717352 1.110583731e-06 9.1e-07
-226.3717353 7.574616225e-07 1.13e-06
-226.3701218 -1.882221173e-06 1.48e-06
-226.3701219 9.324671258e-08 9.1e-07
-226.370122 -1.530854865e-06 9.8e-07
-226.3701221 -2.29563588e-07 1.23e-06
-226.3685079 4.873661552e-07 1.35e-06
-226.3685079 -2.427088843e-06 8.9e-07
-226.368508 4.788501729e-07 1.01e-06
-226.3685082 -1.403835672e-06 1.4e-06
-226.3668938 -7.344726834e-07 1.34e-06
-226.3668938 1.48302533e-06 7.7e-07
-226.3668939 7.795532078e-07 9e-07
-226.3668941 1.409213658e-06 1.3e-06
-226.3652798 -1.045461347e-06 1.29e-06
-226.3652799 -9.212478217e-07 7.6e-07
-226.36528 -4.61124051e-07 8.1e-07
-226.3652801 -2.182738821e-06 1.22e-06
-226.3636653 -2.212443885e-06 1.11e-06
-226.3636654 -1.382373535e-06 7.4e-07
-226.3636655 -6.520318676e-07 7.9e-07
-226.3636656 1.635828599e-06 1.34e-06
-226.3620517 -1.912036102e-06 1.12e-06
-226.3620517 -1.095801185e-06 8e-07
-226.3620518 -1.883795727e-07 8.1e-07
-226.362052 1.434265615e-06 1.35e-06
-226.3604394 -7.059901668e-07 1.17e-06
-226.3604395 2.046799981e-07 7.7e-07
-226.3604396 1.003587522e-06 8e-07
-226.3604397 -2.854373164e-07 1.25e-06
-226.3588236 -3.077930575e-06 1.11e-06
-226.3588237 -1.99743804e-07 8.1e-07
-226.3588238 -6.061700122e-07 7.5e-07
-226.3588239 1.71508513e-06 1.29e-06
-226.3572099 -1.391611813e-06 1.09e-06
-226.35721 -7.34150212e-07 7.8e-07
-226.3572101 1.581166121e-07 7.8e-07
-226.3572102 1.277511058e-06 1.31e-06
-226.3555953 -1.930191945e-07 1.13e-06
-226.3555954 -5.825140136e-07 7.3e-07
-226.3555955 5.245872075e-08 8.1e-07
-226.3555956 -3.170553199e-07 1.18e-06
-226.3539814 -1.719441748e-09 1.08e-06
-226.3539815 -6.682217936e-07 7.2e-07
-226.3539816 -1.189287064e-06 7.5e-07
-226.3539817 2.157179693e-07 1.1e-06
-226.352368 -1.612346802e-06 1.08e-06
-226.352368 -1.005479728e-06 7.2e-07
-226.3523681 1.055610673e-07 8.7e-07
-226.3523683 1.218919939e-06 1.1e-06
-226.3507534 -1.045773858e-06 1.08e-06
-226.3507534 -8.723500109e-07 7e-07
-226.3507535 9.366692765e-07 9.2e-07
-226.3507537 -6.803619229e-07 1.08e-06
-226.3491398 -2.241176869e-06 1.01e-06
-226.3491399 -1.097452283e-06 7.3e-07
-226.34914 -1.159273607e-06 9.1e-07
-226.3491401 1.769289785e-07 1.1e-06
-226.3475274 -1.554182713e-06 9.6e-07
-226.3475275 -6.34226771e-07 7.4e-07
-226.3475276 -1.427506174e-06 9.5e-07
-226.3475277 5.173837853e-07 1.07e-06
-226.3459083 -7.532985594e-07 8.5e-07
-226.3459084 -7.484229515e-07 7.7e-07
-226.3459085 1.068515822e-06 9.4e-07
-226.3459086 1.070593222e-06 1.11e-06
-226.3442972 -1.178615371e-07 8.2e-07
-226.3442973 -4.492413066e-07 8e-07
-226.3442974 3.646794657e-07 1.06e-06
-226.3442975 -4.902331916e-07 1.08e-06
-226.3426832 -1.123347326e-06 8.8e-07
-226.3426832 3.057511816e-07 9.3e-07
-226.3426833 4.517512116e-07 1.08e-06
-226.3426835 -5.717738192e-07 1.13e-06
-226.3410692 -5.14724926e-07 8.8e-07
-226.3410692 -1.88831161e-06 1e-06
-226.3410693 -1.445505254e-06 1.06e-06
-226.3410695 1.378803188e-06 1.04e-06
-226.3394551 -1.589485208e-06 8.7e-07
-226.3394552 -3.157218878e-06 1.12e-06
-226.3394553 4.506516719e-07 1.12e-06
-226.3394554 -9.598060566e-08 1.03e-06
-226.337841 -1.098322992e-06 8.5e-07
-226.3378411 3.347221586e-07 1.19e-06
-226.3378412 -2.770732498e-06 1.03e-06
-226.3378413 9.496091425e-07 1.06e-06
-226.336228 -1.07201156e-07 8.5e-07
-226.3362281 -8.029822983e-08 1.21e-06
-226.3362282 -1.147118766e-06 1.21e-06
-226.3362283 -1.380002957e-06 1.06e-06
-226.3346132 -1.46996236e-06 8.8e-07
-226.3346132 -1.804513227e-06 1.31e-06
-226.3346133 1.955396391e-06 1.29e-06
-226.3346135 2.063195347e-06 1.08e-06
-226.3334948 -3.189377981e-06 1.44e-06
-226.3334949 -3.274847187e-06 2.16e-06
-226.333495 -1.636070489e-06 2.08e-06
-226.3334951 -1.109606387e-06 1.69e-06
-226.3323782 -1.567675664e-06 8e-07
-226.3323782 1.629641221e-06 1.42e-06
-226.3323783 -1.348903161e-06 1.17e-06
-226.3323785 -2.433842758e-07 1.01e-06
-226.3307666 -1.592053179e-06 8.4e-07
-226.3307666 -2.098465483e-07 1.65e-06
-226.3307667 -9.029951026e-08 1.19e-06
-226.3307669 9.468838931e-07 9.7e-07
-226.3291512 -1.526219561e-06 9.7e-07
-226.3291513 -1.62934186e-06 1.55e-06
-226.3291514 -2.092667352e-06 1.15e-06
-226.3291515 -7.791778581e-07 1.07e-06
-226.3278811 -1.194053799e-06 1.29e-06
-226.3278811 -1.976443336e-06 2.17e-06
-226.3278812 -2.10319246e-07 1.48e-06
-226.3278814 6.882168692e-07 1.43e-06
366.9388838 1.986007513e-06 2.53e-06
366.9388838 -2.306880619e-06 2.01e-06
366.9388837 -1.012928216e-06 2.88e-06
366.9388835 2.34370738e-06 2.27e-06
366.9404977 1.808530221e-06 2.7e-06
366.9404976 -2.190609335e-06 2.32e-06
366.9404975 -1.825988139e-06 2.9e-06
366.9404974 6.121898802e-08 2.27e-06
366.9421117 -1.845066894e-06 2.55e-06
366.9421116 -2.232953921e-06 2.28e-06
366.9421115 7.70338144e-08 2.44e-06
366.9421114 2.658420022e-06 2.63e-06
366.943725 -5.581534835e-06 2.78e-06
366.9437249 -2.600320474e-06 2.83e-06
366.9437248 4.131909883e-06 2.68e-06
366.9437247 -2.499990984e-06 2.28e-06
366.9453396 2.72911068e-07 2.41e-06
366.9453395 -1.071916947e-07 3.17e-06
366.9453394 1.289612857e-06 2.63e-06
366.9453393 -4.89373295e-07 2.24e-06
366.9469524 -4.537606385e-06 2.5e-06
366.9469524 5.161499086e-06 2.9e-06
366.9469523 -1.352052265e-06 3.02e-06
366.9469521 -1.735445748e-06 2.32e-06
366.9480706 1.696142145e-06 3.78e-06
366.9480703 -1.130100396e-06 3.87e-06
389.8919487 2.394712934e-06 1.66e-06
389.8919486 -2.596051089e-06 2.31e-06
389.8919485 -1.66052925e-06 8.3e-07
389.8919484 1.905167095e-07 5.7e-07
389.8935632 3.091718834e-06 1.99e-06
389.8935631 -2.880552242e-06 2.29e-06
389.893563 6.547927766e-07 8.8e-07
389.8935629 -8.535261949e-07 5.6e-07
389.8951778 -2.588158434e-06 2.17e-06
389.8951777 -1.20246376e-06 2.52e-06
389.8951776 5.53313161e-07 8.8e-07
389.8951775 -2.194194864e-07 5.6e-07
389.8967895 6.710066063e-07 2.31e-06
389.8967894 1.763380692e-06 2.4e-06
389.8967893 -1.325640884e-06 9.3e-07
389.8967892 -1.333173163e-06 5.7e-07
389.8977665 -1.045847216e-06 1.97e-06
389.8977664 1.029459945e-06 1.22e-06
419.7983384 -2.079461636e-06 1.02e-06
419.7983384 1.699866834e-06 1.69e-06
419.7983383 3.468905989e-07 2.41e-06
419.7983381 3.321374539e-07 2.92e-06
419.7999537 -2.017851437e-06 1.04e-06
419.7999537 -4.542017089e-07 1.73e-06
419.7999536 2.960386038e-06 2.5e-06
419.7999534 -4.08315236e-06 3.02e-06
419.8015669 7.594713804e-07 1.08e-06
419.8015669 4.717184687e-07 1.7e-06
419.8015668 2.214536063e-06 2.31e-06
419.8015666 -2.90323858e-06 2.87e-06
419.8030365 -1.347924075e-06 1.28e-06
419.8030365 3.359862395e-06 1.94e-06
419.8030364 2.337361266e-06 2.68e-06
419.8030362 -5.65643215e-06 2.99e-06
449.5432527 6.965168095e-07 1.33e-06
449.5432526 -9.6128879e-07 1.51e-06
449.5432525 1.513879934e-06 1.31e-06
449.5432524 -2.898777402e-06 1.47e-06
449.5448676 -1.824098183e-06 1.18e-06
449.5448676 8.425646339e-07 1.4e-06
449.5448675 -1.531752198e-06 1.3e-06
449.5448673 -1.515442065e-06 1.59e-06
449.5464816 1.37123837e-06 1.12e-06
449.5464816 -1.108897402e-06 1.35e-06
449.5464815 6.684086019e-07 1.34e-06
449.5464813 4.50604963e-08 1.33e-06
449.5480939 -1.060895139e-06 1.05e-06
449.5480939 -5.241753211e-07 1.29e-06
449.5480938 5.036058991e-07 1.37e-06
449.5480936 -1.386256345e-06 1.4e-06
449.5490879 3.192339667e-07 2.05e-06
449.5490879 5.639569266e-06 2.95e-06
449.5490878 -9.923498872e-07 2.93e-06
449.5490876 -6.139113804e-06 3.03e-06
480.4552831 -2.004120521e-06 1.64e-06
480.455283 6.732777074e-07 8.4e-07
480.4552829 9.11667628e-07 9.5e-07
480.4552828 4.128053029e-07 1.29e-06
480.4568977 -6.886635514e-07 1.92e-06
480.4568977 4.785625827e-07 8.3e-07
480.4568976 -7.706975658e-08 1.02e-06
480.4568974 -2.045837822e-06 1.41e-06
480.458515 -1.837022868e-06 1.86e-06
480.4585149 -5.851208374e-07 8.1e-07
480.4585148 -1.076981937e-06 1e-06
480.4585147 1.170309517e-07 1.47e-06
480.4601258 -2.871502593e-06 1.9e-06
480.4601257 1.557874515e-07 8.1e-07
480.4601256 -3.140472123e-07 9.9e-07
480.4601255 -4.197899189e-07 1.26e-06
480.4617431 2.259539399e-06 1.78e-06
480.4617431 -1.050617617e-06 8.4e-07
480.461743 -3.211847888e-07 9.1e-07
480.4617428 4.672156459e-07 1.23e-06
480.4633512 1.319319948e-06 1.86e-06
480.4633512 -1.104894656e-06 8.5e-07
480.4633511 -1.447874559e-06 8.6e-07
480.4633509 -2.688017311e-06 1.26e-06
480.4644729 -2.518631106e-06 1.47e-06
480.4644728 5.020163256e-07 1.34e-06
480.4644726 -8.580568641e-07 2.07e-06
508.3435407 2.972343164e-06 2.04e-06
508.3435406 -3.609027062e-06 1.6e-06
508.3435405 2.013969443e-06 1.81e-06
508.3435404 -2.380842375e-06 2.44e-06
508.3451547 -7.892338268e-07 2.07e-06
508.3451547 1.6055063e-07 1.67e-06
508.3451546 -4.842774937e-07 1.82e-06
508.3451544 -4.51236591e-06 3.07e-06
508.3467688 -2.951562914e-06 2.24e-06
508.3467687 -3.1872419e-07 1.74e-06
508.3467686 -1.535408356e-06 1.85e-06
508.3467685 2.460386404e-06 3.27e-06
508.3483828 7.615849217e-07 1.98e-06
508.3483828 -1.131589595e-06 1.64e-06
508.3483827 1.686497764e-06 1.89e-06
508.3483825 1.906874327e-06 2.9e-06
508.3499969 -6.20229696e-07 1.83e-06
508.3499968 -3.445938083e-07 1.51e-06
508.3499967 4.459625427e-07 2.08e-06
508.3499966 -1.993146422e-06 2.72e-06
508.3516109 1.668783954e-06 1.68e-06
508.3516109 -1.08566927e-06 1.34e-06
508.3516108 -3.700321619e-07 2.3e-06
508.3516106 -1.126931686e-06 2.72e-06
508.3527284 -2.068302725e-06 2.56e-06
508.3527283 -2.345772291e-07 2.14e-06
508.3527282 -1.602734158e-06 3.59e-06
537.4262071 -4.698710826e-07 2.18e-06
537.426207 -1.141158369e-06 2.54e-06
537.4262069 1.207412233e-06 2.57e-06
537.4262068 1.778710951e-06 2.54e-06
537.4278212 2.903779804e-06 2.35e-06
537.4278211 -3.32552958e-06 2.44e-06
537.427821 -4.171419308e-07 2.46e-06
537.4278209 -3.368062881e-06 2.74e-06
537.4294352 -1.857506771e-06 2.31e-06
537.4294351 -2.22199481e-06 2.37e-06
537.429435 1.727585118e-06 2.28e-06
537.4294349 7.287961669e-07 2.61e-06
537.4310495 -1.976946609e-06 2.3e-06
537.4310494 -4.059002739e-07 2.26e-06
537.4310493 2.17229325e-06 2.75e-06
537.4310492 -4.246417383e-06 2.59e-06
537.4326635 2.708513304e-06 2.14e-06
537.4326635 1.162305758e-07 2.43e-06
537.4326634 1.521142809e-06 2.53e-06
537.4326632 -7.307501201e-07 2.47e-06
537.4342777 -2.058465319e-06 2.69e-06
537.4342776 -1.29602135e-06 2.74e-06
537.4342775 -1.41057913e-06 2.27e-06
537.4342774 1.118524983e-07 2.39e-06
537.4353951 -6.716306058e-06 3.67e-06
537.435395 5.915076547e-06 3.46e-06
537.4353948 -5.842170122e-06 3.78e-06
566.2251383 -2.131008243e-06 1.29e-06
566.2251382 1.042408562e-06 1.26e-06
566.2251381 -1.131224116e-06 1.35e-06
566.225138 2.485011846e-07 1.43e-06
566.2267524 -1.3297475e-06 1.25e-06
566.2267524 9.9759151e-07 1.16e-06
566.2267523 -2.990748862e-08 1.44e-06
566.2267521 -2.208319273e-06 1.47e-06
566.2283666 -5.975713922e-07 1.28e-06
566.2283665 9.783876551e-07 1.21e-06
566.2283664 -7.355551204e-07 1.36e-06
566.2283663 -2.921868849e-06 1.45e-06
566.2299808 -4.270235436e-06 1.23e-06
566.2299807 2.317146747e-06 1.2e-06
566.2299806 -1.227347314e-06 1.41e-06
566.2299805 -4.311950733e-06 1.45e-06
566.2315949 -2.885431294e-06 1.34e-06
566.2315948 1.73225216e-06 1.16e-06
566.2315947 -1.142748517e-06 1.45e-06
566.2315946 -3.443380763e-07 1.42e-06
566.2332084 -2.221514834e-06 1.24e-06
566.2332084 1.986546604e-06 1.14e-06
566.2332083 2.147871071e-06 1.43e-06
566.2332081 -1.164762011e-06 1.46e-06
566.2343276 1.478665597e-06 2.02e-06
566.2343275 -7.183478477e-07 1.79e-06
566.2343274 3.071894467e-06 2.21e-06
566.2343273 4.443107937e-06 2.26e-06
596.1061258 -2.166604451e-06 1.65e-06
596.1061257 2.80537858e-06 1.53e-06
596.1061256 -6.523468542e-07 9.3e-07
596.1061255 5.275063172e-07 2.29e-06
596.1077368 -4.424933217e-06 1.56e-06
596.1077368 1.419515658e-06 1.48e-06
596.1077367 -2.67716877e-07 9e-07
596.1077366 -1.377845963e-06 2.45e-06
596.1093521 -2.005156804e-06 1.44e-06
596.109352 -2.133845009e-06 1.4e-06
596.1093519 1.901563556e-06 9.1e-07
596.1093518 -3.715224799e-06 2.3e-06
596.1109648 1.578384641e-06 1.48e-06
596.1109648 -1.036370279e-07 1.31e-06
596.1109647 6.012610727e-07 8.8e-07
596.1109645 3.383055704e-06 2.39e-06
596.1125802 -4.695374135e-06 1.44e-06
596.1125802 -1.67054292e-06 1.17e-06
596.1125801 -1.771072359e-06 8.1e-07
596.1125799 1.060480107e-06 2.38e-06
596.1141917 -2.019384264e-06 1.45e-06
596.1141917 -1.481092637e-06 1.19e-06
596.1141916 1.921105206e-07 7.9e-07
596.1141914 9.780087486e-07 2.3e-06
596.1152923 2.769111413e-06 2.49e-06
596.1152922 9.48310049e-07 1.93e-06
596.1152921 -1.312325571e-06 1.23e-06
627.1912622 -1.553766987e-06 1.56e-06
627.1912621 -2.608457359e-07 1.37e-06
627.191262 1.222095345e-06 7.9e-07
627.1912619 -1.298246392e-06 8.4e-07
627.1928764 6.800251835e-07 1.62e-06
627.1928763 1.569637269e-06 1.32e-06
627.1928762 -4.01540451e-07 7.7e-07
627.1928761 -1.115708399e-06 8.1e-07
627.1944905 1.401064549e-06 1.5e-06
627.1944904 -6.838333348e-07 1.23e-06
627.1944903 6.551284784e-08 7.9e-07
627.1944902 2.222541471e-07 7.9e-07
627.1961049 -2.415315807e-07 1.44e-06
627.1961048 2.156899126e-06 1.32e-06
627.1961047 -8.147659377e-07 7.6e-07
627.1961046 -1.641942912e-06 8.3e-07
627.1977187 -1.653958956e-06 1.44e-06
627.1977187 -2.881723931e-06 1.33e-06
627.1977186 3.585927342e-07 7.5e-07
627.1977184 -1.353184846e-06 7.8e-07
627.1993328 -2.629319099e-06 1.52e-06
627.1993328 -1.651931667e-06 1.3e-06
627.1993327 1.702107813e-07 7.2e-07
627.1993325 -8.380693746e-07 7.4e-07
627.2004502 1.58815967e-06 2.65e-06
627.2004502 -1.476354414e-06 1.98e-06
627.2004501 3.269284404e-07 1.16e-06
627.20045 -4.837592038e-07 1.15e-06
655.1244974 -1.933321484e-06 1.57e-06
655.1244973 7.082216063e-07 1.16e-06
655.1244972 -3.287795351e-07 1.48e-06
655.1244971 -3.016915148e-06 1.69e-06
655.1261114 -1.380456826e-06 1.97e-06
655.1261114 -1.631496015e-07 1.13e-06
655.1261113 -9.47357511e-07 1.54e-06
655.1261111 -9.131086455e-07 1.18e-06
655.1277255 -2.64801413e-06 2.06e-06
655.1277254 -2.873136034e-06 1.19e-06
655.1277253 2.216541298e-06 1.44e-06
655.1277252 -5.649969129e-07 1.22e-06
655.1293395 -2.262218914e-06 1.9e-06
655.1293395 7.244638773e-07 1.2e-06
655.1293394 -7.896529948e-07 1.33e-06
655.1293392 -7.490372036e-07 1.01e-06
655.1309536 1.484143827e-06 2.21e-06
655.1309535 1.884604287e-06 1.31e-06
655.1309534 1.023285126e-06 1.33e-06
655.1309533 4.791436837e-07 8.3e-07
655.1325676 -2.436670799e-06 2.13e-06
655.1325675 -5.626552354e-07 1.36e-06
655.1325674 1.343858689e-07 1.33e-06
655.1325673 -1.017152793e-06 7.9e-07
655.133685 -3.172951926e-06 2.6e-06
655.133685 -1.081424204e-06 2.24e-06
655.1336849 -6.275159711e-07 1.93e-06
655.1336847 -3.611740147e-07 1.22e-06
685.1382445 4.12301698e-07 1.48e-06
685.1382444 -1.776208015e-06 1.4e-06
685.1382443 -9.277112132e-07 2.83e-06
685.1382442 2.707362186e-07 1.81e-06
685.1398584 -1.848513713e-06 1.09e-06
685.1398584 3.448367791e-07 1.42e-06
685.1398583 2.801938049e-07 3.41e-06
685.1398581 -5.221216684e-07 2.16e-06
685.1414721 -1.250886329e-06 1.07e-06
685.141472 -2.626399368e-06 1.52e-06
685.1414719 1.880930271e-06 3.18e-06
685.1414718 1.994679283e-06 2.57e-06
685.1430861 -1.842213063e-07 1.25e-06
685.143086 -2.079420263e-06 1.82e-06
685.1430859 4.750737297e-06 3.13e-06
685.1430858 7.063454786e-06 3.14e-06
685.1446976 -4.973131261e-07 1.56e-06
685.1446975 4.755718686e-07 1.87e-06
685.1446974 3.017055959e-06 3.09e-06
685.1446973 -1.454305193e-06 3.26e-06
685.1457557 -3.329586526e-06 3.74e-06
685.1457556 -7.510486169e-08 3.38e-06
-375.6624205 -4.1861942e-06 4.19e-06
-375.6624207 1.053885706e-06 1.93e-06
-375.6624208 -8.50944637e-07 1.93e-06
-375.6609031 -1.212742633e-06 4.64e-06
-375.6609032 4.954261547e-06 3.36e-06
-375.6609033 -2.946605337e-06 2.21e-06
-375.6609034 2.809080192e-07 2.01e-06
-375.659975 -6.371657478e-06 4.48e-06
-375.6599751 -4.679767409e-06 4.64e-06
-375.6599752 3.303295128e-06 3.97e-06
-363.1399149 -4.097274434e-06 1.34e-06
-363.139915 -1.285932543e-06 1e-06
-363.1399151 -6.610515369e-07 2.16e-06
-363.1399152 9.273653569e-07 2.43e-06
-363.1383983 -1.898631866e-06 1.44e-06
-363.1383984 -1.638243687e-06 9.9e-07
-363.1383985 1.114643106e-06 1.98e-06
-363.1383986 -1.217836672e-06 2.37e-06
-363.1368864 1.396822574e-08 1.32e-06
-363.1368865 -8.304507245e-07 9.4e-07
-363.1368866 -1.781081679e-06 1.81e-06
-363.1368867 -9.903442586e-07 2.18e-06
-363.1353695 -3.398547721e-06 1.28e-06
-363.1353696 -7.280863223e-07 1.11e-06
-363.1353697 -1.371228224e-06 1.76e-06
-363.1353698 8.271264753e-07 1.92e-06
-363.1338498 -3.152709975e-06 1.33e-06
-363.1338499 7.37664733e-07 1.24e-06
-363.13385 2.044880099e-07 1.48e-06
-363.1338501 3.671878326e-06 1.62e-06
-363.1323368 -3.085208318e-06 1.28e-06
-363.1323369 -1.847537752e-06 1.9e-06
-363.132337 7.59156292e-07 1.64e-06
-363.1308259 -1.951759398e-06 1.1e-06
-363.130826 -7.864394076e-07 1.29e-06
-363.1308261 2.044113612e-06 1.58e-06
-363.1308262 -1.314745887e-07 1.42e-06
-363.1294839 -8.001079042e-07 1.26e-06
-363.129484 -2.018014398e-07 1.55e-06
-363.1294841 2.639427038e-06 2.2e-06
-363.1294842 1.314348816e-06 1.88e-06
-360.7450638 5.614117548e-07 1.6e-06
-360.7450639 -1.039555991e-06 1.99e-06
-360.745064 -9.990070869e-07 2.39e-06
-360.7450641 2.560717273e-06 1.62e-06
-360.7435464 3.157372812e-07 1.72e-06
-360.7435464 -6.914748762e-07 2.11e-06
-360.7435465 2.706572913e-06 2.31e-06
-360.7435467 3.662882956e-06 1.53e-06
-360.7426166 6.414443839e-06 4.5e-06
-360.7426167 -7.13778701e-06 3.85e-06
-360.7426169 3.882974628e-06 3e-06
-346.8459175 -4.117750099e-06 1.2e-06
-346.8459176 -8.053593422e-07 1.55e-06
-346.8459177 -4.833295777e-07 1.83e-06
-346.8459178 8.75616012e-07 1.33e-06
-346.8444018 -3.46345819e-06 1.53e-06
-346.8444019 -1.787709676e-06 1.63e-06
-346.844402 1.587995101e-06 1.63e-06
-346.8444021 2.886557922e-06 1.39e-06
-346.8434716 -2.688175337e-06 2.96e-06
-346.8434716 -2.24839691e-06 2.64e-06
-346.8434717 5.024651198e-06 2.97e-06
-346.8434719 -1.043766583e-06 2.54e-06
-326.926369 -5.49075468e-07 1e-06
-326.926369 -2.288659076e-06 1.7e-06
-326.9263691 -1.509705242e-06 7.5e-07
-326.9263693 -4.281267572e-07 7.1e-07
-326.9248535 -2.83186574e-06 9.5e-07
-326.9248536 -6.560750523e-07 1.49e-06
-326.9248537 9.822811052e-07 7.9e-07
-326.9248538 5.634686665e-07 7.3e-07
-326.9239229 1.09064632e-09 2.18e-06
-326.9239229 -6.030907537e-06 2.99e-06
-326.923923 2.275618312e-07 1.52e-06
-326.9239232 5.906399485e-07 1.52e-06
-305.9129379 -5.066631421e-06 2.36e-06
-305.912938 1.121970526e-06 2.62e-06
-305.9129381 -3.699652564e-06 1.96e-06
-305.9129382 1.54356805e-06 2.18e-06
-305.9114219 -1.447927316e-06 2.5e-06
-305.911422 -1.294224416e-07 2.41e-06
-305.9114221 2.458725682e-06 1.91e-06
-305.9114222 -4.767407114e-06 2.52e-06
-305.9104896 6.891011043e-06 4.59e-06
-305.9104896 -1.322182591e-06 5.13e-06
-305.9104897 7.141952931e-06 4.75e-06
-305.9104899 9.381608736e-07 4.32e-06
-305.3389284 3.885811155e-06 3.49e-06
-305.3389285 1.304254495e-06 2.8e-06
-305.3389286 -2.82986903e-07 2.3e-06
-305.3389287 -6.625099974e-06 2.59e-06
-305.3374127 -2.177091824e-06 3.71e-06
-305.3374127 3.490257424e-06 3.02e-06
-305.3374128 1.498588621e-06 2.75e-06
-305.337413 -2.498648837e-06 2.47e-06
-305.3361322 -1.2221472e-06 4.13e-06
-305.3361323 -4.354491828e-07 3.09e-06
-305.3361324 -1.999242159e-06 3.01e-06
-305.3361325 7.247648549e-06 3.26e-06
-288.9746467 -1.864976566e-06 1.77e-06
-288.9746467 -1.502810164e-07 2.11e-06
-288.9746468 5.062271732e-07 2.47e-06
-288.974647 5.23233624e-07 1.57e-06
-288.9731306 -3.766077205e-06 1.9e-06
-288.9731307 1.610988533e-06 1.88e-06
-288.9731308 2.70433919e-06 2.51e-06
-288.9731309 -4.463687075e-08 1.59e-06
-288.9721999 3.892607463e-06 4.18e-06
-288.9722 8.980138937e-06 4.21e-06
-288.9722002 -8.165286624e-06 3.3e-06
-285.0611478 4.714198006e-07 1.4e-06
-285.0611478 -5.709914162e-07 1.38e-06
-285.0611479 -2.089793496e-06 1.4e-06
-285.0611481 -3.470464508e-06 2e-06
-285.0596337 -5.463682697e-07 1.4e-06
-285.0596338 -1.316126597e-07 1.57e-06
-285.0596339 6.033254758e-07 1.42e-06
-285.059634 -1.277877199e-06 2.05e-06
-285.0587015 4.552116321e-06 2.78e-06
-285.0587016 -4.298862328e-06 3.93e-06
-285.0587017 7.620432658e-08 2.86e-06
-285.0587018 -2.052036427e-07 4.07e-06
-284.9985493 -5.443918496e-07 1.94e-06
-284.9985493 -1.986553891e-07 1.21e-06
-284.9985494 -1.117839329e-07 1.78e-06
-284.9985496 -3.508960516e-06 1.92e-06
-284.9970297 -4.557704628e-07 1.97e-06
-284.9970298 -8.273953468e-07 1.32e-06
-284.9970299 -1.516056345e-06 1.83e-06
-284.99703 5.588467867e-07 1.9e-06
-284.9955167 -4.113734526e-07 1.82e-06
-284.9955168 -1.195916798e-06 1.3e-06
-284.9955169 3.174199753e-07 1.8e-06
-284.995517 7.769957923e-07 1.87e-06
-284.9940041 -5.728102504e-07 1.63e-06
-284.9940042 -2.498074554e-07 1.39e-06
-284.9940043 -8.043444351e-07 1.53e-06
-284.9940044 -2.163366814e-06 1.78e-06
-284.9928393 8.63336019e-07 2.07e-06
-284.9928393 1.566375183e-06 1.78e-06
-284.9928394 1.93581047e-06 2.24e-06
-284.9928396 4.684896249e-07 2.27e-06
-279.996315 4.332170949e-06 2.75e-06
-279.996315 -2.673902817e-07 1.14e-06
-279.9963151 -3.007983995e-06 1.54e-06
-279.9963153 1.27977628e-06 1.58e-06
-279.9948023 -4.60246042e-07 2.95e-06
-279.9948024 -3.907831005e-07 1.25e-06
-279.9948025 -3.587213247e-07 1.83e-06
-279.9948026 5.015460754e-07 1.6e-06
-279.9938698 -3.616864486e-06 2.28e-06
-279.9938699 4.006270848e-06 4.99e-06
-279.9938701 -3.98136825e-06 3.11e-06
-262.0479879 -1.384999344e-06 4.42e-06
-262.047988 5.216210521e-07 5.47e-06
-262.0479881 5.563564031e-06 3.6e-06
-262.0479882 -1.012772712e-06 4.05e-06
-262.0464722 -3.726441017e-06 3.34e-06
-262.0464722 2.243917551e-06 4.79e-06
-262.0464723 -1.818764359e-06 3.54e-06
-262.0464725 2.2809955e-07 5.07e-06
-262.0455412 -5.246575814e-06 6.7e-06
-262.0455413 -6.008898338e-06 7.33e-06
-262.0086481 -1.607393982e-06 3.62e-06
-262.0086482 -4.406881659e-06 4.07e-06
-262.0086483 -1.951692101e-06 4.26e-06
-262.0086484 -3.591898804e-06 4.51e-06
-262.0071349 1.722751891e-06 4.15e-06
-262.007135 -8.581035043e-06 3.86e-06
-262.0071351 -3.124177149e-06 4.61e-06
-262.0071352 -1.304856428e-05 4.24e-06
-262.0056213 -5.242359596e-06 6.15e-06
-262.0056214 -4.392338417e-06 4.14e-06
-262.0056215 -5.054338207e-06 3.96e-06
-262.0056216 -2.183580242e-06 4.11e-06
-262.0045728 2.179476134e-06 6.51e-06
-262.0045729 -2.280198158e-06 7.04e-06
-241.0549814 -1.283664823e-08 3.33e-06
-241.0549815 -1.055641611e-07 2.23e-06
-241.0549816 -1.047335254e-06 2.75e-06
-241.0549817 -1.464234178e-06 1.8e-06
-241.0534653 4.687480445e-07 2.54e-06
-241.0534654 -2.888457343e-06 2.95e-06
-241.0534655 6.728318463e-07 2.76e-06
-241.0534656 2.739067936e-06 1.69e-06
-241.0525329 -2.217417966e-06 4.78e-06
-241.052533 -1.673068427e-06 5.08e-06
-241.0525331 1.05856842e-05 5.51e-06
-241.0525332 2.134017701e-06 3.55e-06
-241.0102341 5.01661184e-06 2.26e-06
-241.0102342 -2.989726065e-06 3.04e-06
-241.0102343 -3.822033507e-06 2.45e-06
-241.0102344 -2.653756103e-06 1.69e-06
-241.0087177 -1.993938364e-06 2.8e-06
-241.0087178 -1.8132041e-06 3.01e-06
-241.0087179 1.977604745e-06 2.74e-06
-241.008718 -1.967211529e-06 1.71e-06
-241.0072052 -4.732002434e-07 2.6e-06
-241.0072052 -6.969559502e-06 2.99e-06
-241.0072053 -1.197811544e-06 2.33e-06
-241.0072054 -1.248065198e-06 1.67e-06
-241.0056898 2.288367715e-06 2.86e-06
-241.0056899 -1.151777667e-06 3.84e-06
-241.00569 -5.196052463e-07 2.37e-06
-241.0056901 1.511309854e-06 1.61e-06
-241.0046996 -4.415472228e-06 3.73e-06
-241.0046997 2.935603667e-06 3.34e-06
-217.538291 -2.400060193e-06 1.69e-06
-217.5382911 2.775320489e-07 1.13e-06
-217.5382912 1.682490223e-06 4.13e-06
-217.5382913 -3.375198808e-06 1.62e-06
-217.536781 -2.832084952e-06 1.88e-06
-217.5367811 -1.288850829e-06 1.12e-06
-217.5367812 -9.719803607e-07 3.59e-06
-217.5367813 -3.420837809e-07 1.79e-06
-217.5356702 -2.65773776e-06 2.56e-06
-217.5356703 -1.589213639e-06 1.42e-06
-217.5356704 3.120742552e-06 5.97e-06
-217.5356705 2.052893519e-07 2.59e-06
-217.0647027 -1.629464656e-06 1.75e-06
-217.0647028 -1.5443803e-06 1.47e-06
-217.0647029 -1.207398693e-06 2.85e-06
-217.064703 5.552742202e-07 1.32e-06
-217.0631891 1.798338754e-06 1.6e-06
-217.0631892 -2.448503242e-06 1.27e-06
-217.0631893 2.858512241e-06 2.49e-06
-217.0631894 3.065839488e-06 1.25e-06
-217.0622559 7.484918065e-07 4.03e-06
-217.0622559 -4.554525382e-07 2.77e-06
-217.062256 -6.426781199e-06 5.65e-06
-217.0622562 5.301326642e-06 3.37e-06
-191.2339161 -1.262607705e-06 3.31e-06
-191.2339162 -6.624423407e-07 4.17e-06
-191.2339163 3.327949096e-06 2.47e-06
-191.2339164 5.326216777e-07 2.72e-06
-191.2323947 -2.294009808e-06 3.5e-06
-191.2323948 -5.908888331e-06 4.02e-06
-191.2323949 3.064424941e-07 2.38e-06
-191.232395 -5.134376223e-06 2.67e-06
-191.2314675 1.272515825e-05 4.93e-06
-191.2314676 -6.536181605e-06 5.83e-06
-164.7137697 2.090563445e-06 3.98e-06
-164.7137697 3.997259652e-06 2.35e-06
-164.7137698 6.121690586e-06 4.32e-06
-164.71377 -4.6500477e-06 5.28e-06
-164.7122568 -1.970888192e-06 3.88e-06
-164.7122569 2.277836967e-06 2.63e-06
-164.712257 -5.20366859e-06 4.3e-06
-164.7122571 1.554997571e-07 4.51e-06
-164.7107385 1.962685262e-06 3.56e-06
-164.7107386 -2.022287777e-06 2.64e-06
-164.7107387 3.712031692e-06 3.98e-06
-164.7107388 2.406644843e-06 5.3e-06
-164.7097563 1.356251331e-05 5.89e-06
-164.7097564 -5.028505729e-06 4.38e-06
-164.2803186 -1.263517301e-06 1.96e-06
-164.2803186 9.423489812e-07 5.43e-06
-164.2803187 -2.209065712e-06 2.84e-06
-164.2803189 7.861723242e-06 3.54e-06
-164.2788061 -1.736672679e-06 2.24e-06
-164.2788062 -5.300903228e-06 4.37e-06
-164.2788062 3.022833549e-07 2.87e-06
-164.2788064 -8.72194328e-06 3.84e-06
-164.2778731 -4.433987845e-06 4.25e-06
-163.7190465 -1.425907926e-06 2.76e-06
-163.7190465 3.755134621e-06 2.59e-06
-163.7190466 -1.39412775e-06 4.06e-06
-163.7190468 -1.877260588e-06 5.34e-06
-163.7175339 -9.383057521e-07 2.6e-06
-163.7175339 -5.517156057e-06 2.86e-06
-163.717534 -1.363863679e-06 4.98e-06
-163.7175342 -2.244600277e-06 4.78e-06
-163.7160157 -3.84542733e-06 2.18e-06
-163.7160158 -3.591542812e-06 2.56e-06
-163.7160159 -5.109522478e-06 4.47e-06
-163.716016 -7.922660154e-06 5.14e-06
-163.7145022 -1.107424854e-06 2.42e-06
-163.7145022 4.697687596e-06 2.76e-06
-163.7145023 8.824561555e-06 4.58e-06
-163.7145025 5.504948958e-06 5.81e-06
-163.7130442 4.492767465e-06 2.9e-06
-163.7130443 3.893221792e-06 2.35e-06
-163.7130444 3.168560852e-06 4.28e-06
-163.7130445 5.015366855e-06 6.13e-06
-161.6039911 -4.044562783e-06 1.69e-06
-161.6039912 2.198783618e-06 3.67e-06
-161.6039913 -4.581731411e-07 2.33e-06
-161.6039914 -1.707025309e-06 1.57e-06
-161.6024795 -1.702792633e-06 1.83e-06
-161.6024795 -7.211398135e-07 3.3e-06
-161.6024796 1.924205514e-06 2.27e-06
-161.6024798 -2.370953295e-06 1.77e-06
-161.6009641 1.66908264e-07 1.81e-06
-161.6009642 -8.207526624e-06 4.14e-06
-161.6009643 5.103136082e-07 2.86e-06
-161.6009644 -2.087425232e-06 1.75e-06
-161.5994501 -9.13751699e-07 1.77e-06
-161.5994502 -4.469314347e-06 3.71e-06
-161.5994503 7.024756685e-07 2.79e-06
-161.5994504 1.243362135e-06 1.58e-06
-161.5979355 -7.992618891e-07 1.71e-06
-161.5979356 7.692226966e-07 3.51e-06
-161.5979357 2.386033546e-06 2.76e-06
-161.5979358 -4.758351549e-06 1.82e-06
-161.5964211 3.062782742e-06 1.66e-06
-161.5964212 7.08633094e-06 4.22e-06
-161.5964213 7.867959063e-07 2.39e-06
-161.5964214 9.031809273e-07 1.5e-06
-161.5956052 -9.781738231e-06 6.18e-06
-161.5956053 -4.545583764e-06 6.29e-06
-161.5956055 -8.895939599e-07 5.02e-06
-160.7548641 -4.275950698e-06 2.39e-06
-160.7548642 -2.307034397e-07 2.69e-06
-160.7548643 1.187691939e-06 1.5e-06
-160.7548644 -1.248604988e-06 2e-06
-160.7533468 5.595842868e-06 2.3e-06
-160.7533469 2.126849877e-06 2.33e-06
-160.753347 -5.695254189e-08 1.44e-06
-160.7533471 -2.48420315e-06 2.2e-06
-160.7518301 3.185588564e-07 2.03e-06
-160.7518302 1.986899053e-06 2.43e-06
-160.7518303 -1.595245954e-06 1.53e-06
-160.7518304 1.723006659e-06 2.2e-06
-160.7507815 -3.745609341e-06 3.84e-06
-160.7507816 -9.524062094e-06 4.32e-06
-160.7507817 -1.913223695e-06 2.52e-06
-160.7507818 -2.598957501e-06 3.34e-06
-159.5973537 -1.047903661e-07 1.05e-06
-159.5973538 -6.509939713e-07 1.16e-06
-159.5973539 1.654457663e-06 1.42e-06
-159.597354 -4.266443905e-07 1.09e-06
-159.5958394 -2.590474812e-07 9.8e-07
-159.5958395 -1.193600878e-06 1.09e-06
-159.5958396 3.910546954e-07 1.54e-06
-159.5958397 1.751921571e-07 1.17e-06
-159.5945584 -1.751952995e-06 1.24e-06
-159.5945584 -3.728811927e-06 1.32e-06
-159.5945585 -3.529463011e-07 1.65e-06
-159.5945587 -2.011913274e-07 1.37e-06
-157.5639425 -2.888795293e-06 3.43e-06
-157.5639425 3.910908341e-07 2.26e-06
-157.5639426 9.263895894e-08 1.78e-06
-157.5639428 -1.929200725e-06 1.27e-06
-157.56289 2.330646991e-06 5.64e-06
-157.56289 -2.088852423e-06 2.97e-06
-157.5628901 7.271622782e-06 3.6e-06
-157.5628903 2.203914188e-06 2.13e-06
-156.7408134 -2.26394446e-06 3.31e-06
-156.7408135 2.358767929e-06 2.65e-06
-156.7408136 -1.875778016e-06 2.51e-06
-156.7408137 -1.017526665e-06 2.18e-06
-156.7398792 5.234290305e-08 5.96e-06
-156.7398794 -3.366664248e-06 5.16e-06
-156.7398795 -6.915941798e-07 4.86e-06
-126.4570654 -1.884241674e-06 1.22e-06
-126.4570655 1.442179264e-06 1.54e-06
-126.4570656 -2.695563991e-06 2.11e-06
-126.4570657 -1.704760179e-06 2.14e-06
-126.455548 2.562781807e-06 1.17e-06
-126.455548 1.231988037e-07 1.34e-06
-126.4555481 4.038323744e-06 1.97e-06
-126.4555483 -1.866979823e-06 2.02e-06
-126.454618 5.375594652e-07 2.22e-06
-126.454618 -1.497486738e-06 2.94e-06
-126.4546181 -3.741077702e-06 4.31e-06
-126.4546183 -6.240797571e-06 4.62e-06
-125.7790329 -2.866214733e-06 2.44e-06
-125.7790329 6.943689785e-07 1.49e-06
-125.779033 3.69565615e-06 2.87e-06
-125.7790332 1.728580588e-06 2.06e-06
-125.7775172 -4.149862326e-06 2.34e-06
-125.7775172 -1.875347779e-07 1.57e-06
-125.7775173 -6.568948488e-07 2.53e-06
-125.7775175 -3.003175444e-06 2e-06
-125.7760035 -2.611905265e-06 2.21e-06
-125.7760036 -1.348156228e-06 1.79e-06
-125.7760037 -1.412422147e-06 2.11e-06
-125.7760038 -3.426902185e-06 2.22e-06
-125.7744881 -4.692321139e-07 2.57e-06
-125.7744881 1.180219944e-06 1.63e-06
-125.7744882 -3.638505221e-06 2.43e-06
-125.7744884 1.098782384e-06 1.9e-06
-125.7729741 1.811453008e-06 3.37e-06
-125.7729741 -7.480036054e-07 1.5e-06
-125.7729742 -3.379783263e-06 2.43e-06
-125.7729744 -5.473643767e-07 1.56e-06
-125.7714574 -4.109471588e-06 3.59e-06
-125.7714575 -1.554105459e-06 1.53e-06
-125.7714576 -3.307621546e-06 2.35e-06
-125.7714577 -2.602337547e-07 1.48e-06
-125.7700632 -7.025366009e-06 3.49e-06
-125.7700633 1.361180636e-06 1.78e-06
-125.7700634 4.545890505e-06 2.24e-06
-125.7700635 -1.718217235e-07 1.67e-06
-100.4261981 1.405542584e-06 1.85e-06
-100.4261981 -1.078905806e-06 1.3e-06
-100.4261982 -7.314388336e-08 1.5e-06
-100.4261984 1.840744434e-06 1.88e-06
-100.4246793 1.086112888e-06 2.28e-06
-100.4246793 -2.590222806e-06 1.28e-06
-100.4246794 -1.566648321e-07 1.34e-06
-100.4246796 1.052172016e-06 1.52e-06
-100.4237504 -3.365768255e-06 2.53e-06
-100.4237505 -3.54567659e-06 2.99e-06
-100.4237506 -1.911706985e-06 2.96e-06
-74.58407963 3.254124944e-06 2.14e-06
-74.5840797 -1.05640583e-06 1.41e-06
-74.5840798 -9.001882031e-08 1.36e-06
-74.58407993 -4.34916196e-07 1.21e-06
-74.58256471 -9.844305339e-07 2.09e-06
-74.58256477 7.163917861e-07 1.43e-06
-74.58256487 -3.474041051e-07 1.32e-06
-74.58256501 1.927926196e-07 1.31e-06
-74.58163297 -1.003113871e-05 3.32e-06
-74.58163304 -5.344284992e-06 3.25e-06
-74.58163314 -3.459983996e-06 2.74e-06
-74.58163327 3.703430528e-08 2.61e-06
-42.60770684 -6.731063357e-07 7.2e-07
-42.6077069 -9.993491084e-07 1.07e-06
-42.607707 -4.525963308e-07 8.4e-07
-42.60770714 -9.654192973e-07 1.07e-06
-42.60619219 -9.321275091e-07 7.1e-07
-42.60619226 1.804692824e-06 9.2e-07
-42.60619236 4.642805516e-07 7.7e-07
-42.60619249 4.536033118e-07 9.6e-07
-42.60525911 -3.338985119e-06 1.27e-06
-42.60525918 7.892511039e-07 1.62e-06
-42.60525928 5.408288888e-07 1.68e-06
-42.60525941 1.530204779e-06 1.6e-06
-41.03919353 1.355516038e-06 2.52e-06
-41.0391936 -1.590740668e-07 1.65e-06
-41.0391937 8.174190852e-07 1.66e-06
-41.03919383 -1.264794761e-06 9.8e-07
-41.03767563 -5.673115371e-06 2.36e-06
-41.03767569 -7.646393409e-07 1.77e-06
-41.03767579 -6.935469506e-07 1.64e-06
-41.03767592 -2.607281265e-06 1.15e-06
-41.03674522 7.658059639e-06 3.58e-06
-41.03674532 -4.719375459e-06 3.7e-06
-41.03674545 -2.458520116e-06 2.67e-06
