  -160.04628      0.023479      0.01606 57079.483728970415541 -159.516271029586591   769.218000 guppi_57079_1327+34_0014_0001.ff guppi
  -160.04628     -0.015962      0.01349 57079.483728969957156 -159.516271030043072   762.968000 guppi_57079_1327+34_0014_0001.ff guppi
  -160.04628      0.006851      0.01230 57079.483728970219090 -159.516271029779034   759.843000 guppi_57079_1327+34_0014_0001.ff guppi
  -160.04628     -0.007584      0.00997 57079.483728970051743 -159.516271029946097   756.718000 guppi_57079_1327+34_0014_0001.ff guppi
  -160.04628     -0.007987      0.00698 57079.483728970051743 -159.516271029950730   753.593000 guppi_57079_1327+34_0014_0001.ff guppi
  -160.04628      0.012441      0.00772 57079.483728970284574 -159.516271029714289   750.468000 guppi_57079_1327+34_0014_0001.ff guppi
  -160.04628     -0.002690      0.01095 57079.483728970109951 -159.516271029889424   747.343000 guppi_57079_1327+34_0014_0001.ff guppi
  -160.04628     -0.007462      0.01559 57079.483728970051743 -159.516271029944647   744.218000 guppi_57079_1327+34_0014_0001.ff guppi
  -160.04628     -0.004700      0.01345 57079.483728970088123 -159.516271029912673   741.093000 guppi_57079_1327+34_0014_0001.ff guppi
  -160.04628     -0.012875      0.01203 57079.483728969993535 -159.516271030007260   737.968000 guppi_57079_1327+34_0014_0001.ff guppi
  -160.04628      0.008456      0.01306 57079.483728970240918 -159.516271029760361   734.843000 guppi_57079_1327+34_0014_0001.ff guppi
  -160.04628      0.007288      0.01566 57079.483728970226366 -159.516271029773861   731.718000 guppi_57079_1327+34_0014_0001.ff guppi
  -160.04628     -0.001520      0.00480 57079.483729450592364 -159.516270549405078   912.968000 guppi_57079_1327+34_0014_0001.ff guppi
  -160.04628     -0.003639      0.00488 57079.483729450570536 -159.516270549429578   909.843000 guppi_57079_1327+34_0014_0001.ff guppi
  -160.04628      0.001171      0.00525 57079.483729450628744 -159.516270549373928   906.718000 guppi_57079_1327+34_0014_0001.ff guppi
  -160.04628     -0.001257      0.00446 57079.483729450599640 -159.516270549402009   903.593000 guppi_57079_1327+34_0014_0001.ff guppi
  -160.04628      0.006066      0.00424 57079.483729450679675 -159.516270549317255   900.468000 guppi_57079_1327+34_0014_0001.ff guppi
  -160.04628      0.002261      0.00416 57079.483729450636019 -159.516270549361280   897.343000 guppi_57079_1327+34_0014_0001.ff guppi
  -160.04628      0.003155      0.00428 57079.483729450650571 -159.516270549350935   894.218000 guppi_57079_1327+34_0014_0001.ff guppi
  -160.04628     -0.004613      0.00430 57079.483729450555984 -159.516270549440833   891.093000 guppi_57079_1327+34_0014_0001.ff guppi
  -160.04628     -0.000954      0.00420 57079.483729450599640 -159.516270549398484   887.968000 guppi_57079_1327+34_0014_0001.ff guppi
  -160.04628     -0.004713      0.00442 57079.483729450555984 -159.516270549441970   884.843000 guppi_57079_1327+34_0014_0001.ff guppi
  -160.04628      0.001312      0.00454 57079.483729450628744 -159.516270549372251   881.718000 guppi_57079_1327+34_0014_0001.ff guppi
  -160.04628     -0.001518      0.00476 57079.483729450592364 -159.516270549404993   878.593000 guppi_57079_1327+34_0014_0001.ff guppi
  -160.04628     -0.004624      0.00562 57079.483729450555984 -159.516270549440918   875.468000 guppi_57079_1327+34_0014_0001.ff guppi
  -160.04628      0.010564      0.00633 57079.483729450737883 -159.516270549265130   872.343000 guppi_57079_1327+34_0014_0001.ff guppi
  -160.04628     -0.001837      0.00666 57079.483729450592364 -159.516270549408659   869.218000 guppi_57079_1327+34_0014_0001.ff guppi
  -160.04628     -0.002147      0.00687 57079.483729450585088 -159.516270549412241   866.093000 guppi_57079_1327+34_0014_0001.ff guppi
  -160.04628      0.008685      0.00598 57079.483729450716055 -159.516270549286872   862.968000 guppi_57079_1327+34_0014_0001.ff guppi
  -160.04628      0.002665      0.00575 57079.483729450643295 -159.516270549356534   859.843000 guppi_57079_1327+34_0014_0001.ff guppi
  -160.04628     -0.007489      0.00618 57079.483729450526880 -159.516270549474058   856.718000 guppi_57079_1327+34_0014_0001.ff guppi
  -160.04628     -0.002298      0.00633 57079.483729450585088 -159.516270549413946   853.593000 guppi_57079_1327+34_0014_0001.ff guppi
  -160.04628     -0.006592      0.00602 57079.483729450534156 -159.516270549463655   850.468000 guppi_57079_1327+34_0014_0001.ff guppi
  -160.04628     -0.002677      0.00606 57079.483729450585088 -159.516270549418351   847.343000 guppi_57079_1327+34_0014_0001.ff guppi
  -160.04628      0.003725      0.00660 57079.483729450657847 -159.516270549344227   844.218000 guppi_57079_1327+34_0014_0001.ff guppi
  -160.04628      0.000073      0.00595 57079.483729450614192 -159.516270549386491   841.093000 guppi_57079_1327+34_0014_0001.ff guppi
  -160.04628     -0.011761      0.00662 57079.483729450475948 -159.516270549523455   837.968000 guppi_57079_1327+34_0014_0001.ff guppi
  -160.04628     -0.003734      0.00579 57079.483729450570536 -159.516270549430544   834.843000 guppi_57079_1327+34_0014_0001.ff guppi
  -160.04628      0.004152      0.00534 57079.483729450657847 -159.516270549339282   831.718000 guppi_57079_1327+34_0014_0001.ff guppi
  -160.04628      0.005744      0.00515 57079.483729450679675 -159.516270549320836   828.593000 guppi_57079_1327+34_0014_0001.ff guppi
  -160.04628      0.012459      0.00582 57079.483729450759711 -159.516270549243103   825.468000 guppi_57079_1327+34_0014_0001.ff guppi
  -160.04628     -0.005820      0.00605 57079.483729450548708 -159.516270549454646   822.343000 guppi_57079_1327+34_0014_0001.ff guppi
  -160.04628      0.005964      0.01049 57079.483729450679675 -159.516270549318278   820.000000 guppi_57079_1327+34_0014_0001.ff guppi
  -160.04628     -0.002855      0.00783 57079.483729450577812 -159.516270549420312   816.093000 guppi_57079_1327+34_0014_0001.ff guppi
  -160.04628      0.002421      0.00674 57079.483729450643295 -159.516270549359263   812.968000 guppi_57079_1327+34_0014_0001.ff guppi
  -160.04628      0.001787      0.00748 57079.483729450636019 -159.516270549366595   809.843000 guppi_57079_1327+34_0014_0001.ff guppi
  -160.04628     -0.012345      0.00750 57079.483729450468672 -159.516270549530134   806.718000 guppi_57079_1327+34_0014_0001.ff guppi
  -160.04628      0.000245      0.00802 57079.483729450614192 -159.516270549384416   803.593000 guppi_57079_1327+34_0014_0001.ff guppi
  -160.04628      0.000492      0.00977 57079.483729450621468 -159.516270549381545   800.468000 guppi_57079_1327+34_0014_0001.ff guppi
  -160.04628     -0.005883      0.01478 57079.483729450541432 -159.516270549455328   798.125000 guppi_57079_1327+34_0014_0001.ff guppi
  -160.04628     -0.009661      0.01489 57079.483729450497776 -159.516270549499040   793.822000 guppi_57079_1327+34_0014_0001.ff guppi
  -160.04628      0.001992      0.01128 57079.483729450636019 -159.516270549364179   791.093000 guppi_57079_1327+34_0014_0001.ff guppi
  -160.04628      0.000998      0.00882 57079.483729450621468 -159.516270549375662   787.968000 guppi_57079_1327+34_0014_0001.ff guppi
  -160.04628      0.000060      0.01038 57079.483729450614192 -159.516270549386519   784.843000 guppi_57079_1327+34_0014_0001.ff guppi
  -160.04628     -0.000850      0.01326 57079.483729450599640 -159.516270549397035   781.718000 guppi_57079_1327+34_0014_0001.ff guppi
  -160.04628     -0.000090      0.01704 57079.483729450614192 -159.516270549388224   778.593000 guppi_57079_1327+34_0014_0001.ff guppi
  -160.04628     -0.000938      0.01226 57079.483729450599640 -159.516270549398001   766.093000 guppi_57079_1327+34_0014_0001.ff guppi
  -139.25142     -0.004033      0.00957 57100.278588156383194 -138.721411843620274   912.968000 guppi_57100_1327+34_0009_0001.ff guppi
  -139.25142      0.008136      0.00856 57100.278588156521437 -138.721411843479473   909.843000 guppi_57100_1327+34_0009_0001.ff guppi
  -139.25142      0.002450      0.00736 57100.278588156455953 -138.721411843545297   906.718000 guppi_57100_1327+34_0009_0001.ff guppi
  -139.25142     -0.003402      0.00713 57100.278588156390470 -138.721411843613083   903.593000 guppi_57100_1327+34_0009_0001.ff guppi
  -139.25142     -0.006017      0.00732 57100.278588156354090 -138.721411843643381   900.468000 guppi_57100_1327+34_0009_0001.ff guppi
  -139.25142     -0.006806      0.00843 57100.278588156346814 -138.721411843652533   897.343000 guppi_57100_1327+34_0009_0001.ff guppi
  -139.25142      0.002210      0.01000 57100.278588156448677 -138.721411843548225   894.218000 guppi_57100_1327+34_0009_0001.ff guppi
  -139.25142      0.011526      0.00938 57100.278588156557817 -138.721411843440421   891.093000 guppi_57100_1327+34_0009_0001.ff guppi
  -139.25142     -0.011532      0.00815 57100.278588156295882 -138.721411843707330   887.968000 guppi_57100_1327+34_0009_0001.ff guppi
  -139.25142     -0.006516      0.00749 57100.278588156354090 -138.721411843649321   884.843000 guppi_57100_1327+34_0009_0001.ff guppi
  -139.25142      0.005429      0.00797 57100.278588156492333 -138.721411843511078   881.718000 guppi_57100_1327+34_0009_0001.ff guppi
  -139.25142      0.006145      0.00779 57100.278588156499609 -138.721411843502835   878.593000 guppi_57100_1327+34_0009_0001.ff guppi
  -139.25142      0.000317      0.00832 57100.278588156426849 -138.721411843570309   875.468000 guppi_57100_1327+34_0009_0001.ff guppi
  -139.25142     -0.009874      0.01013 57100.278588156310434 -138.721411843688315   872.343000 guppi_57100_1327+34_0009_0001.ff guppi
  -139.25142     -0.008610      0.00927 57100.278588156324986 -138.721411843673707   869.218000 guppi_57100_1327+34_0009_0001.ff guppi
  -139.25142      0.004673      0.00888 57100.278588156477781 -138.721411843520002   866.093000 guppi_57100_1327+34_0009_0001.ff guppi
  -139.25142     -0.004975      0.00802 57100.278588156368642 -138.721411843631699   862.968000 guppi_57100_1327+34_0009_0001.ff guppi
  -139.25142     -0.000238      0.00650 57100.278588156419573 -138.721411843576902   859.843000 guppi_57100_1327+34_0009_0001.ff guppi
  -139.25142     -0.012098      0.00645 57100.278588156288606 -138.721411843714236   856.718000 guppi_57100_1327+34_0009_0001.ff guppi
  -139.25142     -0.004959      0.00648 57100.278588156368642 -138.721411843631643   853.593000 guppi_57100_1327+34_0009_0001.ff guppi
  -139.25142      0.004218      0.00629 57100.278588156477781 -138.721411843525459   850.468000 guppi_57100_1327+34_0009_0001.ff guppi
  -139.25142      0.006287      0.00589 57100.278588156499609 -138.721411843501556   847.343000 guppi_57100_1327+34_0009_0001.ff guppi
  -139.25142     -0.005026      0.00592 57100.278588156368642 -138.721411843632524   844.218000 guppi_57100_1327+34_0009_0001.ff guppi
  -139.25142     -0.000229      0.00636 57100.278588156419573 -138.721411843577016   841.093000 guppi_57100_1327+34_0009_0001.ff guppi
  -139.25142      0.005088      0.00635 57100.278588156485057 -138.721411843515511   837.968000 guppi_57100_1327+34_0009_0001.ff guppi
  -139.25142      0.009959      0.00743 57100.278588156543265 -138.721411843459180   834.843000 guppi_57100_1327+34_0009_0001.ff guppi
  -139.25142      0.010850      0.00704 57100.278588156550541 -138.721411843448919   831.718000 guppi_57100_1327+34_0009_0001.ff guppi
  -139.25142     -0.003395      0.00660 57100.278588156383194 -138.721411843613822   828.593000 guppi_57100_1327+34_0009_0001.ff guppi
  -139.25142     -0.005577      0.00649 57100.278588156361366 -138.721411843639117   825.468000 guppi_57100_1327+34_0009_0001.ff guppi
  -139.25142      0.010660      0.00663 57100.278588156550541 -138.721411843451250   822.343000 guppi_57100_1327+34_0009_0001.ff guppi
  -139.25142     -0.003301      0.01288 57100.278588156390470 -138.721411843612856   820.000000 guppi_57100_1327+34_0009_0001.ff guppi
  -139.25142     -0.012091      0.01082 57100.278588156288606 -138.721411843714634   816.086000 guppi_57100_1327+34_0009_0001.ff guppi
  -139.25142      0.004694      0.01175 57100.278588156477781 -138.721411843520428   812.968000 guppi_57100_1327+34_0009_0001.ff guppi
  -139.25142     -0.008731      0.01160 57100.278588156324986 -138.721411843675838   809.843000 guppi_57100_1327+34_0009_0001.ff guppi
  -139.25142     -0.002524      0.01723 57100.278588156397745 -138.721411843604045   806.718000 guppi_57100_1327+34_0009_0001.ff guppi
  -139.25142     -0.009015      0.01659 57100.278588156317710 -138.721411843679221   803.593000 guppi_57100_1327+34_0009_0001.ff guppi
  -139.25142     -0.002754      0.01270 57100.278588156390470 -138.721411843606802   800.468000 guppi_57100_1327+34_0009_0001.ff guppi
  -139.25142      0.015792      0.01910 57100.278588156608748 -138.721411843392161   798.125000 guppi_57100_1327+34_0009_0001.ff guppi
  -139.25142     -0.018846      0.01489 57100.278588156208571 -138.721411843793135   793.464000 guppi_57100_1327+34_0009_0001.ff guppi
  -139.25142     -0.015181      0.01256 57100.278588156252226 -138.721411843750758   791.093000 guppi_57100_1327+34_0009_0001.ff guppi
  -139.25142      0.013708      0.01167 57100.278588156586920 -138.721411843416433   787.968000 guppi_57100_1327+34_0009_0001.ff guppi
  -139.25142     -0.006962      0.01039 57100.278588156346814 -138.721411843655716   784.843000 guppi_57100_1327+34_0009_0001.ff guppi
  -139.25142      0.023081      0.01481 57100.278588156688784 -138.721411843308061   781.718000 guppi_57100_1327+34_0009_0001.ff guppi
  -139.25142      0.019106      0.01677 57100.278588156645128 -138.721411843354105   778.593000 guppi_57100_1327+34_0009_0001.ff guppi
  -109.26395     -0.009275      0.01456 57130.266057482695032 -108.733942517306616   769.218000 guppi_57130_1327+34_0016_0001.ff guppi
  -109.26395     -0.002250      0.01319 57130.266057482775068 -108.733942517225387   762.968000 guppi_57130_1327+34_0016_0001.ff guppi
  -109.26395      0.005331      0.00430 57130.266057963337516 -108.733942036665155   912.968000 guppi_57130_1327+34_0016_0001.ff guppi
  -109.26395      0.003944      0.00472 57130.266057963315689 -108.733942036681242   909.843000 guppi_57130_1327+34_0016_0001.ff guppi
  -109.26395      0.000707      0.00487 57130.266057963279309 -108.733942036718716   906.718000 guppi_57130_1327+34_0016_0001.ff guppi
  -109.26395      0.006124      0.00473 57130.266057963344792 -108.733942036656046   903.593000 guppi_57130_1327+34_0016_0001.ff guppi
  -109.26395      0.001333      0.00543 57130.266057963286585 -108.733942036711525   900.468000 guppi_57130_1327+34_0016_0001.ff guppi
  -109.26395      0.006618      0.00617 57130.266057963352068 -108.733942036650376   897.343000 guppi_57130_1327+34_0016_0001.ff guppi
  -109.26395     -0.004321      0.00599 57130.266057963221101 -108.733942036777009   894.218000 guppi_57130_1327+34_0016_0001.ff guppi
  -109.26395      0.008528      0.00612 57130.266057963373896 -108.733942036628306   891.093000 guppi_57130_1327+34_0016_0001.ff guppi
  -109.26395     -0.001219      0.00579 57130.266057963257481 -108.733942036741141   887.968000 guppi_57130_1327+34_0016_0001.ff guppi
  -109.26395     -0.009025      0.00499 57130.266057963170169 -108.733942036831507   884.843000 guppi_57130_1327+34_0016_0001.ff guppi
  -109.26395      0.003045      0.00390 57130.266057963308413 -108.733942036691843   881.718000 guppi_57130_1327+34_0016_0001.ff guppi
  -109.26395     -0.006535      0.00543 57130.266057963199273 -108.733942036802731   879.343000 guppi_57130_1327+34_0016_0001.ff guppi
  -109.26395      0.002412      0.00829 57130.266057963301137 -108.733942036699204   874.769000 guppi_57130_1327+34_0016_0001.ff guppi
  -109.26395     -0.006899      0.00337 57130.266057963191997 -108.733942036806994   872.343000 guppi_57130_1327+34_0016_0001.ff guppi
  -109.26395     -0.002731      0.00317 57130.266057963242929 -108.733942036758791   869.218000 guppi_57130_1327+34_0016_0001.ff guppi
  -109.26395     -0.004103      0.00349 57130.266057963228377 -108.733942036774692   866.093000 guppi_57130_1327+34_0016_0001.ff guppi
  -109.26395     -0.006683      0.00409 57130.266057963191997 -108.733942036804578   862.968000 guppi_57130_1327+34_0016_0001.ff guppi
  -109.26395      0.004286      0.00417 57130.266057963322964 -108.733942036677632   859.843000 guppi_57130_1327+34_0016_0001.ff guppi
  -109.26395     -0.003588      0.00505 57130.266057963228377 -108.733942036768781   856.851000 guppi_57130_1327+34_0016_0001.ff guppi
  -109.26395      0.002607      0.00514 57130.266057963301137 -108.733942036697115   853.524000 guppi_57130_1327+34_0016_0001.ff guppi
  -109.26395      0.001597      0.00452 57130.266057963293861 -108.733942036708839   850.468000 guppi_57130_1327+34_0016_0001.ff guppi
  -109.26395     -0.003710      0.00406 57130.266057963228377 -108.733942036770287   847.343000 guppi_57130_1327+34_0016_0001.ff guppi
  -109.26395     -0.003200      0.00448 57130.266057963235653 -108.733942036764404   844.218000 guppi_57130_1327+34_0016_0001.ff guppi
  -109.26395      0.002688      0.00416 57130.266057963301137 -108.733942036696291   841.093000 guppi_57130_1327+34_0016_0001.ff guppi
  -109.26395      0.006943      0.00417 57130.266057963352068 -108.733942036647065   837.968000 guppi_57130_1327+34_0016_0001.ff guppi
  -109.26395     -0.002169      0.00421 57130.266057963250205 -108.733942036752552   834.843000 guppi_57130_1327+34_0016_0001.ff guppi
  -109.26395     -0.004114      0.00493 57130.266057963228377 -108.733942036775090   831.718000 guppi_57130_1327+34_0016_0001.ff guppi
  -109.26395      0.004475      0.00466 57130.266057963322964 -108.733942036675714   828.593000 guppi_57130_1327+34_0016_0001.ff guppi
  -109.26395      0.001119      0.00468 57130.266057963286585 -108.733942036714581   825.468000 guppi_57130_1327+34_0016_0001.ff guppi
  -109.26395      0.008991      0.00456 57130.266057963373896 -108.733942036623489   822.343000 guppi_57130_1327+34_0016_0001.ff guppi
  -109.26395     -0.005050      0.00625 57130.266057963213825 -108.733942036786033   819.968000 guppi_57130_1327+34_0016_0001.ff guppi
  -109.26395     -0.004749      0.00417 57130.266057963213825 -108.733942036782608   812.968000 guppi_57130_1327+34_0016_0001.ff guppi
  -109.26395      0.001287      0.00458 57130.266057963286585 -108.733942036712776   809.843000 guppi_57130_1327+34_0016_0001.ff guppi
  -109.26395     -0.002292      0.00506 57130.266057963242929 -108.733942036754229   806.718000 guppi_57130_1327+34_0016_0001.ff guppi
  -109.26395     -0.004032      0.00527 57130.266057963228377 -108.733942036774394   803.593000 guppi_57130_1327+34_0016_0001.ff guppi
  -109.26395     -0.010116      0.00700 57130.266057963155617 -108.733942036844851   800.468000 guppi_57130_1327+34_0016_0001.ff guppi
  -109.26395     -0.006894      0.01393 57130.266057963191997 -108.733942036807576   798.125000 guppi_57130_1327+34_0016_0001.ff guppi
  -109.26395      0.012373      0.00867 57130.266057963417552 -108.733942036584622   793.468000 guppi_57130_1327+34_0016_0001.ff guppi
  -109.26395      0.005316      0.00663 57130.266057963330240 -108.733942036666321   791.093000 guppi_57130_1327+34_0016_0001.ff guppi
  -109.26395      0.004048      0.00720 57130.266057963315689 -108.733942036681043   787.968000 guppi_57130_1327+34_0016_0001.ff guppi
  -109.26395     -0.005833      0.00814 57130.266057963206549 -108.733942036795426   784.843000 guppi_57130_1327+34_0016_0001.ff guppi
  -109.26395      0.003022      0.00639 57130.266057963308413 -108.733942036692980   781.718000 guppi_57130_1327+34_0016_0001.ff guppi
  -109.26395      0.006038      0.00736 57130.266057963344792 -108.733942036658107   778.593000 guppi_57130_1327+34_0016_0001.ff guppi
  -109.26395      0.011545      0.00908 57130.266057963403000 -108.733942036594399   775.468000 guppi_57130_1327+34_0016_0001.ff guppi
  -109.26395     -0.025423      0.01550 57130.266057962980994 -108.733942037022302   772.343000 guppi_57130_1327+34_0016_0001.ff guppi
  -109.26395      0.008248      0.01381 57130.266057963366620 -108.733942036632655   766.093000 guppi_57130_1327+34_0016_0001.ff guppi
   -76.34905      0.002934      0.00766 57163.180954137002118  -75.819045863000241   772.343000 guppi_57163_1327+34_0009_0001.ff guppi
   -76.34905      0.014009      0.00724 57163.180954137125809  -75.819045862872002   769.218000 guppi_57163_1327+34_0009_0001.ff guppi
   -76.34905      0.002147      0.00858 57163.180954136987566  -75.819045863009194   762.968000 guppi_57163_1327+34_0009_0001.ff guppi
   -76.34905     -0.004808      0.00834 57163.180954136907530  -75.819045863089656   759.843000 guppi_57163_1327+34_0009_0001.ff guppi
   -76.34905      0.014796      0.00851 57163.180954137140361  -75.819045862862694   756.718000 guppi_57163_1327+34_0009_0001.ff guppi
   -76.34905      0.005169      0.00949 57163.180954137023946  -75.819045862974079   753.593000 guppi_57163_1327+34_0009_0001.ff guppi
   -76.34905      0.005349      0.00849 57163.180954137031222  -75.819045862971933   750.468000 guppi_57163_1327+34_0009_0001.ff guppi
   -76.34905     -0.004882      0.00799 57163.180954136907530  -75.819045863090309   747.343000 guppi_57163_1327+34_0009_0001.ff guppi
   -76.34905     -0.012679      0.00796 57163.180954136820219  -75.819045863180492   744.218000 guppi_57163_1327+34_0009_0001.ff guppi
   -76.34905     -0.002490      0.01087 57163.180954136936634  -75.819045863062513   741.093000 guppi_57163_1327+34_0009_0001.ff guppi
   -76.34905     -0.025345      0.01598 57163.180954136674700  -75.819045863326977   737.968000 guppi_57163_1327+34_0009_0001.ff guppi
   -76.34905      0.010646      0.01525 57163.180954137089429  -75.819045862910372   734.843000 guppi_57163_1327+34_0009_0001.ff guppi
   -76.34905     -0.007850      0.01116 57163.180954136878427  -75.819045863124387   731.718000 guppi_57163_1327+34_0009_0001.ff guppi
   -76.34905      0.007651      0.00933 57163.180954137053050  -75.819045862944932   728.593000 guppi_57163_1327+34_0009_0001.ff guppi
   -76.34905     -0.012953      0.01074 57163.180954136820219  -75.819045863183334   725.468000 guppi_57163_1327+34_0009_0001.ff guppi
   -76.34905      0.012610      0.00700 57163.180954617579118  -75.819045382418693   912.968000 guppi_57163_1327+34_0009_0001.ff guppi
   -76.34905      0.005945      0.00727 57163.180954617506359  -75.819045382495801   909.843000 guppi_57163_1327+34_0009_0001.ff guppi
   -76.34905      0.002922      0.00677 57163.180954617469979  -75.819045382530760   906.718000 guppi_57163_1327+34_0009_0001.ff guppi
   -76.34905      0.000195      0.00680 57163.180954617440875  -75.819045382562294   903.593000 guppi_57163_1327+34_0009_0001.ff guppi
   -76.34905      0.004683      0.00712 57163.180954617491807  -75.819045382510325   900.468000 guppi_57163_1327+34_0009_0001.ff guppi
   -76.34905     -0.006136      0.00655 57163.180954617368116  -75.819045382635522   897.343000 guppi_57163_1327+34_0009_0001.ff guppi
   -76.34905      0.002590      0.00639 57163.180954617462703  -75.819045382534483   894.218000 guppi_57163_1327+34_0009_0001.ff guppi
   -76.34905      0.001208      0.00719 57163.180954617448151  -75.819045382550456   891.093000 guppi_57163_1327+34_0009_0001.ff guppi
   -76.34905     -0.005122      0.00767 57163.180954617375392  -75.819045382623699   887.968000 guppi_57163_1327+34_0009_0001.ff guppi
   -76.34905     -0.001832      0.00758 57163.180954617411771  -75.819045382585585   884.843000 guppi_57163_1327+34_0009_0001.ff guppi
   -76.34905     -0.016318      0.00809 57163.180954617244424  -75.819045382753217   881.718000 guppi_57163_1327+34_0009_0001.ff guppi
   -76.34905      0.001505      0.00794 57163.180954617455427  -75.819045382546904   878.635000 guppi_57163_1327+34_0009_0001.ff guppi
   -76.34905     -0.006687      0.01004 57163.180954617360840  -75.819045382641676   874.814000 guppi_57163_1327+34_0009_0001.ff guppi
   -76.34905     -0.010157      0.00612 57163.180954617317184  -75.819045382681807   872.343000 guppi_57163_1327+34_0009_0001.ff guppi
   -76.34905      0.009867      0.00679 57163.180954617550015  -75.819045382450028   869.218000 guppi_57163_1327+34_0009_0001.ff guppi
   -76.34905      0.004497      0.00709 57163.180954617484531  -75.819045382512144   866.093000 guppi_57163_1327+34_0009_0001.ff guppi
   -76.34905      0.014275      0.00790 57163.180954617600946  -75.819045382398940   862.968000 guppi_57163_1327+34_0009_0001.ff guppi
   -76.34905     -0.013681      0.00876 57163.180954617280804  -75.819045382722464   859.843000 guppi_57163_1327+34_0009_0001.ff guppi
   -76.34905      0.002454      0.01171 57163.180954617462703  -75.819045382535691   857.438000 guppi_57163_1327+34_0009_0001.ff guppi
   -76.34905     -0.001327      0.00886 57163.180954617419047  -75.819045382579390   852.873000 guppi_57163_1327+34_0009_0001.ff guppi
   -76.34905     -0.004360      0.00735 57163.180954617382667  -75.819045382614476   850.468000 guppi_57163_1327+34_0009_0001.ff guppi
   -76.34905     -0.001629      0.00726 57163.180954617419047  -75.819045382582829   847.343000 guppi_57163_1327+34_0009_0001.ff guppi
   -76.34905      0.001195      0.00762 57163.180954617448151  -75.819045382550115   844.218000 guppi_57163_1327+34_0009_0001.ff guppi
   -76.34905     -0.011178      0.00800 57163.180954617309908  -75.819045382693275   841.093000 guppi_57163_1327+34_0009_0001.ff guppi
   -76.34905     -0.008221      0.00827 57163.180954617339012  -75.819045382659027   837.968000 guppi_57163_1327+34_0009_0001.ff guppi
   -76.34905     -0.002457      0.00640 57163.180954617404495  -75.819045382592265   834.843000 guppi_57163_1327+34_0009_0001.ff guppi
   -76.34905      0.000264      0.00651 57163.180954617440875  -75.819045382560745   831.718000 guppi_57163_1327+34_0009_0001.ff guppi
   -76.34905     -0.005217      0.00660 57163.180954617375392  -75.819045382624140   828.593000 guppi_57163_1327+34_0009_0001.ff guppi
   -76.34905      0.010915      0.00606 57163.180954617564566  -75.819045382437395   825.468000 guppi_57163_1327+34_0009_0001.ff guppi
   -76.34905      0.009525      0.00576 57163.180954617550015  -75.819045382453439   822.343000 guppi_57163_1327+34_0009_0001.ff guppi
   -76.34905      0.004428      0.00827 57163.180954617484531  -75.819045382512400   819.938000 guppi_57163_1327+34_0009_0001.ff guppi
   -76.34905     -0.011503      0.00760 57163.180954617302632  -75.819045382696743   815.373000 guppi_57163_1327+34_0009_0001.ff guppi
   -76.34905      0.003797      0.00454 57163.180954617477255  -75.819045382519619   812.968000 guppi_57163_1327+34_0009_0001.ff guppi
   -76.34905     -0.003354      0.00463 57163.180954617397219  -75.819045382602354   809.843000 guppi_57163_1327+34_0009_0001.ff guppi
   -76.34905     -0.004046      0.00479 57163.180954617389943  -75.819045382610312   806.718000 guppi_57163_1327+34_0009_0001.ff guppi
   -76.34905      0.001613      0.00461 57163.180954617455427  -75.819045382544772   803.593000 guppi_57163_1327+34_0009_0001.ff guppi
   -76.34905     -0.000362      0.00427 57163.180954617433599  -75.819045382567595   800.468000 guppi_57163_1327+34_0009_0001.ff guppi
   -76.34905     -0.000672      0.00738 57163.180954617426323  -75.819045382571147   798.125000 guppi_57163_1327+34_0009_0001.ff guppi
   -76.34905     -0.001677      0.00693 57163.180954617419047  -75.819045382582715   793.498000 guppi_57163_1327+34_0009_0001.ff guppi
   -76.34905     -0.009084      0.00525 57163.180954617331736  -75.819045382668406   791.093000 guppi_57163_1327+34_0009_0001.ff guppi
   -76.34905      0.007647      0.00512 57163.180954617528187  -75.819045382474727   787.968000 guppi_57163_1327+34_0009_0001.ff guppi
   -76.34905     -0.004276      0.00546 57163.180954617389943  -75.819045382612671   784.843000 guppi_57163_1327+34_0009_0001.ff guppi
   -76.34905      0.004654      0.00591 57163.180954617491807  -75.819045382509273   781.718000 guppi_57163_1327+34_0009_0001.ff guppi
   -76.34905     -0.000625      0.00659 57163.180954617426323  -75.819045382570323   778.593000 guppi_57163_1327+34_0009_0001.ff guppi
   -76.34905      0.001325      0.00651 57163.180954617455427  -75.819045382547714   775.468000 guppi_57163_1327+34_0009_0001.ff guppi
   -76.34905     -0.013377      0.00739 57163.180954617280804  -75.819045382717746   766.093000 guppi_57163_1327+34_0009_0001.ff guppi
   -46.38245      0.013256      0.01477 57193.147559483360965  -45.852440516641877   744.218000 guppi_57193_1327+34_0009_0001.ff guppi
   -46.38245     -0.002250      0.01611 57193.147559483179066  -45.852440516821211   741.093000 guppi_57193_1327+34_0009_0001.ff guppi
   -46.38245     -0.008250      0.01896 57193.147559483106306  -45.852440516890525   737.968000 guppi_57193_1327+34_0009_0001.ff guppi
   -46.38245     -0.006908      0.01282 57193.147559483128134  -45.852440516874850   734.843000 guppi_57193_1327+34_0009_0001.ff guppi
   -46.38245     -0.005838      0.01133 57193.147559483135410  -45.852440516862323   731.718000 guppi_57193_1327+34_0009_0001.ff guppi
   -46.38245      0.009130      0.00960 57193.147559483310033  -45.852440516688944   728.593000 guppi_57193_1327+34_0009_0001.ff guppi
   -46.38244      0.006095      0.01730 57193.147559963741514  -45.852440036258599   900.468000 guppi_57193_1327+34_0009_0001.ff guppi
   -46.38244     -0.007236      0.01633 57193.147559963588719  -45.852440036412752   894.218000 guppi_57193_1327+34_0009_0001.ff guppi
   -46.38244      0.000222      0.01655 57193.147559963676031  -45.852440036326350   891.093000 guppi_57193_1327+34_0009_0001.ff guppi
   -46.38244     -0.023675      0.01431 57193.147559963399544  -45.852440036602857   887.968000 guppi_57193_1327+34_0009_0001.ff guppi
   -46.38244     -0.012000      0.01969 57193.147559963530512  -45.852440036467655   884.843000 guppi_57193_1327+34_0009_0001.ff guppi
   -46.38244     -0.015203      0.01564 57193.147559963494132  -45.852440036504646   881.718000 guppi_57193_1327+34_0009_0001.ff guppi
   -46.38244     -0.020007      0.01052 57193.147559963443200  -45.852440036560168   878.593000 guppi_57193_1327+34_0009_0001.ff guppi
   -46.38244      0.007165      0.01346 57193.147559963756066  -45.852440036245596   875.468000 guppi_57193_1327+34_0009_0001.ff guppi
   -46.38244     -0.013348      0.01296 57193.147559963515960  -45.852440036482932   872.343000 guppi_57193_1327+34_0009_0001.ff guppi
   -46.38244     -0.019531      0.01129 57193.147559963443200  -45.852440036554412   869.218000 guppi_57193_1327+34_0009_0001.ff guppi
   -46.38244      0.002857      0.01189 57193.147559963705135  -45.852440036295206   866.093000 guppi_57193_1327+34_0009_0001.ff guppi
   -46.38244      0.001160      0.01124 57193.147559963683307  -45.852440036314761   862.968000 guppi_57193_1327+34_0009_0001.ff guppi
   -46.38244      0.007095      0.01084 57193.147559963756066  -45.852440036245980   859.883000 guppi_57193_1327+34_0009_0001.ff guppi
   -46.38244     -0.011631      0.01260 57193.147559963537788  -45.852440036462625   856.490000 guppi_57193_1327+34_0009_0001.ff guppi
   -46.38244      0.008528      0.01031 57193.147559963770618  -45.852440036229225   853.593000 guppi_57193_1327+34_0009_0001.ff guppi
   -46.38244     -0.011402      0.00992 57193.147559963537788  -45.852440036459811   850.468000 guppi_57193_1327+34_0009_0001.ff guppi
   -46.38244      0.000628      0.01015 57193.147559963676031  -45.852440036320480   847.343000 guppi_57193_1327+34_0009_0001.ff guppi
   -46.38244      0.009706      0.00944 57193.147559963785170  -45.852440036215320   844.218000 guppi_57193_1327+34_0009_0001.ff guppi
   -46.38244      0.010043      0.01187 57193.147559963785170  -45.852440036211327   841.093000 guppi_57193_1327+34_0009_0001.ff guppi
   -46.38244      0.014669      0.01303 57193.147559963843378  -45.852440036157688   837.968000 guppi_57193_1327+34_0009_0001.ff guppi
   -46.38244     -0.002729      0.01247 57193.147559963639651  -45.852440036358963   834.843000 guppi_57193_1327+34_0009_0001.ff guppi
   -46.38244      0.011045      0.00954 57193.147559963799722  -45.852440036199440   831.718000 guppi_57193_1327+34_0009_0001.ff guppi
   -46.38244     -0.001038      0.00880 57193.147559963661479  -45.852440036339203   828.593000 guppi_57193_1327+34_0009_0001.ff guppi
   -46.38244      0.003045      0.00929 57193.147559963705135  -45.852440036291846   825.468000 guppi_57193_1327+34_0009_0001.ff guppi
   -46.38244      0.001363      0.01073 57193.147559963690583  -45.852440036311215   822.343000 guppi_57193_1327+34_0009_0001.ff guppi
   -46.38244      0.013702      0.01812 57193.147559963828826  -45.852440036168005   809.843000 guppi_57193_1327+34_0009_0001.ff guppi
   -16.57503      0.000600      0.00473 57222.954971272978582  -16.045028727023517   772.343000 guppi_57222_1327+34_0010_0001.ff guppi
   -16.57503     -0.003322      0.00422 57222.954971272927651  -16.045028727068807   769.218000 guppi_57222_1327+34_0010_0001.ff guppi
   -16.57503      0.001115      0.00425 57222.954971272985858  -16.045028727017250   762.968000 guppi_57222_1327+34_0010_0001.ff guppi
   -16.57503      0.000452      0.00424 57222.954971272978582  -16.045028727024814   759.843000 guppi_57222_1327+34_0010_0001.ff guppi
   -16.57503     -0.000647      0.00405 57222.954971272964031  -16.045028727037430   756.718000 guppi_57222_1327+34_0010_0001.ff guppi
   -16.57503     -0.008877      0.00549 57222.954971272869443  -16.045028727132564   753.593000 guppi_57222_1327+34_0010_0001.ff guppi
   -16.57503     -0.002255      0.00722 57222.954971272942203  -16.045028727055811   750.468000 guppi_57222_1327+34_0010_0001.ff guppi
   -16.57503      0.003059      0.00666 57222.954971273007686  -16.045028726994200   747.343000 guppi_57222_1327+34_0010_0001.ff guppi
   -16.57503      0.006117      0.00721 57222.954971273044066  -16.045028726958687   744.218000 guppi_57222_1327+34_0010_0001.ff guppi
   -16.57503     -0.011639      0.00849 57222.954971272833063  -16.045028727164084   741.093000 guppi_57222_1327+34_0010_0001.ff guppi
   -16.57503     -0.001948      0.01552 57222.954971272949479  -16.045028727051804   737.968000 guppi_57222_1327+34_0010_0001.ff guppi
   -16.57503      0.003739      0.01238 57222.954971273014962  -16.045028726985745   731.718000 guppi_57222_1327+34_0010_0001.ff guppi
   -16.57503     -0.001348      0.01254 57222.954971272956755  -16.045028727044492   728.593000 guppi_57222_1327+34_0010_0001.ff guppi
   -16.57503     -0.000347      0.01108 57222.954971272964031  -16.045028727032783   725.468000 guppi_57222_1327+34_0010_0001.ff guppi
   -16.57503      0.015777      0.01656 57222.954971753621066  -16.045028246379562   878.732000 guppi_57222_1327+34_0010_0001.ff guppi
   -16.57503     -0.002085      0.01766 57222.954971753417340  -16.045028246586156   872.343000 guppi_57222_1327+34_0010_0001.ff guppi
   -16.57503      0.014523      0.01760 57222.954971753606515  -16.045028246393862   869.218000 guppi_57222_1327+34_0010_0001.ff guppi
   -16.57503     -0.016543      0.01828 57222.954971753249993  -16.045028246753347   866.093000 guppi_57222_1327+34_0010_0001.ff guppi
   -16.57503     -0.012416      0.01435 57222.954971753293648  -16.045028246705506   862.968000 guppi_57222_1327+34_0010_0001.ff guppi
   -16.57503     -0.011590      0.01733 57222.954971753300924  -16.045028246695868   859.843000 guppi_57222_1327+34_0010_0001.ff guppi
   -16.57503     -0.008147      0.01897 57222.954971753344580  -16.045028246655072   822.343000 guppi_57222_1327+34_0010_0001.ff guppi
   -16.57503     -0.009335      0.01843 57222.954971753330028  -16.045028246668469   809.843000 guppi_57222_1327+34_0010_0001.ff guppi
   -16.57503     -0.004227      0.01707 57222.954971753388236  -16.045028246609263   806.718000 guppi_57222_1327+34_0010_0001.ff guppi
   -16.57503      0.039393      0.01443 57222.954971753897553  -16.045028246104216   800.468000 guppi_57222_1327+34_0010_0001.ff guppi
   -16.57503      0.008789      0.01945 57222.954971753541031  -16.045028246458354   798.003000 guppi_57222_1327+34_0010_0001.ff guppi
   -16.57503     -0.015048      0.01529 57222.954971753264545  -16.045028246734120   793.662000 guppi_57222_1327+34_0010_0001.ff guppi
   -16.57503      0.007516      0.01044 57222.954971753526479  -16.045028246472793   787.968000 guppi_57222_1327+34_0010_0001.ff guppi
   -16.57503      0.009131      0.00741 57222.954971753548307  -16.045028246453995   784.843000 guppi_57222_1327+34_0010_0001.ff guppi
   -16.57503      0.004962      0.00608 57222.954971753497375  -16.045028246502145   781.718000 guppi_57222_1327+34_0010_0001.ff guppi
   -16.57503     -0.002214      0.00598 57222.954971753417340  -16.045028246585112   778.593000 guppi_57222_1327+34_0010_0001.ff guppi
   -16.57503      0.011927      0.00498 57222.954971753577411  -16.045028246421332   775.468000 guppi_57222_1327+34_0010_0001.ff guppi
   -16.57503     -0.005284      0.00402 57222.954971753380960  -16.045028246620230   766.093000 guppi_57222_1327+34_0010_0001.ff guppi
    39.24897     -0.005460      0.00662 57278.778979544782487   39.778979544786026   772.343000 guppi_57278_1327+34_0009_0001.ff guppi
    39.24897     -0.007026      0.00779 57278.778979544767935   39.778979544767957   769.218000 guppi_57278_1327+34_0009_0001.ff guppi
    39.24897      0.004316      0.00617 57278.778979544898903   39.778979544899329   762.968000 guppi_57278_1327+34_0009_0001.ff guppi
    39.24897     -0.001900      0.00570 57278.778979544826143   39.778979544827436   759.843000 guppi_57278_1327+34_0009_0001.ff guppi
    39.24897     -0.000247      0.00642 57278.778979544847971   39.778979544846614   756.718000 guppi_57278_1327+34_0009_0001.ff guppi
    39.24897      0.015493      0.01244 57278.778979545029870   39.778979545028889   750.468000 guppi_57278_1327+34_0009_0001.ff guppi
    39.24897      0.006763      0.01545 57278.778979544928006   39.778979544927900   747.343000 guppi_57278_1327+34_0009_0001.ff guppi
    39.24897      0.035193      0.01793 57278.778979545255424   39.778979545257002   744.218000 guppi_57278_1327+34_0009_0001.ff guppi
    39.24897      0.015914      0.01098 57278.778979545037146   39.778979545033920   741.093000 guppi_57278_1327+34_0009_0001.ff guppi
    39.24897     -0.005799      0.01128 57278.778979544782487   39.778979544782672   737.968000 guppi_57278_1327+34_0009_0001.ff guppi
    39.24897     -0.008703      0.01381 57278.778979544746107   39.778979544749120   734.843000 guppi_57278_1327+34_0009_0001.ff guppi
    39.24897      0.011356      0.01221 57278.778979544978938   39.778979544981340   731.718000 guppi_57278_1327+34_0009_0001.ff guppi
    39.24897     -0.005778      0.01417 57278.778979544782487   39.778979544783084   728.593000 guppi_57278_1327+34_0009_0001.ff guppi
    39.24897     -0.009612      0.01378 57278.778979544738831   39.778979544738760   725.468000 guppi_57278_1327+34_0009_0001.ff guppi
    39.24898      0.009422      0.00463 57278.778980025424971   39.778980025427764   912.968000 guppi_57278_1327+34_0009_0001.ff guppi
    39.24898     -0.002485      0.00448 57278.778980025286728   39.778980025289982   909.843000 guppi_57278_1327+34_0009_0001.ff guppi
    39.24898      0.001428      0.00470 57278.778980025337660   39.778980025335301   906.718000 guppi_57278_1327+34_0009_0001.ff guppi
    39.24898     -0.004602      0.00491 57278.778980025264900   39.778980025265540   903.593000 guppi_57278_1327+34_0009_0001.ff guppi
    39.24898     -0.002167      0.00476 57278.778980025294004   39.778980025293762   900.468000 guppi_57278_1327+34_0009_0001.ff guppi
    39.24898     -0.005682      0.00475 57278.778980025250348   39.778980025253098   897.343000 guppi_57278_1327+34_0009_0001.ff guppi
    39.24898     -0.004128      0.00515 57278.778980025272176   39.778980025271110   894.218000 guppi_57278_1327+34_0009_0001.ff guppi
    39.24898      0.001676      0.00544 57278.778980025337660   39.778980025338321   891.093000 guppi_57278_1327+34_0009_0001.ff guppi
    39.24898      0.013584      0.00513 57278.778980025475903   39.778980025476173   887.968000 guppi_57278_1327+34_0009_0001.ff guppi
    39.24898      0.005048      0.00505 57278.778980025374040   39.778980025377415   884.843000 guppi_57278_1327+34_0009_0001.ff guppi
    39.24898      0.001204      0.00450 57278.778980025330384   39.778980025332956   881.718000 guppi_57278_1327+34_0009_0001.ff guppi
    39.24898      0.009857      0.00500 57278.778980025432247   39.778980025433142   878.593000 guppi_57278_1327+34_0009_0001.ff guppi
    39.24898     -0.000841      0.00536 57278.778980025308556   39.778980025309352   875.468000 guppi_57278_1327+34_0009_0001.ff guppi
    39.24898     -0.003574      0.00513 57278.778980025279452   39.778980025277754   872.343000 guppi_57278_1327+34_0009_0001.ff guppi
    39.24898     -0.002093      0.00616 57278.778980025294004   39.778980025294928   869.218000 guppi_57278_1327+34_0009_0001.ff guppi
    39.24898     -0.001860      0.00532 57278.778980025301280   39.778980025297656   866.093000 guppi_57278_1327+34_0009_0001.ff guppi
    39.24898     -0.005626      0.00477 57278.778980025257624   39.778980025254114   862.968000 guppi_57278_1327+34_0009_0001.ff guppi
    39.24898     -0.009098      0.00530 57278.778980025213968   39.778980025213961   859.843000 guppi_57278_1327+34_0009_0001.ff guppi
    39.24898      0.005641      0.00622 57278.778980025381315   39.778980025384584   856.708000 guppi_57278_1327+34_0009_0001.ff guppi
    39.24898     -0.002156      0.00654 57278.778980025294004   39.778980025294373   853.593000 guppi_57278_1327+34_0009_0001.ff guppi
    39.24898     -0.008479      0.00957 57278.778980025221244   39.778980025221230   850.468000 guppi_57278_1327+34_0009_0001.ff guppi
    39.24898     -0.003809      0.01072 57278.778980025272176   39.778980025275317   847.343000 guppi_57278_1327+34_0009_0001.ff guppi
    39.24898      0.006602      0.00926 57278.778980025395867   39.778980025395853   844.218000 guppi_57278_1327+34_0009_0001.ff guppi
    39.24898     -0.000200      0.00683 57278.778980025315832   39.778980025317153   841.093000 guppi_57278_1327+34_0009_0001.ff guppi
    39.24898      0.005333      0.00676 57278.778980025381315   39.778980025381230   837.968000 guppi_57278_1327+34_0009_0001.ff guppi
    39.24898     -0.004060      0.00815 57278.778980025272176   39.778980025272560   834.843000 guppi_57278_1327+34_0009_0001.ff guppi
    39.24898      0.000265      0.00702 57278.778980025323108   39.778980025322653   831.718000 guppi_57278_1327+34_0009_0001.ff guppi
    39.24898     -0.010161      0.00657 57278.778980025199417   39.778980025202024   828.593000 guppi_57278_1327+34_0009_0001.ff guppi
    39.24898     -0.009231      0.00630 57278.778980025213968   39.778980025212832   825.468000 guppi_57278_1327+34_0009_0001.ff guppi
    39.24898      0.000509      0.00642 57278.778980025323108   39.778980025325595   822.343000 guppi_57278_1327+34_0009_0001.ff guppi
    39.24898     -0.006560      0.00962 57278.778980025243072   39.778980025243811   819.218000 guppi_57278_1327+34_0009_0001.ff guppi
    39.24898      0.003651      0.01508 57278.778980025359488   39.778980025362088   812.968000 guppi_57278_1327+34_0009_0001.ff guppi
    39.24898      0.007204      0.01710 57278.778980025403143   39.778980025403243   809.843000 guppi_57278_1327+34_0009_0001.ff guppi
    39.24898      0.009248      0.01636 57278.778980025424971   39.778980025426954   806.718000 guppi_57278_1327+34_0009_0001.ff guppi
    39.24898     -0.022190      0.00988 57278.778980025061173   39.778980025063127   803.593000 guppi_57278_1327+34_0009_0001.ff guppi
    39.24898     -0.001385      0.01055 57278.778980025301280   39.778980025303966   800.468000 guppi_57278_1327+34_0009_0001.ff guppi
    39.24898     -0.002036      0.01441 57278.778980025294004   39.778980025296462   798.125000 guppi_57278_1327+34_0009_0001.ff guppi
    39.24898     -0.012636      0.01533 57278.778980025170313   39.778980025173851   793.436000 guppi_57278_1327+34_0009_0001.ff guppi
    39.24898      0.003130      0.01037 57278.778980025359488   39.778980025356361   791.093000 guppi_57278_1327+34_0009_0001.ff guppi
    39.24898      0.003171      0.00863 57278.778980025359488   39.778980025356873   787.968000 guppi_57278_1327+34_0009_0001.ff guppi
    39.24898      0.006527      0.00868 57278.778980025395867   39.778980025395768   784.843000 guppi_57278_1327+34_0009_0001.ff guppi
    39.24898     -0.000053      0.00622 57278.778980025323108   39.778980025319655   781.718000 guppi_57278_1327+34_0009_0001.ff guppi
    39.24898      0.008933      0.00568 57278.778980025424971   39.778980025423706   778.593000 guppi_57278_1327+34_0009_0001.ff guppi
    39.24898     -0.004777      0.00584 57278.778980025264900   39.778980025265071   775.468000 guppi_57278_1327+34_0009_0001.ff guppi
    39.24898     -0.002151      0.00726 57278.778980025294004   39.778980025295610   766.093000 guppi_57278_1327+34_0009_0001.ff guppi
    68.17522      0.001111      0.00800 57307.705222076925565   68.705222076926148   772.343000 guppi_57307_1327+34_0009_0001.ff guppi
    68.17522     -0.002553      0.00581 57307.705222076881910   68.705222076883700   769.218000 guppi_57307_1327+34_0009_0001.ff guppi
    68.17522      0.000222      0.00598 57307.705222076918290   68.705222076915732   762.968000 guppi_57307_1327+34_0009_0001.ff guppi
    68.17522      0.000327      0.00613 57307.705222076918290   68.705222076916897   759.843000 guppi_57307_1327+34_0009_0001.ff guppi
    68.17522      0.002073      0.00780 57307.705222076940117   68.705222076937062   756.718000 guppi_57307_1327+34_0009_0001.ff guppi
    68.17522      0.009662      0.00955 57307.705222077027429   68.705222077024843   753.593000 guppi_57307_1327+34_0009_0001.ff guppi
    68.17522      0.004634      0.01078 57307.705222076969221   68.705222076966606   750.468000 guppi_57307_1327+34_0009_0001.ff guppi
    68.17522      0.011637      0.00915 57307.705222077049257   68.705222077047608   747.343000 guppi_57307_1327+34_0009_0001.ff guppi
    68.17522      0.012483      0.00971 57307.705222077056533   68.705222077057357   744.218000 guppi_57307_1327+34_0009_0001.ff guppi
    68.17522      0.015777      0.00847 57307.705222077092913   68.705222077095414   741.093000 guppi_57307_1327+34_0009_0001.ff guppi
    68.17522      0.003808      0.01045 57307.705222076954669   68.705222076956844   737.968000 guppi_57307_1327+34_0009_0001.ff guppi
    68.17522      0.001315      0.01024 57307.705222076925565   68.705222076927924   734.843000 guppi_57307_1327+34_0009_0001.ff guppi
    68.17522     -0.002492      0.00821 57307.705222076881910   68.705222076883814   731.718000 guppi_57307_1327+34_0009_0001.ff guppi
    68.17522     -0.014119      0.00835 57307.705222076750943   68.705222076749195   728.593000 guppi_57307_1327+34_0009_0001.ff guppi
    68.17522     -0.004432      0.00796 57307.705222076860082   68.705222076861247   725.468000 guppi_57307_1327+34_0009_0001.ff guppi
    68.17522     -0.014528      0.01696 57307.705222557218804   68.705222557217553   875.468000 guppi_57307_1327+34_0009_0001.ff guppi
    68.17522     -0.010861      0.01811 57307.705222557262459   68.705222557259958   872.343000 guppi_57307_1327+34_0009_0001.ff guppi
    68.17522      0.002414      0.01659 57307.705222557415254   68.705222557413578   869.218000 guppi_57307_1327+34_0009_0001.ff guppi
    68.17522     -0.002497      0.01596 57307.705222557357047   68.705222557356706   866.093000 guppi_57307_1327+34_0009_0001.ff guppi
    68.17522     -0.001641      0.01401 57307.705222557364323   68.705222557366582   862.968000 guppi_57307_1327+34_0009_0001.ff guppi
    68.17522      0.012400      0.01367 57307.705222557531670   68.705222557529055   859.843000 guppi_57307_1327+34_0009_0001.ff guppi
    68.17522      0.042829      0.01731 57307.705222557880916   68.705222557881214   856.671000 guppi_57307_1327+34_0009_0001.ff guppi
    68.17522      0.002501      0.01499 57307.705222557415254   68.705222557414388   850.468000 guppi_57307_1327+34_0009_0001.ff guppi
    68.17522      0.005308      0.01705 57307.705222557444358   68.705222557446831   847.343000 guppi_57307_1327+34_0009_0001.ff guppi
    68.17522     -0.001972      0.01240 57307.705222557364323   68.705222557362546   844.218000 guppi_57307_1327+34_0009_0001.ff guppi
    68.17522      0.005357      0.01136 57307.705222557444358   68.705222557447343   841.093000 guppi_57307_1327+34_0009_0001.ff guppi
    68.17522      0.010490      0.00818 57307.705222557509842   68.705222557506715   837.968000 guppi_57307_1327+34_0009_0001.ff guppi
    68.17522     -0.005504      0.00760 57307.705222557320667   68.705222557321576   834.843000 guppi_57307_1327+34_0009_0001.ff guppi
    68.17522      0.001628      0.00843 57307.705222557400702   68.705222557404070   831.718000 guppi_57307_1327+34_0009_0001.ff guppi
    68.17522     -0.007006      0.00868 57307.705222557306115   68.705222557304097   828.593000 guppi_57307_1327+34_0009_0001.ff guppi
    68.17522     -0.002089      0.00889 57307.705222557364323   68.705222557360983   825.468000 guppi_57307_1327+34_0009_0001.ff guppi
    68.17522      0.004734      0.00922 57307.705222557437082   68.705222557439910   822.343000 guppi_57307_1327+34_0009_0001.ff guppi
    68.17522     -0.003889      0.00974 57307.705222557342495   68.705222557340079   819.337000 guppi_57307_1327+34_0009_0001.ff guppi
    68.17522     -0.015698      0.01331 57307.705222557204252   68.705222557203356   815.387000 guppi_57307_1327+34_0009_0001.ff guppi
    68.17522     -0.012060      0.00753 57307.705222557247907   68.705222557245435   812.968000 guppi_57307_1327+34_0009_0001.ff guppi
    68.17522      0.008336      0.00748 57307.705222557480738   68.705222557481449   809.843000 guppi_57307_1327+34_0009_0001.ff guppi
    68.17522     -0.013999      0.00801 57307.705222557226080   68.705222557222925   806.718000 guppi_57307_1327+34_0009_0001.ff guppi
    68.17522      0.001541      0.00842 57307.705222557400702   68.705222557402735   803.593000 guppi_57307_1327+34_0009_0001.ff guppi
    68.17522     -0.019139      0.00898 57307.705222557160596   68.705222557163339   800.468000 guppi_57307_1327+34_0009_0001.ff guppi
    68.17522      0.002486      0.01266 57307.705222557415254   68.705222557413592   798.125000 guppi_57307_1327+34_0009_0001.ff guppi
    68.17522      0.010408      0.01113 57307.705222557502566   68.705222557505223   793.436000 guppi_57307_1327+34_0009_0001.ff guppi
    68.17522     -0.007461      0.00842 57307.705222557298839   68.705222557298384   791.093000 guppi_57307_1327+34_0009_0001.ff guppi
    68.17522      0.000151      0.00855 57307.705222557386151   68.705222557386449   787.968000 guppi_57307_1327+34_0009_0001.ff guppi
    68.17522      0.001083      0.00805 57307.705222557400702   68.705222557397178   784.843000 guppi_57307_1327+34_0009_0001.ff guppi
    68.17522     -0.007530      0.01070 57307.705222557298839   68.705222557297461   781.718000 guppi_57307_1327+34_0009_0001.ff guppi
    68.17522      0.002800      0.01304 57307.705222557415254   68.705222557416960   778.593000 guppi_57307_1327+34_0009_0001.ff guppi
    68.17522     -0.001444      0.00543 57307.705222557364323   68.705222557367676   766.093000 guppi_57307_1327+34_0009_0001.ff guppi
   101.09528      0.005259      0.01387 57340.625277071616438  101.625277071612814   762.968000 guppi_57340_1327+34_0009_0001.ff guppi
   101.09528     -0.011958      0.01407 57340.625277071412711  101.625277071413393   759.843000 guppi_57340_1327+34_0009_0001.ff guppi
   101.09528     -0.000210      0.01832 57340.625277071550954  101.625277071549220   756.718000 guppi_57340_1327+34_0009_0001.ff guppi
   101.09528      0.018560      0.01461 57340.625277552244370  101.625277552243176   912.968000 guppi_57340_1327+34_0009_0001.ff guppi
   101.09528      0.020155      0.01298 57340.625277552258922  101.625277552261565   909.843000 guppi_57340_1327+34_0009_0001.ff guppi
   101.09528      0.015610      0.01382 57340.625277552207990  101.625277552208871   906.718000 guppi_57340_1327+34_0009_0001.ff guppi
   101.09528      0.023066      0.01289 57340.625277552295302  101.625277552295074   903.593000 guppi_57340_1327+34_0009_0001.ff guppi
   101.09528     -0.012212      0.01217 57340.625277551887848  101.625277551886683   900.468000 guppi_57340_1327+34_0009_0001.ff guppi
   101.09528     -0.008359      0.01133 57340.625277551931504  101.625277551931191   897.343000 guppi_57340_1327+34_0009_0001.ff guppi
   101.09528      0.009792      0.00995 57340.625277552142506  101.625277552141199   894.218000 guppi_57340_1327+34_0009_0001.ff guppi
   101.09528     -0.007359      0.01052 57340.625277551946056  101.625277551942602   891.093000 guppi_57340_1327+34_0009_0001.ff guppi
   101.09528     -0.007802      0.00968 57340.625277551938780  101.625277551937373   887.968000 guppi_57340_1327+34_0009_0001.ff guppi
   101.09528     -0.010471      0.00865 57340.625277551909676  101.625277551906393   884.843000 guppi_57340_1327+34_0009_0001.ff guppi
   101.09528     -0.001628      0.01028 57340.625277552011539  101.625277552008640   881.718000 guppi_57340_1327+34_0009_0001.ff guppi
   101.09528      0.001352      0.01005 57340.625277552040643  101.625277552043045   878.598000 guppi_57340_1327+34_0009_0001.ff guppi
   101.09528      0.007467      0.01085 57340.625277552113403  101.625277552113729   875.439000 guppi_57340_1327+34_0009_0001.ff guppi
   101.09528     -0.009899      0.01080 57340.625277551909676  101.625277551912646   872.343000 guppi_57340_1327+34_0009_0001.ff guppi
   101.09528     -0.011072      0.01132 57340.625277551902400  101.625277551898975   869.218000 guppi_57340_1327+34_0009_0001.ff guppi
   101.09528      0.007762      0.01305 57340.625277552113403  101.625277552116856   866.093000 guppi_57340_1327+34_0009_0001.ff guppi
   101.09528     -0.007797      0.01355 57340.625277551938780  101.625277551936676   862.968000 guppi_57340_1327+34_0009_0001.ff guppi
   101.09528     -0.001173      0.01530 57340.625277552011539  101.625277552013245   859.843000 guppi_57340_1327+34_0009_0001.ff guppi
   101.09528      0.007623      0.01798 57340.625277552113403  101.625277552114966   856.742000 guppi_57340_1327+34_0009_0001.ff guppi
   101.09528      0.008105      0.01882 57340.625277552120679  101.625277552120437   853.583000 guppi_57340_1327+34_0009_0001.ff guppi
   101.09528     -0.010199      0.01774 57340.625277551909676  101.625277551908056   837.968000 guppi_57340_1327+34_0009_0001.ff guppi
   101.09528     -0.006703      0.01856 57340.625277551946056  101.625277551948301   831.718000 guppi_57340_1327+34_0009_0001.ff guppi
   101.09528     -0.002092      0.01924 57340.625277552004263  101.625277552001563   828.593000 guppi_57340_1327+34_0009_0001.ff guppi
   101.09528     -0.005268      0.01965 57340.625277551960608  101.625277551964103   809.843000 guppi_57340_1327+34_0009_0001.ff guppi
   101.09528      0.022589      0.01895 57340.625277552288026  101.625277552284729   766.093000 guppi_57340_1327+34_0009_0001.ff guppi
   160.04628     -0.002809      0.00522 57399.576278301727143  160.576278301724074   772.343000 guppi_57399_1327+34_0009_0001.ff guppi
   160.04628     -0.003158      0.00614 57399.576278301719867  160.576278301720038   769.218000 guppi_57399_1327+34_0009_0001.ff guppi
   160.04628      0.004755      0.00555 57399.576278301814455  160.576278301811669   762.968000 guppi_57399_1327+34_0009_0001.ff guppi
   160.04628      0.001661      0.00540 57399.576278301778075  160.576278301775858   759.843000 guppi_57399_1327+34_0009_0001.ff guppi
   160.04628     -0.002380      0.00576 57399.576278301727143  160.576278301729133   756.718000 guppi_57399_1327+34_0009_0001.ff guppi
   160.04628      0.012516      0.00752 57399.576278301901766  160.576278301901567   753.593000 guppi_57399_1327+34_0009_0001.ff guppi
   160.04628      0.002084      0.00884 57399.576278301778075  160.576278301780860   750.468000 guppi_57399_1327+34_0009_0001.ff guppi
   160.04628      0.001113      0.00852 57399.576278301770799  160.576278301769605   747.343000 guppi_57399_1327+34_0009_0001.ff guppi
   160.04628      0.010564      0.00945 57399.576278301879938  160.576278301879029   744.218000 guppi_57399_1327+34_0009_0001.ff guppi
   160.04628      0.010689      0.01129 57399.576278301879938  160.576278301880507   741.093000 guppi_57399_1327+34_0009_0001.ff guppi
   160.04628     -0.011901      0.01602 57399.576278301618004  160.576278301619084   737.968000 guppi_57399_1327+34_0009_0001.ff guppi
   160.04628     -0.007932      0.01487 57399.576278301661659  160.576278301665013   734.843000 guppi_57399_1327+34_0009_0001.ff guppi
   160.04628     -0.017898      0.01451 57399.576278301552520  160.576278301549706   731.718000 guppi_57399_1327+34_0009_0001.ff guppi
   160.04628     -0.012656      0.01819 57399.576278301610728  160.576278301610387   728.593000 guppi_57399_1327+34_0009_0001.ff guppi
   160.04628      0.000780      0.01625 57399.576278782238660  160.576278782236045   912.968000 guppi_57399_1327+34_0009_0001.ff guppi
   160.04628      0.003227      0.01421 57399.576278782267764  160.576278782264382   909.843000 guppi_57399_1327+34_0009_0001.ff guppi
   160.04628      0.020911      0.01213 57399.576278782471491  160.576278782469075   906.718000 guppi_57399_1327+34_0009_0001.ff guppi
   160.04628      0.014614      0.01210 57399.576278782398731  160.576278782396201   903.593000 guppi_57399_1327+34_0009_0001.ff guppi
   160.04628      0.002651      0.00959 57399.576278782260488  160.576278782257759   900.468000 guppi_57399_1327+34_0009_0001.ff guppi
   160.04628      0.005391      0.00858 57399.576278782289592  160.576278782289478   897.343000 guppi_57399_1327+34_0009_0001.ff guppi
   160.04628     -0.000194      0.00967 57399.576278782224108  160.576278782224847   894.201000 guppi_57399_1327+34_0009_0001.ff guppi
   160.04628      0.007388      0.00860 57399.576278782311419  160.576278782312613   891.093000 guppi_57399_1327+34_0009_0001.ff guppi
   160.04628     -0.001305      0.00830 57399.576278782209556  160.576278782212029   887.968000 guppi_57399_1327+34_0009_0001.ff guppi
   160.04628      0.002243      0.00705 57399.576278782253212  160.576278782253098   884.843000 guppi_57399_1327+34_0009_0001.ff guppi
   160.04628     -0.002203      0.00600 57399.576278782202280  160.576278782201655   881.718000 guppi_57399_1327+34_0009_0001.ff guppi
   160.04628     -0.003878      0.00567 57399.576278782180452  160.576278782182300   878.593000 guppi_57399_1327+34_0009_0001.ff guppi
   160.04628      0.006216      0.00468 57399.576278782296868  160.576278782299141   875.468000 guppi_57399_1327+34_0009_0001.ff guppi
   160.04628     -0.001573      0.00388 57399.576278782209556  160.576278782208988   872.343000 guppi_57399_1327+34_0009_0001.ff guppi
   160.04628      0.001356      0.00361 57399.576278782245936  160.576278782242923   869.218000 guppi_57399_1327+34_0009_0001.ff guppi
   160.04628      0.000080      0.00357 57399.576278782231384  160.576278782228144   866.093000 guppi_57399_1327+34_0009_0001.ff guppi
   160.04628     -0.002402      0.00371 57399.576278782202280  160.576278782199438   862.968000 guppi_57399_1327+34_0009_0001.ff guppi
   160.04628      0.001574      0.00337 57399.576278782245936  160.576278782245481   859.843000 guppi_57399_1327+34_0009_0001.ff guppi
   160.04628      0.003228      0.00315 57399.576278782267764  160.576278782264637   856.718000 guppi_57399_1327+34_0009_0001.ff guppi
   160.04628     -0.000064      0.00312 57399.576278782224108  160.576278782226552   853.593000 guppi_57399_1327+34_0009_0001.ff guppi
   160.04628     -0.003771      0.00313 57399.576278782180452  160.576278782183664   850.468000 guppi_57399_1327+34_0009_0001.ff guppi
   160.04628      0.000635      0.00270 57399.576278782231384  160.576278782234652   847.343000 guppi_57399_1327+34_0009_0001.ff guppi
   160.04628      0.000690      0.00225 57399.576278782238660  160.576278782235335   844.218000 guppi_57399_1327+34_0009_0001.ff guppi
   160.04628     -0.004023      0.00221 57399.576278782180452  160.576278782180793   841.093000 guppi_57399_1327+34_0009_0001.ff guppi
   160.04628     -0.001208      0.00250 57399.576278782216832  160.576278782213365   837.980000 guppi_57399_1327+34_0009_0001.ff guppi
   160.04628     -0.001357      0.00214 57399.576278782209556  160.576278782211688   834.742000 guppi_57399_1327+34_0009_0001.ff guppi
   160.04628     -0.000979      0.00205 57399.576278782216832  160.576278782216065   831.718000 guppi_57399_1327+34_0009_0001.ff guppi
   160.04628      0.002456      0.00217 57399.576278782253212  160.576278782255827   828.593000 guppi_57399_1327+34_0009_0001.ff guppi
   160.04628      0.007466      0.00212 57399.576278782311419  160.576278782313835   825.468000 guppi_57399_1327+34_0009_0001.ff guppi
   160.04628      0.004030      0.00228 57399.576278782275040  160.576278782274102   822.343000 guppi_57399_1327+34_0009_0001.ff guppi
   160.04628      0.001330      0.00362 57399.576278782245936  160.576278782242866   820.000000 guppi_57399_1327+34_0009_0001.ff guppi
   160.04628     -0.005132      0.00344 57399.576278782165900  160.576278782168117   812.186000 guppi_57399_1327+34_0009_0001.ff guppi
   160.04628     -0.006690      0.00246 57399.576278782151348  160.576278782150098   809.843000 guppi_57399_1327+34_0009_0001.ff guppi
   160.04628     -0.004060      0.00249 57399.576278782180452  160.576278782180566   806.718000 guppi_57399_1327+34_0009_0001.ff guppi
   160.04628     -0.002607      0.00266 57399.576278782195004  160.576278782197392   803.593000 guppi_57399_1327+34_0009_0001.ff guppi
   160.04628     -0.000022      0.00298 57399.576278782224108  160.576278782227320   800.468000 guppi_57399_1327+34_0009_0001.ff guppi
   160.04628      0.000034      0.00443 57399.576278782231384  160.576278782227973   798.125000 guppi_57399_1327+34_0009_0001.ff guppi
   160.04628     -0.002114      0.00353 57399.576278782202280  160.576278782203161   791.093000 guppi_57399_1327+34_0009_0001.ff guppi
   160.04628      0.001738      0.00371 57399.576278782245936  160.576278782247755   787.968000 guppi_57399_1327+34_0009_0001.ff guppi
   160.04628      0.006635      0.00368 57399.576278782304144  160.576278782304456   784.843000 guppi_57399_1327+34_0009_0001.ff guppi
   160.04628      0.002988      0.00380 57399.576278782260488  160.576278782262278   781.718000 guppi_57399_1327+34_0009_0001.ff guppi
   160.04628      0.003385      0.00381 57399.576278782267764  160.576278782266883   778.593000 guppi_57399_1327+34_0009_0001.ff guppi
   160.04628      0.000113      0.00460 57399.576278782231384  160.576278782229053   775.468000 guppi_57399_1327+34_0009_0001.ff guppi
   160.04628      0.002655      0.00646 57399.576278782260488  160.576278782258527   766.093000 guppi_57399_1327+34_0009_0001.ff guppi
