-987.5164864 -3.175045823e-06 3.437e-06
-987.5164864 -7.123501836e-07 3.38e-06
-987.5164864 3.940158607e-06 2.905e-06
-987.5164864 -9.96283053e-07 2.988e-06
-987.5164864 -2.796877928e-06 2.981e-06
-987.5164864 -5.853716767e-08 3.306e-06
-987.5164864 2.576666875e-06 4.284e-06
-987.5164864 -1.861587685e-06 4.791e-06
-987.5164864 5.967899755e-06 4.162e-06
-987.5164864 -4.596551944e-06 4.568e-06
-987.5164864 -4.398566314e-06 4.199e-06
-987.5164864 2.109789145e-06 4.482e-06
-987.5164864 -7.229607297e-06 4.25e-06
-987.5164869 5.112870665e-06 3.67e-06
-987.5164869 3.536352533e-06 4.122e-06
-987.5164869 3.842371671e-07 6.24e-06
-987.5164869 2.205398002e-06 5.007e-06
-987.5164869 -6.027734577e-06 5.448e-06
-987.5164869 -1.900424878e-06 8.166e-06
-987.5164869 -2.819753511e-06 9.075e-06
-987.5164869 1.042946859e-07 6.803e-06
-987.5164869 -9.058924149e-07 1.0549e-05
-987.5164869 -1.00733944e-05 1.695e-05
-987.5164869 7.906156247e-06 9.848e-06
-987.5164869 -6.259792173e-06 9.379e-06
-987.5164869 -9.735130574e-06 5.883e-06
-987.5164869 3.753062387e-06 6.422e-06
-987.5164869 -8.077269516e-06 1.0248e-05
-987.5164869 -6.084521155e-06 8.923e-06
-987.5164869 6.109551799e-06 1.2481e-05
-966.721628 8.847655098e-07 6.389e-06
-966.721628 -2.042045301e-06 5.138e-06
-966.721628 -7.799897096e-06 5.545e-06
-966.721628 6.273351064e-06 6.921e-06
-966.721628 -9.572866055e-06 5.536e-06
-966.721628 5.034482869e-06 5.45e-06
-966.721628 -4.880453193e-06 6.384e-06
-966.721628 -2.365882242e-06 6.477e-06
-966.721628 -2.476999755e-06 5.005e-06
-966.721628 -8.593988286e-06 4.439e-06
-966.721628 5.408660375e-06 4.361e-06
-966.721628 -2.72716765e-06 4.216e-06
-966.721628 7.498406338e-06 4.796e-06
-966.7216285 4.011242924e-06 4.827e-06
-966.7216285 2.363511389e-06 4.607e-06
-966.7216285 -9.012220959e-06 8.376e-06
-966.7216285 -1.78528513e-06 8.286e-06
-966.7216285 -5.347184695e-06 1.1932e-05
-966.7216285 3.306475493e-06 1.0476e-05
-966.7216285 -1.669252857e-05 9.531e-06
-966.7216285 3.177554615e-06 7.694e-06
-966.7216285 2.10739206e-05 1.1149e-05
-966.7216285 -1.031800525e-05 1.562e-05
-966.7216285 1.710346464e-05 1.6379e-05
-936.7341591 2.682202149e-06 3.269e-06
-936.7341591 1.90131001e-06 3.413e-06
-936.7341591 2.364811238e-06 4.085e-06
-936.7341591 7.959669872e-07 4.307e-06
-936.7341591 -6.647678753e-06 3.84e-06
-936.7341591 -1.182047557e-06 3.159e-06
-936.7341591 -5.872925692e-06 3.147e-06
-936.7341591 -3.678815162e-06 2.369e-06
-936.7341591 -1.113289777e-06 2.929e-06
-936.7341591 -4.591698082e-07 3.611e-06
-936.7341591 -1.167313759e-06 3.002e-06
-936.7341591 2.640148938e-07 3.081e-06
-936.7341591 3.21814463e-06 2.995e-06
-936.7341596 7.313461435e-07 3.445e-06
-936.7341596 5.826176334e-06 3.274e-06
-936.7341596 -1.04899881e-05 4.342e-06
-936.7341596 -9.673398446e-07 3.071e-06
-936.7341596 -2.24611213e-06 3.663e-06
-936.7341596 -8.228040687e-06 6.428e-06
-936.7341596 8.60595593e-06 5.324e-06
-936.7341596 4.378976763e-07 5.493e-06
-936.7341596 5.239586352e-06 4.917e-06
-936.7341596 -4.645484318e-07 8.117e-06
-936.7341596 2.850343555e-07 1.0131e-05
-936.7341596 -2.179503001e-06 1.1371e-05
-936.7341596 2.049061879e-05 1.8224e-05
-936.7341596 1.617216717e-06 1.984e-05
-903.8192625 6.514150853e-06 5.105e-06
-903.8192625 -6.952885648e-07 4.754e-06
-903.8192625 -3.280152098e-06 4.896e-06
-903.8192625 2.636137247e-08 4.838e-06
-903.8192625 -4.842857272e-06 5.335e-06
-903.8192625 -8.354416309e-06 5.743e-06
-903.8192625 -9.895634664e-06 5.362e-06
-903.8192625 6.338879854e-06 4.907e-06
-903.8192625 1.921167735e-07 5.983e-06
-903.8192625 -5.65446828e-07 7.239e-06
-903.8192625 -3.444372754e-06 5.279e-06
-903.8192625 -4.920823697e-06 5.672e-06
-903.8192625 -5.259394492e-06 5.146e-06
-903.819263 -2.63847035e-06 4.686e-06
-903.819263 1.029413505e-05 4.23e-06
-903.819263 -3.499784575e-06 5.68e-06
-903.819263 4.577793167e-07 3.199e-06
-903.819263 -8.636596542e-07 3.297e-06
-903.819263 -2.018658429e-07 3.661e-06
-903.819263 -6.405108548e-06 4.181e-06
-903.819263 2.168436507e-06 3.729e-06
-903.819263 2.311784268e-06 4.455e-06
-903.819263 2.139275846e-06 4.986e-06
-903.819263 7.625850806e-07 5.091e-06
-903.819263 -1.340052982e-06 5.977e-06
-903.819263 1.031132449e-05 6.323e-06
-903.819263 -1.935780568e-07 5.885e-06
-903.819263 -9.180590784e-06 6.636e-06
-903.819263 -8.806413315e-06 1.1411e-05
-903.819263 -5.192567341e-07 7.364e-06
-873.8526581 1.865197224e-05 1.6246e-05
-873.8526581 -6.419147341e-06 1.3396e-05
-873.8526581 -5.817823542e-06 1.1818e-05
-873.8526581 -2.039140749e-05 1.1594e-05
-873.8526581 -4.589391766e-06 9.345e-06
-873.8526581 -9.819588865e-06 8.35e-06
-873.8526581 2.680517683e-06 7.92e-06
-873.8526581 -1.033324345e-06 7.842e-06
-873.8526581 -6.236816386e-06 7.113e-06
-873.8526581 8.769880298e-06 7.506e-06
-873.8526581 4.587318805e-06 8.911e-06
-873.8526586 4.026046362e-06 6.474e-06
-873.8526586 1.3316001e-06 6.996e-06
-873.8526586 6.553816365e-06 1.3987e-05
-873.8526586 1.954044573e-05 1.7493e-05
-873.8526586 -2.039095325e-05 1.8037e-05
-873.8526586 3.929662666e-06 1.0802e-05
-873.8526586 -9.6064152e-06 1.1131e-05
-873.8526586 1.099213448e-07 7.439e-06
-844.0452458 -2.138334722e-06 1.6993e-05
-844.0452458 -2.243313138e-06 1.9505e-05
-844.0452458 -8.946584698e-06 1.8311e-05
-844.0452458 -3.092042236e-06 1.6834e-05
-844.0452458 2.321548992e-05 1.6854e-05
-844.0452458 3.154469924e-05 1.5121e-05
-844.0452458 -5.593721106e-06 1.4e-05
-844.0452458 -1.154545687e-06 1.2764e-05
-844.0452458 -1.299807662e-05 1.1338e-05
-844.0452458 -4.950344547e-06 1.8009e-05
-844.0452458 -1.996717075e-05 1.96e-05
-844.0452463 -2.125715273e-05 1.8807e-05
-844.0452463 -1.93181214e-05 1.7992e-05
-844.0452463 1.424520033e-05 1.4598e-05
-844.0452463 -2.816863434e-06 1.4475e-05
-844.0452463 -7.701429801e-06 1.3858e-05
-844.0452463 2.735768104e-05 1.1624e-05
-844.0452463 1.868898008e-05 9.171e-06
-844.0452463 7.808365287e-06 6.183e-06
-844.0452463 7.972183962e-07 4.318e-06
-844.0452463 5.441746372e-06 3.474e-06
-844.0452463 -5.119328863e-06 2.947e-06
-844.0452463 -3.821006447e-07 3.058e-06
-844.0452463 -5.61935768e-06 3.412e-06
-844.0452463 -1.022100703e-06 4.939e-06
-844.0452463 -3.853141705e-06 5.629e-06
-844.0452463 -2.289628956e-05 1.3312e-05
-844.0452463 -1.231136695e-06 8.98e-06
-844.0452463 2.131190595e-05 1.0846e-05
-788.2212394 1.765881522e-06 3.281e-06
-788.2212394 -2.788708789e-06 3.393e-06
-788.2212394 -4.894723352e-06 3.367e-06
-788.2212394 -2.088545652e-06 3.726e-06
-788.2212394 8.479896473e-06 3.573e-06
-788.2212394 5.073008899e-06 3.348e-06
-788.2212394 -2.463337046e-06 3.808e-06
-788.2212394 -2.144104418e-06 4.028e-06
-788.2212394 -7.334397408e-06 3.496e-06
-788.2212394 1.831569773e-06 4.465e-06
-788.2212394 -6.500709099e-06 6.967e-06
-788.2212398 2.610461488e-06 5.505e-06
-788.2212394 1.282121286e-06 5.272e-06
-788.2212398 -4.968244189e-06 4.739e-06
-788.2212398 -4.659141046e-06 4.449e-06
-788.2212398 -6.397424171e-06 9.644e-06
-788.2212398 4.820226656e-06 1.1429e-05
-788.2212398 -1.091118953e-05 8.7e-06
-788.2212398 -1.877826666e-06 8.543e-06
-788.2212398 -2.470248773e-06 8.634e-06
-788.2212398 4.429166681e-06 6.228e-06
-788.2212398 3.979478392e-06 4.215e-06
-788.2212398 -5.879285036e-06 4.321e-06
-788.2212398 -5.494364139e-06 5.247e-06
-788.2212398 -2.412866775e-08 4.247e-06
-788.2212398 8.140860038e-06 5.161e-06
-788.2212398 1.0062088e-05 9.803e-06
-788.2212398 2.101575798e-05 9.671e-06
-788.2212398 -9.276657012e-06 8.857e-06
-788.2212398 5.581639537e-07 9.163e-06
-759.2949968 -1.243634241e-05 1.2267e-05
-759.2949968 8.176442834e-07 1.155e-05
-759.2949968 6.296474474e-06 9.858e-06
-759.2949968 5.230114683e-06 1.1465e-05
-759.2949968 2.853366283e-06 8.26e-06
-759.2949968 3.210354312e-06 5.608e-06
-759.2949973 -1.418677355e-06 6.018e-06
-759.2949973 2.217812154e-06 6.316e-06
-759.2949973 -6.612346865e-06 7.731e-06
-759.2949973 -5.724038995e-07 5.351e-06
-759.2949973 -4.763253179e-06 5.812e-06
-759.2949973 -1.083726807e-05 7.382e-06
-759.2949973 -1.098419139e-08 6.841e-06
-759.2949973 1.347903208e-06 5.877e-06
-759.2949973 -2.131118666e-06 8.209e-06
-759.2949973 -1.23873881e-05 6.326e-06
-759.2949973 -1.736989124e-06 3.973e-06
-759.2949973 2.815433982e-07 4.248e-06
-759.2949973 5.324498258e-06 6.071e-06
-759.2949973 7.882349781e-06 6.958e-06
-759.2949973 1.350452771e-05 6.416e-06
-759.2949973 1.489102261e-06 7.261e-06
-759.2949973 -9.292980169e-06 5.879e-06
-726.3749423 1.932317001e-05 9.764e-06
-726.3749423 1.957886308e-05 9.437e-06
-726.3749423 -1.018620413e-05 8.314e-06
-726.3749423 1.530861585e-06 7.236e-06
-726.3749423 -8.498568509e-06 6.441e-06
-726.3749423 5.897392176e-07 7.155e-06
-726.3749423 6.525718381e-09 7.5e-06
-726.3749423 -1.694615893e-06 8.524e-06
-726.3749423 -3.442107645e-06 1.0238e-05
-726.3749423 9.158373007e-06 1.3182e-05
-726.3749423 -1.851418563e-05 1.6101e-05
-726.3749423 -2.411948105e-05 1.2379e-05
-726.3749428 -2.370687642e-06 1.3572e-05
-726.3749428 1.183669961e-05 1.8238e-05
-726.3749428 8.588507505e-06 1.527e-05
-726.3749428 8.613370826e-06 1.6209e-05
-726.3749428 -2.148759569e-06 9.716e-06
-726.3749428 -2.307761967e-06 1.4721e-05
-667.4239425 1.08871355e-06 1.0567e-05
-667.4239425 1.707183239e-05 8.544e-06
-667.4239425 3.500147793e-06 6.316e-06
-667.4239425 3.376445152e-06 6.488e-06
-667.4239425 7.177341804e-08 5.27e-06
-667.4239425 -3.46464894e-06 4.058e-06
-667.4239425 1.508934196e-06 3.046e-06
-667.4239425 5.355816088e-07 2.486e-06
-667.4239425 -3.966390952e-07 2.508e-06
-667.4239425 1.339495341e-06 2.188e-06
-667.4239425 -1.724217144e-06 2.017e-06
-667.4239425 -1.880456966e-06 1.586e-06
-667.4239425 -1.574116418e-06 1.607e-06
-667.423943 3.309925734e-07 1.504e-06
-667.423943 5.53601938e-06 1.571e-06
-667.423943 9.860333822e-07 3.612e-06
-667.423943 -6.797103936e-06 1.996e-06
-667.423943 -4.027760787e-06 1.814e-06
-667.423943 -9.37650227e-07 2.505e-06
-667.423943 -3.29536745e-06 3.532e-06
-667.423943 2.873496384e-06 2.66e-06
-667.423943 1.572316411e-06 2.654e-06
-667.423943 -3.096153999e-06 3.484e-06
-667.423943 -2.417170728e-06 4.494e-06
-667.423943 7.88661677e-07 3.975e-06
-667.423943 1.540086191e-06 4.663e-06
-667.423943 -1.449957219e-06 6.235e-06
-667.423943 6.920690959e-06 7.366e-06
-667.423943 -1.397308535e-05 1.1043e-05
-667.423943 -1.970975729e-05 1.1165e-05
267.8832515 -1.742268645e-05 1.4197e-05
267.8832515 3.434255322e-06 7.641e-06
267.8832515 -8.423702488e-06 8.775e-06
267.8832515 4.481890908e-06 1.9122e-05
267.8832515 9.180135904e-06 1.3985e-05
267.8832515 1.674257296e-05 1.0865e-05
267.8832515 1.641720124e-05 1.5875e-05
267.883252 4.870642148e-06 1.7809e-05
267.883252 -6.589809638e-06 1.9007e-05
267.883252 -2.526653424e-06 9.424e-06
267.883252 -2.576460453e-07 5.732e-06
286.8333471 -8.403807983e-06 8.48e-06
286.8333471 -1.077073385e-05 6.185e-06
286.8333471 -1.104430891e-06 4.893e-06
286.8333471 1.823001676e-05 7.739e-06
286.8333471 -4.335126597e-06 1.0005e-05
286.8333471 9.407224666e-06 1.0534e-05
286.8333475 1.49316308e-05 1.8386e-05
286.8333475 -1.849816573e-05 1.6968e-05
286.8333475 -3.260946245e-06 1.0076e-05
286.8333475 -9.969129052e-06 1.1616e-05
310.7642134 -1.077659725e-05 1.0604e-05
310.7642134 -9.592727021e-07 2.849e-06
310.7642134 4.492852451e-06 1.871e-06
310.7642134 1.384324619e-06 2.632e-06
310.7642134 3.280075379e-06 2.658e-06
310.7642134 -3.582198571e-06 2.069e-06
310.7642139 -6.347404896e-06 2.165e-06
310.7642139 -1.279893688e-06 3.208e-06
310.7642139 -4.822762086e-06 4.651e-06
310.7642139 -2.189706714e-06 5.83e-06
330.7100365 -3.014264164e-06 2.381e-06
330.7100365 -1.43651823e-06 8.3e-07
330.7100365 2.352527646e-06 1.184e-06
330.7100365 -1.589995466e-06 1.58e-06
330.7100365 2.772085373e-07 1.454e-06
330.7100365 1.604479633e-06 1.784e-06
330.7100365 1.799039635e-07 2.1e-06
330.7100365 -5.278974192e-06 1.573e-06
330.710037 -5.277868167e-07 1.206e-06
330.710037 6.248660961e-08 1.096e-06
330.710037 -7.444966706e-07 1.026e-06
330.710037 -1.131259295e-06 1.438e-06
330.710037 5.903523058e-06 2.674e-06
330.710037 4.202381436e-06 3.998e-06
330.710037 1.995681919e-05 1.8232e-05
351.669328 8.327330216e-07 2.801e-06
351.669328 -5.318327447e-06 3.154e-06
351.669328 -1.125943402e-06 2.806e-06
351.669328 3.204570146e-06 4.322e-06
351.669328 -9.604949449e-07 3.213e-06
351.669328 3.315073744e-06 6.427e-06
351.669328 4.662296884e-06 3.879e-06
351.669328 -3.667219392e-06 4.779e-06
351.6693285 1.493138022e-06 2.871e-06
351.6693285 1.812146583e-07 4.173e-06
351.6693285 -1.023098764e-05 5.047e-06
351.6693285 -2.148569705e-06 6.167e-06
351.6693285 5.521301421e-06 7.965e-06
373.5947951 1.697742332e-07 2.459e-06
373.5947951 -3.373145302e-07 1.756e-06
373.5947951 -3.37365686e-08 1.533e-06
373.5947951 2.129985422e-06 1.271e-06
373.5947951 -1.631434538e-06 1.084e-06
373.5947951 1.869688043e-06 1.579e-06
373.5947951 -1.171309811e-06 2.433e-06
373.5947951 4.491027896e-07 2.85e-06
373.5947956 -3.504017996e-06 2.453e-06
373.5947956 -1.109159287e-06 3.55e-06
373.5947956 -1.048845983e-05 1.6688e-05
373.5947956 1.750517319e-05 1.2993e-05
373.5947956 -4.765600831e-06 3.738e-06
373.5947956 -5.587931844e-06 2.045e-06
400.5233024 -1.343556587e-06 1.101e-06
400.5233024 -1.364122538e-06 6.74e-07
400.5233024 -9.021560745e-07 8.05e-07
400.5233024 -3.023670598e-07 6.03e-07
400.5233024 1.004645038e-06 8.6e-07
400.5233024 1.836491629e-06 1.23e-06
400.5233024 -1.790482281e-06 1.25e-06
400.5233024 4.435322922e-07 2.014e-06
400.5233029 -5.993535561e-07 1.592e-06
400.5233029 8.645122694e-07 2.367e-06
400.5233029 -2.84418279e-07 4.202e-06
400.5233029 4.114546106e-06 4.851e-06
400.5233029 -2.184159445e-06 4.851e-06
400.5233029 -1.044123447e-05 5.534e-06
442.4247926 -1.258634337e-06 3.623e-06
442.4247926 4.344512419e-06 3.437e-06
442.4247926 -2.043209929e-06 1.4466e-05
442.4247926 2.752953537e-06 6.73e-06
442.4247926 -5.571651473e-06 8.502e-06
442.4247926 -6.854414184e-06 5.904e-06
442.4247926 -6.742682747e-06 5.193e-06
442.4247926 -2.84974787e-07 5.428e-06
442.4247931 9.083021744e-07 4.062e-06
442.4247931 -1.139995784e-05 6.469e-06
457.3807548 3.256144121e-06 9.198e-06
457.3807548 -3.006033832e-06 2.379e-06
457.3807548 6.280000336e-07 1.796e-06
457.3807548 7.848537615e-07 2.568e-06
457.3807548 2.200527739e-06 4.901e-06
457.3807548 -1.111817857e-06 5.101e-06
457.3807548 -1.997995402e-06 5.314e-06
457.3807548 -8.383214439e-07 5.106e-06
457.3807553 -4.356488691e-06 8.092e-06
457.3807553 1.735992557e-05 1.7103e-05
457.3807553 -1.625698819e-07 1.277e-05
457.3807553 9.604107191e-06 1.0586e-05
457.3807553 1.098939268e-05 1.0332e-05
457.3807553 6.648749624e-06 8.391e-06
457.3807553 -4.755529499e-06 1.533e-05
499.2807705 2.531300174e-06 2.41e-06
499.2807705 6.238851274e-07 2.348e-06
499.2807705 -1.014482641e-07 1.46e-06
499.2807705 -7.51270854e-07 9.51e-07
499.2807705 -3.637391924e-08 8.29e-07
499.2807705 3.142446504e-06 9.19e-07
499.2807705 9.397412727e-07 1.73e-06
499.2807705 -2.427549164e-06 2.207e-06
499.2807709 -3.114368947e-06 2.172e-06
499.2807709 -1.669841242e-06 1.94e-06
499.2807709 4.794538945e-07 1.601e-06
499.2807709 -5.288915264e-07 7.84e-07
499.2807709 -1.52987002e-06 5.44e-07
499.2807709 -1.088469498e-06 5.84e-07
562.0972724 4.799986998e-06 7.531e-06
562.0972724 7.588054381e-06 4.178e-06
562.0972724 4.406197222e-07 3.113e-06
562.0972724 -3.7793902e-06 3.041e-06
562.0972724 -4.270824298e-06 4.223e-06
562.0972724 3.440792645e-06 6.481e-06
562.0972724 4.175948569e-06 1.2408e-05
562.0972729 1.411619853e-05 1.9156e-05
562.0972729 -7.575352429e-06 6.427e-06
562.0972729 1.068506156e-05 7.562e-06
562.0972729 -4.041999619e-06 6.082e-06
562.0972729 -7.051995074e-06 5.778e-06
584.035732 -1.544377966e-05 1.7756e-05
584.035732 -2.094778011e-05 1.177e-05
584.035732 -1.058192794e-05 7.232e-06
584.035732 5.638773652e-06 5.092e-06
584.035732 -1.439338148e-05 6.881e-06
584.035732 7.878313407e-06 1.6764e-05
584.0357324 2.125952262e-05 1.1484e-05
584.0357324 -7.541093667e-06 1.1134e-05
584.0357324 2.987137414e-06 9.331e-06
584.0357324 -7.31118478e-06 9.863e-06
584.0357324 4.74260998e-06 1.2453e-05
584.0357324 1.461242375e-05 1.5826e-05
603.9801496 -7.683320197e-07 1.078e-06
603.9801496 -1.03077807e-06 6.69e-07
603.9801496 -6.397180947e-07 4.29e-07
603.9801496 -1.341641054e-07 3.75e-07
603.9801496 -1.169214546e-06 3.55e-07
603.9801496 -2.388355688e-07 3.3e-07
603.9801496 -9.921018102e-07 3.46e-07
603.9801496 -8.100778277e-07 3.05e-07
603.9801501 -1.0383088e-06 3.41e-07
603.9801501 -3.08842754e-08 3.34e-07
603.9801501 4.307752542e-07 3.77e-07
603.9801501 1.845977667e-07 4.33e-07
603.9801501 -2.518914894e-07 4.53e-07
603.9801501 2.805099174e-08 5.89e-07
624.9228658 -6.461869754e-06 1.6779e-05
624.9228658 4.139723478e-06 5.122e-06
624.9228658 2.225862381e-06 4.128e-06
624.9228658 3.285776142e-06 4.082e-06
624.9228658 3.145804902e-06 3.337e-06
624.9228658 -2.110490972e-07 3.338e-06
624.9228658 -1.379624728e-06 4.989e-06
624.9228658 -2.085313018e-06 3.744e-06
624.9228663 -4.903012063e-06 5.914e-06
624.9228663 -2.235270839e-06 4.809e-06
624.9228663 -1.066516122e-05 1.0069e-05
646.8593963 6.367084358e-07 3.93e-07
646.8593963 -1.085920014e-06 3.94e-07
646.8593963 -2.089510946e-07 2.99e-07
646.8593963 6.057060375e-07 3.32e-07
646.8593963 -1.91500401e-06 4.94e-07
646.8593963 -2.062342159e-06 3.83e-07
646.8593963 -1.306620256e-06 3.35e-07
646.8593968 -8.012305604e-07 3.65e-07
646.8593968 -6.959451723e-07 4.31e-07
646.8593968 2.586832004e-07 3.97e-07
646.8593968 8.124290472e-07 6.17e-07
646.8593968 1.438822333e-07 6.98e-07
646.8593968 4.475009688e-06 1.439e-06
667.8101762 -1.629699886e-05 1.2181e-05
667.8101762 -1.792477838e-05 1.9183e-05
667.8101762 3.495424833e-06 5.736e-06
667.8101762 -4.038363836e-08 5.876e-06
667.8101767 7.167084902e-07 9.417e-06
667.8101767 -1.228956595e-05 7.734e-06
667.8101767 1.961408848e-06 4.097e-06
667.8101767 -5.623128973e-06 2.862e-06
667.8101767 -3.020769027e-06 1.995e-06
667.8101767 1.977370476e-06 1.398e-06
688.7460649 -8.206048301e-06 8.953e-06
688.7460649 -3.920657081e-06 5.133e-06
688.7460649 -1.297949714e-05 6.292e-06
688.7460649 -8.633021959e-06 8.424e-06
688.7460649 -1.58053199e-05 7.765e-06
688.7460649 -9.141031591e-06 8.397e-06
688.7460654 1.578574305e-06 1.2683e-05
688.7460654 -6.747565469e-06 6.868e-06
688.7460654 7.399965699e-06 4.994e-06
688.7460654 2.961097214e-06 3.601e-06
688.7460654 2.904310636e-06 3.192e-06
688.7460654 6.313960806e-06 4.864e-06
688.7460654 7.192157499e-06 1.2906e-05
729.6327231 -9.279025833e-07 1.2857e-05
729.6327236 -3.524595623e-06 1.3006e-05
729.6327236 -1.684918183e-05 1.5324e-05
750.5845452 6.193477981e-06 1.5245e-05
750.5845452 1.547108287e-06 6.88e-06
750.5845452 3.537401025e-06 5.498e-06
750.5845452 -2.512671425e-06 5.233e-06
750.5845452 -2.273553893e-06 5.284e-06
750.5845452 2.039073573e-05 7.952e-06
750.5845452 5.784307669e-06 1.2269e-05
750.5845457 -2.285133255e-05 1.353e-05
750.5845457 6.90268428e-06 7.46e-06
750.5845457 -3.639973646e-06 4.782e-06
750.5845457 6.707768199e-06 7.412e-06
750.5845457 -9.950957381e-06 6.502e-06
772.5199922 -1.910863449e-06 1.573e-06
772.5199922 -1.023151158e-06 1.846e-06
772.5199922 4.273962004e-06 2.484e-06
772.5199922 -2.245136865e-06 1.6211e-05
772.5199922 -1.296954542e-06 1.773e-06
772.5199922 3.388057906e-07 1.139e-06
772.5199922 -1.871573283e-06 1.87e-06
772.5199922 -2.144148856e-06 1.504e-06
772.5199927 7.174218821e-07 8.93e-07
772.5199927 -1.485283312e-06 1.067e-06
772.5199927 2.134026764e-07 3.331e-06
772.5199927 -1.094837261e-06 1.766e-06
772.5199927 -1.687259368e-06 9.41e-07
772.5199927 2.142304505e-06 1.28e-06
787.4771854 3.734178929e-06 1.4847e-05
787.4771854 5.318677856e-06 1.2091e-05
787.4771854 -3.831634649e-06 3.959e-06
787.4771854 9.949172913e-07 1.913e-06
787.4771854 6.317901662e-07 1.942e-06
787.4771854 -1.703212426e-06 2.136e-06
787.4771859 -4.850889321e-06 2.329e-06
787.4771859 -1.642601282e-06 3.631e-06
787.4771859 2.075231171e-06 3.323e-06
787.4771859 6.60465119e-06 4.805e-06
787.4771859 -5.776663984e-06 1.7867e-05
819.3931488 1.945239161e-05 1.3458e-05
819.3931488 -1.218386997e-05 7.143e-06
819.3931488 6.168016423e-06 1.0493e-05
819.3931488 -7.114469755e-07 6.442e-06
819.3931488 -9.52288177e-06 7.605e-06
819.3931493 -4.150117054e-06 5.649e-06
819.3931493 9.661605896e-06 9.636e-06
819.3931493 3.40126966e-06 7.199e-06
819.3931493 -1.241241033e-05 1.2758e-05
819.3931493 1.255127519e-05 7.708e-06
819.3931493 5.539600387e-07 7.636e-06
841.3341525 -6.622111951e-06 5.352e-06
841.3341525 7.257639607e-07 6.091e-06
841.3341529 -3.182239754e-06 4.894e-06
841.3341529 1.488295118e-05 8.905e-06
841.3341529 -1.815455754e-05 1.7395e-05
841.3341529 1.251940183e-05 1.6556e-05
883.226422 2.555168125e-06 5.818e-06
883.226422 2.917988297e-06 2.78e-06
883.226422 1.435705191e-06 2.861e-06
883.226422 -7.614847097e-06 5.553e-06
883.226422 -1.133574908e-05 5.649e-06
883.226422 7.726835493e-07 3.63e-06
883.226422 -3.685829999e-06 2.879e-06
883.226422 9.151104322e-07 2.717e-06
883.2264224 -6.64951118e-07 3.948e-06
883.2264224 -5.182092981e-06 3.842e-06
883.2264224 -5.843579839e-06 3.82e-06
883.2264224 9.741856971e-07 2.056e-06
883.2264224 -1.426198193e-06 1.301e-06
883.2264224 6.703007731e-07 1.322e-06
926.1046524 -1.193535432e-06 1.267e-06
926.1046524 1.742483987e-06 1.39e-06
926.1046524 8.793280631e-07 2.008e-06
926.1046524 3.568915675e-07 2.885e-06
926.1046524 -1.244796837e-06 2.945e-06
926.1046524 7.866278212e-07 2.498e-06
926.1046524 -2.642667431e-06 3.104e-06
926.1046524 -8.185958061e-06 3.678e-06
926.1046529 -3.265714909e-05 1.7634e-05
926.1046529 2.452916153e-06 1.4127e-05
926.1046529 -3.710648747e-07 8.244e-06
926.1046529 -9.390000897e-06 9.797e-06
926.1046529 4.124897122e-06 7.525e-06
926.1046529 -9.580619618e-06 5.535e-06
926.1046529 6.666787017e-06 5.01e-06
972.9690274 6.099462146e-06 1.8697e-05
972.9690274 -4.63258669e-06 1.2431e-05
972.9690274 -3.4253348e-06 1.0931e-05
972.9690274 -6.105047208e-06 5.591e-06
972.9690279 -1.78944152e-05 9.035e-06
972.9690279 -2.631417604e-05 1.8531e-05
972.9690279 2.696790023e-05 1.3022e-05
972.9690279 3.071495426e-06 5.81e-06
988.9240689 2.104024754e-06 6.812e-06
988.9240689 -3.209663923e-06 3.209e-06
988.9240689 5.250308052e-06 5.001e-06
988.9240689 1.342450533e-05 1.6311e-05
988.9240689 -5.329491369e-06 1.6307e-05
988.9240694 -2.706479801e-05 1.6793e-05
988.9240689 -9.206019268e-06 1.6497e-05
988.9240694 4.540154258e-06 1.8136e-05
267.8988428 8.865189102e-06 9.471e-06
267.8988428 1.689235523e-05 8.853e-06
267.8988428 7.853774142e-06 9.751e-06
267.8988428 1.600157338e-05 8.428e-06
267.8988428 1.687547274e-05 9.38e-06
267.8988428 1.414483454e-06 8.405e-06
267.8988428 7.029630204e-07 7.146e-06
267.8988428 1.094848903e-05 8.884e-06
267.8988428 -7.656020889e-06 7.918e-06
267.8988428 3.460641901e-06 6.529e-06
267.8988428 8.287500794e-06 8.522e-06
267.8988428 -6.303886492e-06 8.822e-06
267.8988428 -7.145862577e-06 6.913e-06
267.8988428 -1.082041444e-05 9.412e-06
267.8988428 2.858406291e-08 6.12e-06
267.8988428 7.239865226e-06 5.595e-06
267.8988428 4.932181579e-06 5.052e-06
267.8988423 -1.052281551e-05 5.003e-06
267.8988423 -2.500867612e-06 5.352e-06
267.8988428 -1.23665352e-07 4.765e-06
267.8988428 -7.828529302e-06 4.737e-06
267.8988428 -4.887598599e-06 4.801e-06
267.8988423 -1.615328122e-05 5.337e-06
267.8988423 2.019036837e-06 5.188e-06
267.8988423 -1.294929054e-05 5.871e-06
267.8988423 -5.321273285e-08 5.093e-06
267.8988423 2.786729952e-06 4.335e-06
267.8988423 -4.911994902e-06 4.804e-06
267.8988423 -5.436273134e-06 5.737e-06
267.8988423 1.704408513e-06 6.355e-06
267.8988423 4.665905158e-06 7.609e-06
267.8988423 9.925811265e-07 8.532e-06
267.8988423 -7.277079042e-06 1.0127e-05
267.8988423 -3.378198291e-05 1.6064e-05
267.8988423 -1.639301264e-05 1.6208e-05
267.8988423 -1.731663863e-05 1.842e-05
267.8988423 -8.329011979e-06 1.8926e-05
267.8988423 -1.183903625e-05 9.9e-06
267.8988423 -2.425749292e-05 1.6761e-05
286.8480937 1.977289927e-05 9.515e-06
286.8480937 7.265118855e-06 5.37e-06
286.8480937 1.11035844e-05 5.96e-06
286.8480937 -1.302671976e-05 6.937e-06
286.8480937 -1.168289946e-07 4.929e-06
286.8480937 8.261186092e-06 4.242e-06
286.8480937 3.34285475e-06 4.037e-06
286.8480937 -2.990843626e-06 4.465e-06
286.8480937 5.523459247e-06 4.268e-06
286.8480937 -1.676157657e-06 3.993e-06
286.8480937 -4.813846179e-06 3.826e-06
286.8480937 -1.191278201e-05 4.685e-06
286.8480937 -2.876349602e-06 4.374e-06
286.8480937 -9.460522807e-06 6.442e-06
286.8480937 1.389195874e-05 6.153e-06
286.8480937 5.605416079e-06 5.07e-06
286.8480937 -1.730795555e-06 4.81e-06
286.8480937 -1.111975363e-06 3.929e-06
286.8480937 -1.313644438e-06 3.693e-06
286.8480937 2.014827932e-07 4.014e-06
286.8480932 -5.393522886e-06 4.322e-06
286.8480932 -2.139191679e-06 3.488e-06
286.8480937 -3.821769349e-06 3.682e-06
286.8480937 -1.86370684e-06 3.597e-06
286.8480937 7.324361065e-06 4.13e-06
286.8480932 3.346698467e-06 4.419e-06
286.8480932 1.184657448e-05 4.647e-06
286.8480932 4.900808902e-06 4.079e-06
286.8480932 2.64653534e-06 4.308e-06
286.8480932 6.375183782e-07 3.802e-06
286.8480932 2.261307489e-06 4.237e-06
286.8480932 -6.905273616e-06 7.022e-06
286.8480932 1.130080943e-05 5.997e-06
286.8480932 2.527743966e-06 5.294e-06
286.8480932 5.601585935e-06 6.13e-06
286.8480932 -2.218024849e-05 9.984e-06
286.8480932 -3.175200948e-05 1.9356e-05
286.8480932 -3.722961185e-05 1.3937e-05
286.8480932 5.046071025e-07 1.1349e-05
286.8480932 -1.703930254e-06 1.106e-05
286.8480932 4.368549865e-06 1.1153e-05
310.7799671 -5.845226361e-06 9.304e-06
310.7799671 -4.498310182e-06 6.454e-06
310.7799671 2.139575431e-05 6.879e-06
310.7799671 6.189276486e-07 4.26e-06
310.7799671 -1.755979024e-06 4.002e-06
310.7799671 -9.126876511e-06 4.15e-06
310.7799671 -1.375969393e-06 4.323e-06
310.7799671 8.113880972e-07 5.276e-06
310.7799671 -5.552391799e-06 4.922e-06
310.7799671 1.625124371e-06 6.902e-06
310.7799671 -8.092852594e-08 4.981e-06
310.7799671 -8.5930827e-06 4.316e-06
310.7799671 4.824817689e-06 4.604e-06
310.7799671 -5.266924156e-06 3.172e-06
310.7799671 -8.54581172e-06 3.746e-06
310.7799671 5.876182973e-07 3.102e-06
310.7799671 -6.05820645e-07 2.969e-06
310.7799671 -1.736947847e-06 2.706e-06
310.7799666 -2.405027181e-06 2.772e-06
310.7799666 -5.271060988e-06 2.533e-06
310.7799671 -4.286617221e-08 2.706e-06
310.7799671 -3.602003152e-06 2.658e-06
310.7799671 -9.113063572e-06 2.872e-06
310.7799666 -4.540509378e-06 2.81e-06
310.7799666 -4.090821079e-06 2.623e-06
310.7799666 2.383155471e-06 2.488e-06
310.7799666 8.671073905e-07 2.247e-06
310.7799666 -2.718427684e-06 1.853e-06
310.7799666 1.71548576e-07 1.798e-06
310.7799666 3.495821703e-07 2.49e-06
310.7799666 -1.348796884e-06 2.31e-06
310.7799666 -2.205506777e-06 2.504e-06
310.7799666 -2.505138068e-07 1.605e-06
310.7799666 -1.464562588e-07 1.892e-06
310.7799666 1.593054688e-06 1.855e-06
310.7799666 -5.755785877e-07 3.528e-06
310.7799666 3.121380952e-06 2.305e-06
310.7799666 -3.946859441e-06 2.144e-06
310.7799666 -4.95770426e-07 1.519e-06
310.7799666 1.37695874e-06 1.554e-06
310.7799666 -1.36445155e-06 1.818e-06
310.7799666 5.467433907e-06 1.83e-06
310.7799666 2.35184612e-06 1.5e-06
310.7799666 -8.076361548e-07 2.79e-06
310.7799666 1.292546275e-06 1.661e-06
310.7799666 2.089093098e-06 4.417e-06
330.7253554 -3.071786551e-06 2.0009e-05
330.7253554 -1.344746126e-05 1.8734e-05
330.7253549 2.442443404e-05 1.5644e-05
330.7253549 1.080547214e-06 1.3718e-05
330.7253549 -4.525976034e-06 1.5593e-05
330.7253554 9.612492679e-06 1.535e-05
351.6791488 1.840182416e-05 1.9336e-05
351.6791488 3.462099098e-05 1.9484e-05
373.6097065 9.89783706e-06 1.3521e-05
373.6097065 -1.549415683e-06 1.4818e-05
373.6097065 -1.797055852e-05 1.328e-05
373.6097065 7.216896793e-06 1.2964e-05
373.6097065 -3.747690066e-05 1.6132e-05
373.6097065 -1.072029414e-05 1.5201e-05
400.5376397 -9.151060835e-06 1.7902e-05
400.5376397 3.004949765e-06 1.2686e-05
400.5376397 -2.282015748e-07 1.1023e-05
400.5376397 -1.555259614e-05 1.156e-05
400.5376397 7.361247493e-06 1.2252e-05
400.5376397 -1.829276055e-06 1.5533e-05
400.5376397 2.853558017e-05 1.3276e-05
400.5376397 -3.883415307e-06 1.1571e-05
400.5376397 -1.027881154e-05 1.3541e-05
400.5376397 2.66600884e-05 1.6352e-05
400.5376397 -1.262927069e-07 1.5964e-05
400.5376397 -3.628706308e-05 1.8817e-05
442.4103401 -2.306907632e-05 1.6961e-05
442.4103401 -2.686671692e-05 1.5819e-05
442.4103401 -1.212277325e-05 1.5088e-05
442.4103401 1.957395838e-05 1.7646e-05
442.4103401 3.262044387e-05 1.8444e-05
442.4103401 3.368035763e-05 1.2432e-05
442.4103401 1.418230326e-05 8.365e-06
442.4103401 1.497025537e-05 9.011e-06
442.4103401 7.430225954e-06 7.258e-06
442.4103401 -5.861209189e-06 1.0065e-05
442.4103401 5.437784546e-06 8.48e-06
442.4103401 -1.97380065e-05 1.1974e-05
442.4103401 -2.465817958e-05 1.5835e-05
442.4103401 1.715791981e-05 1.5542e-05
442.4103396 2.894451923e-05 1.1841e-05
442.4103396 2.780111387e-05 8.016e-06
442.4103401 6.982379402e-06 7.166e-06
442.4103401 -1.265871576e-05 7.236e-06
442.4103396 -9.492625441e-06 7.01e-06
442.4103396 -1.060809795e-05 8.212e-06
442.4103396 -2.275819077e-06 5.446e-06
442.4103396 -2.746380261e-06 4.861e-06
442.4103396 9.525045212e-06 5.112e-06
442.4103396 1.368765467e-05 5.215e-06
442.4103396 1.380184171e-05 8.625e-06
442.4103396 1.573135746e-05 6.356e-06
442.4103396 1.511161641e-05 7.255e-06
442.4103396 3.716238964e-06 6.418e-06
442.4103396 -1.081866871e-05 6.68e-06
442.4103396 -8.230428671e-06 5.833e-06
442.4103396 5.883729938e-07 1.2844e-05
442.4103396 -8.741200917e-06 1.1393e-05
442.4103396 1.946791412e-05 1.463e-05
442.4103396 -4.517814474e-06 8.227e-06
442.4103396 1.841361119e-06 8.232e-06
442.4103396 -1.28685106e-05 1.4352e-05
442.4103396 -1.386519175e-05 1.3674e-05
442.4103396 3.605174285e-05 1.6332e-05
442.4103396 3.332168987e-05 1.0937e-05
442.4103396 6.884315978e-06 1.9659e-05
457.3650295 -2.688414259e-05 1.2106e-05
457.3650295 7.274977745e-06 5.5e-06
457.3650295 1.841883769e-06 3.13e-06
457.3650295 -9.139533843e-07 3.033e-06
457.3650295 -4.138816957e-06 3.184e-06
457.3650295 -5.701643889e-07 3.601e-06
457.3650295 -5.390884204e-06 2.87e-06
457.3650295 -4.201435678e-06 3.428e-06
457.3650295 4.47800869e-06 2.488e-06
457.3650295 2.884301118e-06 3.039e-06
457.3650295 8.513417134e-07 2.365e-06
457.3650295 -3.458912828e-06 3.58e-06
457.3650295 1.896521676e-06 2.551e-06
457.3650295 5.695575335e-07 2.843e-06
457.3650295 2.154670366e-06 2.107e-06
457.3650295 4.637011107e-06 3.362e-06
457.3650295 -7.141260366e-07 2.519e-06
457.3650295 1.427690316e-08 4.463e-06
457.3650295 1.2384113e-06 3.155e-06
457.365029 -1.556553858e-06 2.649e-06
457.365029 -3.857484504e-06 1.771e-06
457.3650295 -3.093637032e-06 1.688e-06
457.3650295 -6.399649378e-08 1.652e-06
457.3650295 -2.899149737e-07 1.426e-06
457.365029 2.501801131e-07 1.464e-06
457.365029 -6.261748816e-07 2.196e-06
457.365029 -2.56704795e-06 1.452e-06
457.365029 6.415470411e-07 1.628e-06
457.365029 -4.370909247e-07 1.749e-06
457.365029 -1.622242109e-06 1.707e-06
457.365029 -5.055417708e-07 2.741e-06
457.365029 1.719571101e-06 1.9e-06
457.365029 -3.626040833e-06 2.024e-06
457.365029 -3.777369389e-06 2.032e-06
457.365029 -5.168180065e-06 2.757e-06
457.365029 -2.403748172e-06 2.605e-06
457.365029 -1.740309687e-07 4.794e-06
457.365029 -5.798357572e-06 4.88e-06
457.365029 -8.422511252e-06 3.196e-06
457.365029 -2.22694239e-06 2.858e-06
457.365029 -3.994079243e-06 3.642e-06
457.365029 3.991341085e-06 3.475e-06
457.365029 3.040396166e-06 3.063e-06
457.365029 2.302170676e-06 4.682e-06
457.365029 -5.326875511e-06 3.339e-06
457.365029 -3.761714714e-06 6.54e-06
499.2675748 -4.005015225e-06 1.961e-05
499.2675748 4.143704861e-06 1.0731e-05
499.2675748 -8.341360917e-06 1.1062e-05
499.2675748 2.073582135e-05 1.054e-05
499.2675748 1.841739431e-05 8.457e-06
499.2675748 3.911865741e-07 6.743e-06
499.2675748 6.438496429e-06 6.256e-06
499.2675748 8.391954624e-06 5.867e-06
499.2675748 -1.24580157e-06 6.298e-06
499.2675748 2.999685598e-06 5.648e-06
499.2675748 1.166246588e-06 6.309e-06
499.2675748 -8.5233849e-06 1.0732e-05
499.2675748 -1.741839981e-06 8.001e-06
499.2675748 3.362812723e-06 9.049e-06
499.2675748 7.7255565e-06 1.0087e-05
499.2675748 3.046649624e-06 1.1856e-05
499.2675748 3.880951858e-06 8.684e-06
499.2675748 3.704146095e-06 1.0652e-05
499.2675748 1.04614416e-05 6.895e-06
499.2675748 1.690226709e-05 6.106e-06
499.2675748 -5.495586098e-06 7.473e-06
499.2675743 -1.10167729e-06 7.95e-06
499.2675743 4.436088168e-06 6.042e-06
499.2675748 -1.02739462e-05 6.158e-06
499.2675748 -1.044952415e-05 5.756e-06
499.2675748 -1.206511386e-06 4.717e-06
499.2675743 -4.287557632e-06 5.948e-06
499.2675743 3.128462155e-06 7.369e-06
499.2675743 -9.006368579e-06 6.912e-06
499.2675743 -1.270946722e-05 7.312e-06
499.2675743 2.876452543e-06 1.3178e-05
499.2675743 -8.270905702e-06 1.4718e-05
562.0820929 1.528371019e-05 1.7182e-05
562.0820929 -3.324790135e-06 1.2393e-05
562.0820929 -1.863445089e-05 1.4891e-05
562.0820929 3.489598881e-06 8.982e-06
562.0820929 1.382356524e-06 9.823e-06
562.0820929 -1.165092991e-05 1.1033e-05
562.0820929 1.063734049e-05 1.1258e-05
562.0820929 2.858558179e-05 1.1307e-05
562.0820929 -7.315198143e-06 1.0365e-05
562.0820929 -1.210767815e-05 8.87e-06
562.0820929 7.728946971e-06 9.57e-06
562.0820929 9.995843164e-07 9.032e-06
562.0820929 -1.151187955e-05 9.324e-06
562.0820929 3.617905853e-06 1.0253e-05
562.0820929 9.909895962e-07 1.1591e-05
562.0820929 -4.467888559e-06 6.802e-06
562.0820929 -1.229492038e-05 8.176e-06
562.0820929 -1.050998018e-05 7.928e-06
562.0820929 -1.267278134e-05 7.602e-06
562.0820929 -4.099505645e-07 8.158e-06
562.0820924 4.881186831e-06 1.0917e-05
562.0820924 -1.37362152e-05 8.153e-06
562.0820929 -8.609011217e-06 8.156e-06
562.0820929 9.008947068e-06 8.32e-06
562.0820924 -1.958399753e-07 8.647e-06
562.0820924 -3.25310641e-06 9.462e-06
562.0820924 1.391761923e-05 9.504e-06
562.0820924 -1.706362884e-06 1.0235e-05
562.0820924 1.436024756e-05 1.3241e-05
562.0820924 7.911441275e-06 1.3832e-05
562.0820924 1.298478463e-05 1.3829e-05
562.0820924 9.506376658e-06 1.8762e-05
562.0820924 -1.985289674e-05 1.6537e-05
562.0820924 1.571760018e-05 1.6983e-05
562.0820924 -5.931284092e-06 1.2442e-05
562.0820924 -5.024540605e-06 1.4551e-05
562.0820924 1.979702497e-05 1.5964e-05
562.0820924 1.710654194e-06 9.348e-06
562.0820924 -4.579149694e-06 6.921e-06
562.0820924 1.868121827e-06 7.487e-06
562.0820924 8.848266301e-06 7.147e-06
562.0820924 5.288822359e-06 6.876e-06
562.0820924 -1.119555312e-05 1.0333e-05
584.0205087 1.175476763e-05 1.6854e-05
584.0205087 1.231342474e-05 8.532e-06
584.0205087 2.498941619e-05 8.334e-06
584.0205087 2.550233711e-05 1.3055e-05
584.0205087 5.849884635e-06 8.895e-06
584.0205087 4.195532547e-07 6.49e-06
584.0205087 -3.039209631e-06 6.226e-06
584.0205087 7.470297245e-06 6.292e-06
584.0205087 4.900781453e-06 6.291e-06
584.0205087 1.548733388e-05 7.217e-06
584.0205087 -2.843679625e-06 7.163e-06
584.0205087 1.404372705e-05 1.1098e-05
584.0205087 4.610709487e-06 9.27e-06
584.0205087 5.016503279e-06 1.0366e-05
584.0205087 2.61279103e-05 1.1711e-05
584.0205087 2.15428547e-07 1.3651e-05
584.0205087 -6.72634662e-06 9.721e-06
584.0205087 5.048866071e-07 1.2063e-05
584.0205087 5.350162771e-06 1.2316e-05
584.0205087 -7.1867783e-06 9.544e-06
584.0205087 -2.69265804e-06 1.0489e-05
584.0205082 -5.172379544e-06 9.698e-06
584.0205082 -1.092808265e-05 8.259e-06
584.0205087 1.323705071e-05 1.0326e-05
584.0205087 2.054839905e-05 9.305e-06
584.0205087 4.757433712e-06 9.921e-06
584.0205082 1.05449867e-06 1.3569e-05
584.0205082 1.156676812e-05 1.6275e-05
584.0205082 5.250566169e-06 1.55e-05
584.0205082 -7.365569177e-06 1.329e-05
584.0205082 -2.893242652e-06 1.1456e-05
584.0205082 -1.224000602e-05 1.0878e-05
584.0205082 1.998383652e-06 6.573e-06
584.0205082 -2.27657115e-06 5.707e-06
584.0205082 3.362489271e-06 4.595e-06
584.0205082 2.872589957e-06 4.781e-06
584.0205082 5.013290373e-06 4.639e-06
584.0205082 2.241945007e-05 8.225e-06
584.0205082 1.974441209e-06 7.173e-06
584.0205082 1.034723806e-05 6.738e-06
584.0205082 -4.213383677e-07 5.867e-06
584.0205082 -4.891209251e-06 5.917e-06
584.0205082 1.853501145e-06 6.884e-06
584.0205082 4.165482134e-06 8.929e-06
584.0205082 9.881965132e-07 9.018e-06
584.0205082 3.574051002e-07 1.3006e-05
603.9647501 -1.422560309e-06 1.8777e-05
603.9647501 -8.372930197e-06 1.077e-05
603.9647501 -7.221850978e-06 1.188e-05
603.9647501 -1.140162205e-06 1.0373e-05
603.9647501 -2.768248695e-06 6.711e-06
603.9647501 1.848650607e-05 6.75e-06
603.9647501 7.580720999e-06 7.775e-06
603.9647501 3.931032439e-06 7.497e-06
603.9647501 -1.272892095e-05 7.283e-06
603.9647501 -1.40015265e-06 7.647e-06
603.9647501 -1.080155391e-05 1.1381e-05
603.9647501 4.136998883e-06 9.543e-06
603.9647501 -6.725812549e-06 8.692e-06
603.9647501 -4.278157679e-06 1.0556e-05
603.9647501 -1.744404846e-05 1.2213e-05
603.9647501 -8.611406013e-07 7.336e-06
603.9647501 -4.299644498e-06 9.247e-06
603.9647501 2.702907654e-06 1.0273e-05
603.9647501 1.982485528e-06 9.934e-06
603.9647501 9.727253559e-06 1.225e-05
603.9647496 2.213513062e-05 1.0106e-05
603.9647496 -1.04812366e-05 7.044e-06
603.9647501 -4.501620536e-06 6.399e-06
603.9647501 2.399050426e-07 6.983e-06
603.9647496 -8.213796802e-07 6.886e-06
603.9647496 2.637997111e-06 6.654e-06
603.9647496 -7.886857469e-06 6.652e-06
603.9647496 9.066237456e-06 5.239e-06
603.9647496 1.783742842e-06 5.199e-06
603.9647496 2.130568541e-07 5.271e-06
603.9647496 -4.295183336e-06 5.181e-06
603.9647496 -5.325322491e-06 8.997e-06
603.9647496 -9.091653736e-06 7.04e-06
603.9647496 -3.538233621e-06 8.552e-06
603.9647496 4.988961332e-06 7.299e-06
603.9647496 7.912088689e-06 6.633e-06
603.9647496 -4.071413507e-06 6.695e-06
603.9647496 -1.620409559e-05 1.3945e-05
603.9647496 -1.079033972e-05 1.2799e-05
603.9647496 -1.840161539e-06 1.3798e-05
603.9647496 1.997997053e-06 5.963e-06
603.9647496 -6.491749452e-06 6.085e-06
603.9647496 3.627004403e-06 6.2e-06
603.9647496 1.803820943e-05 8.998e-06
603.9647496 7.003196512e-06 5.897e-06
603.9647496 -4.647873985e-06 1.055e-05
603.9647496 2.207307343e-07 6.889e-06
603.9647496 2.604972087e-05 1.44e-05
624.9079424 -1.613987812e-06 6.57e-06
624.9079424 -3.549949596e-06 5.488e-06
624.9079424 -8.180548853e-07 4.56e-06
624.9079424 7.546761149e-06 4.795e-06
624.9079424 2.181504113e-06 4.295e-06
624.9079424 3.017034159e-06 4.261e-06
624.9079424 9.26060365e-07 4.04e-06
624.9079424 6.841802564e-07 4.292e-06
624.9079424 -7.960578259e-06 3.845e-06
624.9079424 -5.888635642e-06 4.486e-06
624.9079424 3.787489859e-06 3.718e-06
624.9079424 2.041034747e-07 4.215e-06
624.9079424 7.308373303e-07 4.916e-06
624.9079424 -3.451110276e-06 4.604e-06
624.9079424 -1.452107113e-07 3.347e-06
624.9079424 5.098301163e-07 3.365e-06
624.9079424 -3.561613883e-06 2.75e-06
624.9079424 -5.448654255e-07 2.525e-06
624.9079424 4.662923976e-06 2.684e-06
624.9079419 -1.124538357e-06 3.252e-06
624.9079419 -8.0868223e-07 2.221e-06
624.9079424 -1.593114918e-06 2.231e-06
624.9079424 -2.074726464e-06 2.333e-06
624.9079424 -4.142064768e-06 2.084e-06
624.9079419 -3.636653684e-06 2.335e-06
624.9079419 -5.483598661e-06 2.696e-06
624.9079419 -5.091617846e-06 2.361e-06
624.9079419 6.524210285e-07 2.626e-06
624.9079419 -2.490178759e-06 3.241e-06
624.9079419 1.332939064e-06 3.843e-06
624.9079419 -1.370169049e-05 5.238e-06
624.9079419 -2.312759089e-06 3.792e-06
624.9079419 1.338157283e-06 4.132e-06
624.9079419 -2.096356188e-06 3.366e-06
624.9079419 3.583222209e-06 3.47e-06
624.9079419 -4.122255637e-06 4.938e-06
624.9079419 3.049485601e-07 4.966e-06
624.9079419 -4.468193322e-06 3.574e-06
624.9079419 -4.26345469e-06 2.512e-06
624.9079419 -4.087205441e-07 2.318e-06
624.9079419 -6.994064348e-07 2.734e-06
624.9079419 -6.766054419e-06 4.629e-06
624.9079419 -1.508788259e-07 3.633e-06
624.9079419 -1.079052062e-07 3.312e-06
624.9079419 -1.470169088e-06 4.977e-06
624.9079419 1.887912722e-06 1.4041e-05
646.8444565 6.221290315e-06 3.465e-06
646.8444565 -7.141665222e-06 4.19e-06
646.8444565 2.004963847e-06 1.871e-06
646.8444565 6.156522942e-06 1.997e-06
646.8444565 3.135784059e-06 2.088e-06
646.8444565 2.334939884e-06 2.015e-06
646.8444565 2.11270484e-06 1.83e-06
646.8444565 -2.653377087e-06 1.869e-06
646.8444565 4.523881772e-07 1.919e-06
646.8444565 1.784877473e-06 2.105e-06
646.8444565 -3.585855196e-07 1.94e-06
646.8444565 -4.669760938e-06 2.268e-06
646.8444565 -1.637050871e-06 2.094e-06
646.8444565 -1.935103632e-06 2.205e-06
646.8444565 -2.785674466e-06 1.595e-06
646.8444565 -1.037875743e-06 2.437e-06
646.8444565 1.291601658e-06 1.819e-06
646.8444565 1.508311512e-06 2.015e-06
646.8444565 -2.493097244e-07 1.897e-06
646.8444561 2.893761291e-06 2.454e-06
646.8444561 -4.191054628e-06 1.993e-06
646.8444565 -5.903361433e-07 1.997e-06
646.8444565 -2.528446616e-06 1.741e-06
646.8444565 -1.013576696e-07 1.752e-06
646.8444561 -2.2277739e-06 1.847e-06
646.8444561 -3.694402312e-06 1.681e-06
646.8444561 -1.254427719e-07 1.381e-06
646.8444561 -1.202852945e-06 1.348e-06
646.8444561 -2.162392602e-06 1.313e-06
646.8444561 -8.035051836e-07 1.738e-06
646.8444561 -1.859428537e-06 3.361e-06
646.8444561 -1.865567615e-06 2.65e-06
646.8444561 -5.309296298e-07 2.023e-06
646.8444561 -3.337107311e-06 1.932e-06
646.8444561 -4.098661339e-06 2.262e-06
646.8444561 -1.097260604e-06 3.255e-06
646.8444561 -5.899563148e-06 6.343e-06
646.8444561 -2.820502941e-06 3.606e-06
646.8444561 -2.717673214e-06 2.197e-06
646.8444561 -2.616378252e-06 2.051e-06
646.8444561 2.745809255e-06 1.596e-06
646.8444561 -8.308305809e-08 2.748e-06
646.8444561 1.336267958e-07 1.613e-06
646.8444561 1.666557364e-06 1.454e-06
646.8444561 8.607104719e-06 6.952e-06
646.8444561 2.28261496e-06 2.331e-06
646.8444561 -4.493711721e-06 7.446e-06
667.7948555 3.70962887e-05 1.1054e-05
667.7948555 2.349657523e-06 9.426e-06
667.7948555 3.254866245e-06 1.0962e-05
667.7948555 1.552506389e-05 1.1526e-05
667.7948555 1.341014765e-05 1.18e-05
667.7948555 2.539978894e-05 1.2332e-05
667.7948555 4.037293148e-06 1.7645e-05
667.7948555 -2.005201393e-07 1.6691e-05
667.7948555 -8.015369847e-07 1.2564e-05
667.7948555 1.312468e-05 1.2313e-05
667.7948555 2.935121372e-05 1.2051e-05
667.7948555 -1.072230517e-05 1.229e-05
667.7948555 -2.762362089e-06 1.2766e-05
667.7948555 5.891605053e-06 1.3657e-05
667.7948555 -1.175100548e-06 9.717e-06
667.7948555 1.149291009e-05 1.1784e-05
667.7948555 1.32446992e-05 1.0632e-05
667.794855 -1.592194924e-05 1.5326e-05
667.794855 -1.729464958e-05 7.842e-06
667.7948555 -8.518372147e-06 8.389e-06
667.7948555 -2.247292502e-06 8.894e-06
667.794855 -7.976739954e-06 9.182e-06
667.794855 -1.443751746e-05 9.857e-06
667.794855 -7.929468975e-06 9.852e-06
667.794855 -5.289046675e-06 9.024e-06
667.794855 1.168277247e-05 1.3145e-05
667.794855 1.306959274e-05 1.2975e-05
667.794855 3.440262085e-05 1.7591e-05
667.794855 2.787799681e-05 1.0812e-05
667.794855 4.343798254e-06 8.272e-06
667.794855 -1.276844915e-06 5.145e-06
667.794855 -7.610850234e-06 8.675e-06
667.794855 -9.946159779e-06 1.0537e-05
667.794855 8.593582782e-06 1.0002e-05
667.794855 -1.588388689e-05 9.042e-06
667.794855 1.701856188e-05 1.0096e-05
667.794855 -1.182625586e-05 1.0609e-05
667.794855 3.983433705e-06 7.36e-06
667.794855 8.319472444e-06 1.2675e-05
667.794855 1.964824075e-05 7.726e-06
667.794855 -1.304578593e-05 1.1616e-05
667.794855 -4.129986642e-06 1.0256e-05
688.7307461 -1.08179212e-06 1.7119e-05
688.7307461 -3.787918607e-05 1.8021e-05
688.7307461 -7.634042077e-06 1.9098e-05
688.7307461 -1.33621193e-05 1.3435e-05
688.7307461 -1.908727464e-06 1.6062e-05
688.7307461 3.352977907e-05 1.6662e-05
688.7307461 2.457223395e-05 1.7286e-05
688.7307461 1.308231455e-05 1.7615e-05
688.7307461 -9.332728065e-06 1.3672e-05
688.7307461 7.980424456e-06 1.3863e-05
688.7307461 -3.255690265e-05 1.8159e-05
688.7307461 -2.920158344e-05 1.778e-05
688.7307461 1.417077508e-05 1.1338e-05
688.7307461 1.992248776e-05 1.5099e-05
688.7307461 -1.228501608e-05 1.0016e-05
688.7307461 -3.538438299e-08 9.744e-06
688.7307456 -2.674414086e-06 1.1311e-05
688.7307456 -6.055410177e-07 9.509e-06
688.7307461 -1.563081972e-05 9.107e-06
688.7307461 1.250217063e-05 9.816e-06
688.7307461 3.739234629e-06 1.0318e-05
688.7307456 -1.119240039e-05 8.941e-06
688.7307456 -1.139652512e-05 1.2437e-05
688.7307456 -1.190181864e-07 9.433e-06
688.7307456 1.664468583e-05 9.357e-06
688.7307456 -6.300467138e-06 9.498e-06
688.7307456 -1.179464505e-05 9.91e-06
688.7307456 8.891323097e-06 1.444e-05
688.7307456 2.236969351e-05 1.937e-05
688.7307456 -2.432114969e-05 1.7056e-05
688.7307456 -2.862004693e-05 1.7446e-05
688.7307456 2.165356874e-05 1.4229e-05
688.7307456 -8.648054857e-06 1.4604e-05
688.7307456 -7.976745467e-06 1.8205e-05
688.7307456 9.715910197e-07 1.4447e-05
688.7307456 1.002674764e-05 1.1623e-05
688.7307456 -5.921378384e-06 9.406e-06
688.7307456 -3.819661181e-06 8.964e-06
688.7307456 -8.150174729e-06 6.923e-06
688.7307456 1.024836876e-05 1.1422e-05
688.7307456 3.496342116e-05 1.4316e-05
688.7307456 -6.042932335e-06 1.6359e-05
729.6175417 -3.543877421e-05 1.7237e-05
729.6175417 -3.425730648e-05 1.8715e-05
729.6175417 -3.061314313e-05 1.6868e-05
729.6175417 -5.424153033e-06 1.5393e-05
729.6175417 -1.192452766e-05 1.3176e-05
729.6175417 -3.239869724e-05 1.7184e-05
729.6175417 -1.770048977e-05 1.0061e-05
729.6175417 1.234820336e-05 1.4453e-05
729.6175412 3.43299915e-05 1.6e-05
729.6175412 9.850987083e-06 1.0574e-05
729.6175412 1.085902553e-05 9.745e-06
729.6175417 3.082475979e-06 7.44e-06
729.6175417 -1.251050373e-05 6.727e-06
729.6175412 -1.120394031e-05 6.973e-06
729.6175412 1.113681931e-05 4.957e-06
729.6175412 7.114488041e-06 6.414e-06
729.6175412 1.639034351e-06 4.324e-06
729.6175412 8.860737062e-08 3.53e-06
729.6175412 -8.944141572e-06 3.05e-06
729.6175412 5.755907594e-06 4.937e-06
729.6175412 -4.258788665e-06 4.093e-06
729.6175412 -3.629225064e-06 2.866e-06
729.6175412 2.365594066e-07 3.176e-06
729.6175412 -2.686876109e-07 3.14e-06
729.6175412 -1.256774043e-06 6.106e-06
729.6175412 8.551034932e-06 5.329e-06
729.6175412 3.753950588e-06 2.593e-06
729.6175412 7.332117416e-07 1.939e-06
729.6175412 -2.215392823e-06 2.256e-06
729.6175412 1.450564319e-06 1.87e-06
729.6175412 5.478112201e-07 1.517e-06
729.6175412 -4.031350736e-08 2.041e-06
729.6175412 -1.126932306e-06 1.335e-06
729.6175412 -1.750663783e-06 3.077e-06
750.5695752 -2.028041642e-05 1.1974e-05
750.5695752 -1.179650206e-05 6.576e-06
750.5695752 8.075422824e-06 5.446e-06
750.5695752 9.239087189e-06 6.612e-06
750.5695752 -5.806592689e-06 5.102e-06
750.5695752 4.733302661e-06 4.609e-06
750.5695752 2.791815686e-06 4.896e-06
750.5695752 -4.177001636e-07 4.742e-06
750.5695752 4.227411479e-07 4.065e-06
750.5695752 -3.336223189e-06 3.509e-06
750.5695752 -4.890333623e-06 3.883e-06
750.5695752 1.237675088e-07 4.598e-06
750.5695752 2.225791665e-06 3.822e-06
750.5695752 6.635806422e-06 3.89e-06
750.5695752 -9.564052406e-07 4.111e-06
750.5695752 -3.913604525e-06 5.293e-06
750.5695752 -7.1796e-06 4.033e-06
750.5695752 -4.076009935e-08 4.053e-06
750.5695752 -1.241258969e-06 4.416e-06
750.5695752 -4.790880379e-06 5.035e-06
750.5695752 7.935758555e-06 5.142e-06
750.5695747 -4.216096193e-06 5.747e-06
750.5695747 1.448134501e-06 3.932e-06
750.5695752 -4.440338381e-06 3.691e-06
750.5695752 -3.50197859e-06 3.631e-06
750.5695752 -7.024588009e-06 3.685e-06
750.5695747 -4.302657338e-06 3.773e-06
750.5695747 -3.94474845e-06 3.996e-06
750.5695747 -5.696230609e-06 3.347e-06
750.5695747 -3.929783699e-07 3.382e-06
750.5695747 -3.673093755e-06 3.567e-06
750.5695747 -6.342676717e-06 2.955e-06
750.5695747 -1.105419681e-06 4.602e-06
750.5695747 -5.332489578e-06 2.676e-06
750.5695747 4.40134336e-06 2.614e-06
750.5695747 1.34254216e-06 2.119e-06
750.5695747 4.020336984e-07 2.197e-06
750.5695747 -3.017132069e-06 1.937e-06
750.5695747 1.184077631e-07 3.594e-06
750.5695747 7.964701748e-07 2.774e-06
750.5695747 1.808805984e-06 3.356e-06
750.5695747 -3.4873863e-06 2.286e-06
750.5695747 -5.908782998e-09 2.186e-06
750.5695747 5.021008298e-07 2.081e-06
750.5695747 1.656787429e-07 1.852e-06
750.5695747 5.271951231e-08 1.812e-06
750.5695747 -1.029601908e-06 2.264e-06
750.5695747 -1.393649911e-06 2.395e-06
750.5695747 7.469660158e-06 9.458e-06
772.5052024 -2.350372779e-05 1.9416e-05
772.5052024 -3.072838818e-06 1.5189e-05
772.5052024 1.160296097e-05 1.4919e-05
772.5052024 -4.029996896e-05 1.7618e-05
772.5052024 3.380190763e-05 1.904e-05
772.5052024 -2.463227252e-06 1.8122e-05
772.5052024 -2.785818378e-05 1.9835e-05
772.5052024 -1.744720929e-05 1.8534e-05
772.5052024 -2.662299902e-05 1.274e-05
772.5052024 -2.456272069e-05 1.4616e-05
772.5052024 -5.939793465e-06 1.1919e-05
772.5052024 1.543037613e-05 9.325e-06
772.5052019 3.526847828e-06 7.682e-06
772.5052019 8.314723508e-06 5.27e-06
772.5052024 8.776524263e-06 5.777e-06
772.5052024 1.875868338e-05 7.265e-06
772.5052019 5.875356406e-06 8.702e-06
772.5052019 -1.05365778e-05 8.634e-06
772.5052019 1.004656058e-05 1.0134e-05
772.5052019 -9.883378727e-06 6.979e-06
772.5052019 -1.809287578e-05 7.782e-06
772.5052019 -6.905613463e-06 8.872e-06
772.5052019 -1.191111989e-05 7.116e-06
772.5052019 -6.244126624e-06 1.2392e-05
772.5052019 7.874550798e-06 8.442e-06
772.5052019 -3.952097633e-06 1.0886e-05
772.5052019 -1.383449655e-05 6.495e-06
772.5052019 1.156230171e-05 7.846e-06
772.5052019 8.014522039e-06 5.458e-06
772.5052019 -1.057525406e-05 1.3131e-05
772.5052019 -1.751234156e-06 1.3227e-05
772.5052019 -1.26168082e-05 8.983e-06
772.5052019 4.49528914e-06 3.864e-06
772.5052019 7.017533952e-06 3.968e-06
772.5052019 1.260909969e-06 4.552e-06
772.5052019 -1.246907979e-06 3.373e-06
772.5052019 -2.927176696e-06 2.795e-06
772.5052019 3.657303471e-06 4.436e-06
772.5052019 -4.767982614e-06 3.837e-06
772.5052019 1.423771682e-05 1.0103e-05
787.4644149 2.803734943e-05 1.8766e-05
787.4644149 -3.752389404e-06 1.8071e-05
787.4644149 3.689452044e-05 1.9747e-05
787.4644149 2.975414573e-05 1.7201e-05
787.4644145 4.226485462e-05 1.3818e-05
787.4644145 1.517305382e-05 1.3021e-05
787.4644145 2.750218673e-05 1.0415e-05
787.4644149 1.165089245e-05 1.1682e-05
787.4644149 -1.351415519e-05 1.2016e-05
787.4644149 -6.744581494e-06 1.3063e-05
787.4644145 -3.724279703e-05 1.3967e-05
787.4644145 -2.560461861e-05 1.2961e-05
787.4644145 3.248129504e-05 1.1033e-05
787.4644145 2.179344763e-05 8.743e-06
787.4644145 1.406556211e-05 1.2191e-05
787.4644145 6.966319307e-06 9.046e-06
787.4644145 -4.490449015e-06 7.739e-06
787.4644145 -5.141806389e-06 7.379e-06
787.4644145 -9.125461394e-06 7.539e-06
787.4644145 -1.528665132e-05 7.096e-06
787.4644145 -7.798804204e-06 1.3485e-05
787.4644145 2.507018652e-05 1.4869e-05
787.4644145 8.903201968e-06 5.957e-06
787.4644145 -1.101875649e-05 4.728e-06
787.4644145 -1.687728936e-05 6.577e-06
787.4644145 1.861973575e-06 5.933e-06
787.4644145 6.95496201e-06 4.453e-06
787.4644145 7.5704057e-06 6.693e-06
787.4644145 6.880372067e-06 5.767e-06
787.4644145 2.676549602e-05 1.6716e-05
819.3826611 -3.335718217e-05 1.8449e-05
819.3826611 2.05084146e-05 1.2296e-05
819.3826611 4.616768221e-06 1.5033e-05
819.3826611 3.375137393e-06 1.1609e-05
819.3826611 -1.595376194e-06 1.0188e-05
819.3826611 -8.467779638e-06 1.1928e-05
819.3826611 -9.04362621e-06 1.1818e-05
819.3826611 -1.743021277e-06 1.2417e-05
819.3826611 9.32483574e-06 1.0781e-05
819.3826611 -3.866532253e-06 1.0266e-05
819.3826611 -9.315280905e-06 1.3078e-05
819.3826611 9.102907667e-06 1.5117e-05
819.3826611 3.725953349e-05 1.8174e-05
819.3826611 -5.39823501e-06 1.9262e-05
819.3826611 2.660575801e-05 1.7415e-05
819.3826611 -1.398497914e-05 1.0565e-05
819.3826611 2.838274071e-06 8.901e-06
819.3826611 -9.604738965e-06 9.683e-06
819.3826611 -4.007426667e-05 1.6627e-05
819.3826611 -1.205392862e-05 1.2067e-05
819.3826606 6.48137581e-06 1.6222e-05
819.3826606 1.119834502e-05 1.2731e-05
819.3826611 1.41958961e-05 1.0101e-05
819.3826611 -2.462829497e-06 9.538e-06
819.3826611 -1.036598604e-05 9.098e-06
819.3826606 -1.101840501e-05 9.946e-06
819.3826606 7.847323166e-06 1.2186e-05
819.3826606 4.520857678e-06 9.418e-06
819.3826606 1.299063635e-06 9.931e-06
819.3826606 1.568509841e-05 1.0717e-05
819.3826606 -2.181799957e-06 1.1492e-05
819.3826606 2.156143463e-05 1.5106e-05
819.3826606 6.271403388e-07 1.9195e-05
819.3826606 -4.845857746e-06 1.1626e-05
819.3826606 -9.956035603e-06 1.0791e-05
819.3826606 7.229101101e-07 1.6117e-05
819.3826606 1.617284903e-05 1.3336e-05
819.3826606 -1.698068846e-05 1.0101e-05
819.3826606 7.87063615e-07 1.364e-05
819.3826606 -6.576773945e-06 1.0879e-05
819.3826606 1.306953943e-05 1.2039e-05
819.3826606 -5.910682754e-06 1.7193e-05
841.3241721 -1.193086156e-05 1.8238e-05
841.3241721 1.690167801e-05 1.7197e-05
841.3241721 5.031135062e-06 1.6413e-05
841.3241721 1.007746642e-05 1.5159e-05
841.3241721 2.661617282e-05 1.0704e-05
841.3241721 8.926694138e-06 1.1803e-05
841.3241721 2.758751172e-06 8.778e-06
841.3241721 -1.5493682e-05 8.485e-06
841.3241721 -5.311867453e-07 8.158e-06
841.3241721 5.544669884e-06 9.951e-06
841.3241721 -1.98803682e-05 9.323e-06
841.3241721 -2.976552969e-05 1.1588e-05
841.3241721 -5.080865771e-06 9.432e-06
841.3241721 4.669849654e-06 8.834e-06
841.3241721 4.020947923e-06 1.4608e-05
841.3241721 5.920996042e-06 8.999e-06
841.3241721 -3.252951952e-06 7.885e-06
841.3241716 2.747867274e-06 9.51e-06
841.3241716 2.998608534e-05 1.0542e-05
841.3241716 1.640396433e-05 9.149e-06
841.3241716 1.569735516e-05 1.1342e-05
841.3241716 1.439725825e-07 1.5314e-05
841.3241716 -3.17573994e-06 1.2145e-05
841.3241716 3.811771442e-06 1.0738e-05
841.3241716 2.143863142e-05 1.4848e-05
841.3241716 1.239698078e-05 1.4635e-05
841.3241716 2.766244007e-05 9.121e-06
841.3241716 4.804155215e-06 1.3725e-05
841.3241716 -2.474942036e-05 1.6451e-05
883.2127535 2.234340661e-05 1.2528e-05
883.2127535 -9.823698917e-07 1.2866e-05
883.2127535 1.735508968e-05 1.3294e-05
883.2127535 1.86800924e-06 6.873e-06
883.2127535 -5.881670038e-06 6.457e-06
883.2127535 1.185569351e-05 6.107e-06
883.2127535 3.300872677e-06 7.113e-06
883.2127535 7.505534896e-06 6.052e-06
883.2127535 6.852642758e-06 7.457e-06
883.2127535 -6.786264835e-06 5.425e-06
883.2127535 -9.115128349e-06 7.047e-06
883.2127535 -8.749358141e-07 6.635e-06
883.2127535 -1.257401088e-06 8.582e-06
883.2127535 -5.28372276e-06 5.446e-06
883.2127535 -1.407274986e-05 6.035e-06
883.2127535 -1.064406851e-05 4.32e-06
883.2127535 -3.053084678e-06 6.529e-06
883.2127535 -5.036931385e-06 5.308e-06
883.2127535 -7.807195384e-06 9.247e-06
883.2127535 -3.787933667e-06 5.208e-06
883.212753 -5.955172166e-06 5.043e-06
883.212753 -3.059056819e-06 3.908e-06
883.2127535 -3.235722604e-06 4.124e-06
883.2127535 4.799117412e-06 4.288e-06
883.2127535 -2.514072648e-06 3.393e-06
883.212753 4.961970201e-06 3.066e-06
883.212753 4.092368209e-06 3.585e-06
883.212753 4.035274697e-06 2.304e-06
883.212753 -2.441464458e-06 2.342e-06
883.212753 -6.11171896e-06 2.479e-06
883.212753 -1.598567505e-06 2.459e-06
883.212753 2.282564708e-06 4.313e-06
883.212753 -3.148073626e-06 2.425e-06
883.212753 -1.003996709e-06 3.015e-06
883.212753 1.283583053e-07 2.321e-06
883.212753 4.293116453e-06 2.591e-06
883.212753 7.527036877e-07 2.769e-06
883.212753 1.132099394e-06 4.238e-06
883.212753 1.636580826e-07 6.085e-06
883.212753 -6.807736549e-07 4.867e-06
883.212753 2.871610332e-06 2.772e-06
883.212753 1.061806831e-06 2.456e-06
883.212753 9.275159403e-08 2.157e-06
883.212753 -3.577195955e-06 2.392e-06
883.212753 4.30140422e-06 2.291e-06
883.212753 3.397423328e-06 4.207e-06
883.212753 -1.058020691e-06 1.0816e-05
926.0894282 -2.228323584e-06 8.622e-06
926.0894282 5.836597953e-06 4.116e-06
926.0894282 -2.476649742e-06 3.563e-06
926.0894282 -1.87076431e-07 8.458e-06
926.0894282 4.731561883e-06 2.934e-06
926.0894282 1.425048412e-06 3.028e-06
926.0894282 -1.927815161e-06 3.069e-06
926.0894282 -1.694836745e-06 2.971e-06
926.0894282 -3.771690628e-06 2.728e-06
926.0894282 -4.173800984e-06 2.875e-06
926.0894282 3.882525851e-06 2.892e-06
926.0894282 -1.941321166e-06 3.063e-06
926.0894282 -2.665119774e-06 2.785e-06
926.0894282 -3.641891476e-07 2.388e-06
926.0894282 -1.490098093e-06 2.701e-06
926.0894282 -9.182683878e-06 3.259e-06
926.0894282 -9.069271605e-08 2.139e-06
926.0894282 -1.019229975e-06 2.475e-06
926.0894282 2.824453827e-06 2.634e-06
926.0894282 -3.386462777e-06 3.128e-06
926.0894282 -2.442270842e-06 2.431e-06
926.0894277 -5.383648024e-06 2.689e-06
926.0894277 -4.993201974e-06 2.174e-06
926.0894282 -1.164726388e-06 2.349e-06
926.0894282 -7.810758874e-08 2.312e-06
926.0894282 -6.34335509e-06 2.539e-06
926.0894277 2.339019263e-06 3.259e-06
926.0894277 -3.756175478e-06 3.745e-06
926.0894277 1.407105521e-06 3.335e-06
926.0894277 7.019153931e-06 4.067e-06
926.0894277 -7.133358876e-07 4.136e-06
926.0894277 -5.061652801e-06 4.18e-06
926.0894277 9.05234967e-07 6.299e-06
926.0894277 1.072218218e-06 5.569e-06
926.0894277 9.05234967e-07 5.921e-06
926.0894277 -1.396380052e-07 4.851e-06
926.0894277 3.36516803e-06 5.293e-06
926.0894277 1.717436476e-06 5.803e-06
926.0894277 -5.552166021e-06 1.4939e-05
926.0894277 1.347556367e-06 6.036e-06
926.0894277 -6.90368655e-06 5.144e-06
926.0894277 2.040659529e-06 3.819e-06
926.0894277 3.558549328e-06 4.271e-06
926.0894277 -2.837460788e-06 4.251e-06
926.0894277 -6.669857856e-07 3.228e-06
926.0894277 -3.390899663e-06 3.491e-06
926.0894277 -7.709135037e-06 4.636e-06
926.0894277 -5.79435312e-06 3.56e-06
926.0894277 -5.660214004e-06 1.6294e-05
972.9539776 -9.782554672e-06 1.4324e-05
972.9539776 7.903240572e-06 1.0567e-05
972.9539776 2.127585375e-06 1.2558e-05
972.9539776 1.741238284e-05 1.0324e-05
972.9539776 6.288046181e-06 5.885e-06
972.9539776 4.645225874e-06 5.729e-06
972.9539776 5.301944053e-07 6.371e-06
972.9539776 7.962789745e-06 6.617e-06
972.9539776 3.129484765e-06 7.197e-06
972.9539776 4.431892521e-06 6.778e-06
972.9539776 -1.122585458e-05 6.552e-06
972.9539776 -5.812877142e-07 6.337e-06
972.9539776 8.649446877e-06 6.5e-06
972.9539776 -2.708482106e-06 5.944e-06
972.9539776 2.184371971e-06 6.527e-06
972.9539776 4.781206707e-06 7.308e-06
972.9539776 1.228658109e-07 4.775e-06
972.9539776 -6.065336105e-06 5.393e-06
972.9539776 -4.310477445e-06 4.99e-06
972.9539776 -5.667830081e-06 4.526e-06
972.9539776 -1.244002441e-06 4.073e-06
972.9539772 -6.514123789e-07 3.898e-06
972.9539772 -3.201590041e-06 3.225e-06
972.9539776 8.574078285e-07 3.113e-06
972.9539776 -4.03912976e-06 3.279e-06
972.9539776 -5.069882802e-06 2.966e-06
972.9539772 -1.275757761e-06 2.745e-06
972.9539772 2.743810889e-06 2.476e-06
972.9539772 -1.668352463e-06 2.228e-06
972.9539772 -1.067642609e-06 2.216e-06
972.9539772 3.538634937e-07 2.157e-06
972.9539772 1.996990678e-06 2.442e-06
972.9539772 -6.689087721e-07 4.594e-06
972.9539772 -5.095994395e-07 3.431e-06
972.9539772 3.335005202e-06 3.664e-06
972.9539772 -3.956698057e-06 2.987e-06
972.9539772 2.637911671e-06 3.438e-06
972.9539772 -9.958153179e-07 3.56e-06
972.9539772 -7.728885582e-09 6.728e-06
972.9539772 5.193119607e-07 3.955e-06
972.9539772 2.109949965e-06 3.235e-06
972.9539772 -1.697513219e-06 2.687e-06
972.9539772 -4.20287545e-06 3.397e-06
972.9539772 5.672463418e-06 4.549e-06
972.9539772 4.85546986e-07 2.736e-06
972.9539772 1.947264075e-06 1.884e-06
972.9539772 1.625268852e-06 2.386e-06
972.9539772 1.304808393e-06 1.896e-06
972.9539772 -1.48663549e-06 4.996e-06
988.9093588 2.264957674e-07 1.0744e-05
988.9093588 -1.179721747e-05 7.178e-06
988.9093588 1.114732165e-05 7.388e-06
988.9093588 3.353105487e-05 1.4161e-05
988.9093588 2.567025806e-05 8.223e-06
988.9093588 4.305306638e-06 9.224e-06
988.9093588 -6.614598306e-06 1.0317e-05
988.9093588 3.314150676e-06 9.504e-06
988.9093588 3.653028387e-06 1.034e-05
988.9093588 -1.069003269e-05 8.104e-06
988.9093588 4.170246663e-06 9.083e-06
988.9093588 -7.10449762e-06 1.3415e-05
988.9093588 1.322630164e-06 1.5154e-05
988.9093588 -1.127754357e-05 1.581e-05
988.9093588 2.021690511e-05 1.4578e-05
988.9093588 -3.169341482e-06 1.765e-05
988.9093588 1.608990233e-05 1.471e-05
988.9093588 2.434268001e-05 1.618e-05
988.9093588 2.350960564e-05 1.3919e-05
988.9093588 -1.892255133e-05 1.5107e-05
988.9093583 1.097436737e-05 1.1987e-05
988.9093583 -8.14920256e-06 1.1543e-05
988.9093583 -1.812127636e-06 1.0819e-05
988.9093588 5.593594559e-06 1.2083e-05
988.9093588 2.86139282e-06 1.3882e-05
988.9093583 2.83712724e-08 1.586e-05
988.9093583 -5.413010433e-06 1.3562e-05
988.9093583 -2.211962096e-05 1.2591e-05
988.9093583 1.657992527e-06 1.4919e-05
988.9093583 2.216342725e-06 1.7987e-05
988.9093583 1.512132217e-05 1.5596e-05
988.9093583 -8.025544223e-07 1.5521e-05
988.9093583 1.54656808e-06 1.964e-05
988.9093583 1.703149977e-05 1.331e-05
988.9093583 1.323692876e-05 1.0981e-05
988.9093583 -1.821209058e-05 1.0963e-05
988.9093583 -3.045777631e-06 9.041e-06
988.9093583 -4.582391691e-06 8.221e-06
988.9093583 -1.956703228e-06 2.0017e-05
988.9093583 1.367065539e-05 9.914e-06
988.9093583 -5.545000878e-06 5.448e-06
988.9093583 -3.146151772e-06 5.567e-06
988.9093583 -4.83378736e-06 5.462e-06
988.9093583 4.516966361e-06 7.28e-06
988.9093583 6.048362221e-06 6.77e-06
988.9093583 -1.51403973e-05 6.441e-06
988.9093583 4.919690661e-06 1.0067e-05
988.9093583 2.021154805e-05 7.645e-06
988.9093583 7.986472694e-06 1.9348e-05
