  -322.60162     -0.201389      0.31224 56754.333916807670903 -322.666083192332280   348.688000 GUPPI_GBNCC108735_5675   
  -322.59927      0.324689      0.40918 56754.336264589364873 -322.663735410636775   376.609000 GUPPI_GBNCC108358_5675   
  -322.59927     -0.236039      0.23033 56754.336264582874719 -322.663735417126645   325.048000 GUPPI_GBNCC108358_5675   
  -322.59863      0.732229      0.47459 56754.336912256316282 -322.663087743683548   376.440000 GUPPI_GBNCC108358_5675   
  -322.59863      0.214658      0.30847 56754.336912250328169 -322.663087749673934   325.081000 GUPPI_GBNCC108358_5675   
  -322.59256      0.055060      0.31021 56754.342995647341013 -322.657004352658532   348.351000 GUPPI_GBNCC108968_5675   
    -5.59148     -0.041398      0.47066 57071.344068731355947   -5.655931268640423   769.471000 GUPPI_J1505-25_0_57071   
    -5.59048      1.045841      0.75649 57071.345063368120464   -5.654936631881291   769.448000 GUPPI_J1505-25_0_57071   
    -5.58282      0.131943      0.55718 57071.352719650611107   -5.647280349388115   893.350000 GUPPI_J1505-25_4_57071   
    -5.58282      0.222066      0.39259 57071.352719651651569   -5.647280348345017   844.327000 GUPPI_J1505-25_4_57071   
    -5.58282      0.429235      0.35439 57071.352719654052635   -5.647280345947230   794.392000 GUPPI_J1505-25_4_57071   
    -5.58282     -0.483491      0.33381 57071.352719643487944   -5.647280356511185   745.436000 GUPPI_J1505-25_4_57071   
    -5.58226     -0.076777      0.40798 57071.353286352670693   -5.646713647331847   893.154000 GUPPI_J1505-25_4_57071   
    -5.58226      0.222681      0.27069 57071.353286356134049   -5.646713643865901   844.470000 GUPPI_J1505-25_4_57071   
    -5.58226      0.066812      0.31505 57071.353286354329612   -5.646713645669944   794.367000 GUPPI_J1505-25_4_57071   
    -5.58226     -0.286700      0.25971 57071.353286350240523   -5.646713649761516   745.456000 GUPPI_J1505-25_4_57071   
    -5.58167      0.381236      0.36215 57071.353876193235919   -5.646123806763995   844.169000 GUPPI_J1505-25_4_57071   
    -5.58167     -0.018198      0.32960 57071.353876188615686   -5.646123811387078   794.317000 GUPPI_J1505-25_4_57071   
    -5.58167     -0.278297      0.38035 57071.353876185603440   -5.646123814397477   745.465000 GUPPI_J1505-25_4_57071   
    -5.58126     -0.511899      0.72775 57071.354280971805565   -5.645719028192630   893.274000 GUPPI_J1505-25_4_57071   
    -5.58126     -0.838285      0.46298 57071.354280968029343   -5.645719031970255   844.287000 GUPPI_J1505-25_4_57071   
    -5.58126     -0.428549      0.41384 57071.354280972773267   -5.645719027227941   794.332000 GUPPI_J1505-25_4_57071   
    -5.58126     -0.029378      0.46288 57071.354280977393501   -5.645719022607906   745.417000 GUPPI_J1505-25_4_57071   
    -5.58063     -0.172072      0.52307 57071.354917072596436   -5.645082927403124   893.222000 GUPPI_J1505-25_5_57071   
    -5.58063     -0.159253      0.27211 57071.354917072741955   -5.645082927254752   844.444000 GUPPI_J1505-25_5_57071   
    -5.58063     -0.078980      0.27987 57071.354917073673278   -5.645082926325667   794.393000 GUPPI_J1505-25_5_57071   
    -5.58063     -0.202713      0.35110 57071.354917072239914   -5.645082927757770   745.453000 GUPPI_J1505-25_5_57071   
    -5.58004      0.143115      0.46903 57071.355506911510020   -5.644493088488346   893.087000 GUPPI_J1505-25_5_57071   
    -5.58004     -0.531401      0.31690 57071.355506903702917   -5.644493096295250   844.275000 GUPPI_J1505-25_5_57071   
    -5.58004     -0.348194      0.25564 57071.355506905827497   -5.644493094174791   794.359000 GUPPI_J1505-25_5_57071   
    -5.58004     -0.335524      0.29291 57071.355506905973016   -5.644493094028157   745.506000 GUPPI_J1505-25_5_57071   
    -5.57947     -0.617096      0.47380 57071.356073607181315   -5.643926392815082   893.179000 GUPPI_J1505-25_5_57071   
    -5.57947     -0.089695      0.34826 57071.356073613285844   -5.643926386710906   844.266000 GUPPI_J1505-25_5_57071   
    -5.57947     -0.130712      0.28044 57071.356073612812907   -5.643926387185640   794.357000 GUPPI_J1505-25_5_57071   
    -5.57947      0.463013      0.29745 57071.356073619688686   -5.643926380313825   745.519000 GUPPI_J1505-25_5_57071   
    -5.57905      0.592370      0.70245 57071.356489975492877   -5.643510024510672   892.857000 GUPPI_J1505-25_5_57071   
    -5.57905     -0.184982      0.43650 57071.356489966492518   -5.643510033507805   844.324000 GUPPI_J1505-25_5_57071   
    -5.57905     -0.001674      0.37261 57071.356489968617097   -5.643510031386182   794.276000 GUPPI_J1505-25_5_57071   
    -5.57905      0.137532      0.41516 57071.356489970225084   -5.643510029775008   745.501000 GUPPI_J1505-25_5_57071   
     2.50907     -0.288337      0.32700 57079.444611846447515    2.444611846444396   892.600000 GUPPI_J1505-25_57079_3   
     2.50907     -0.342507      0.19368 57079.444611845814507    2.444611845817420   844.387000 GUPPI_J1505-25_57079_3   
     2.50907     -0.466463      0.21487 57079.444611844381143    2.444611844382749   794.384000 GUPPI_J1505-25_57079_3   
     2.50907     -0.691422      0.18487 57079.444611841776350    2.444611841779054   745.516000 GUPPI_J1505-25_57079_3   
     2.50966     -0.159155      0.31871 57079.445201683207415    2.445201683206744   892.453000 GUPPI_J1505-25_57079_3   
     2.50966      0.085719      0.24436 57079.445201686037763    2.445201686040928   844.276000 GUPPI_J1505-25_57079_3   
     2.50966     -0.256308      0.19248 57079.445201682079642    2.445201682082278   794.386000 GUPPI_J1505-25_57079_3   
     2.50966     -0.270866      0.20383 57079.445201681912295    2.445201681913790   745.549000 GUPPI_J1505-25_57079_3   
     2.51025      0.772207      0.41317 57079.445791529251437    2.445791529253569   892.742000 GUPPI_J1505-25_57079_3   
     2.51025      0.075481      0.25569 57079.445791521189676    2.445791521189609   844.261000 GUPPI_J1505-25_57079_3   
     2.51025     -0.112223      0.25454 57079.445791519014165    2.445791519017106   794.366000 GUPPI_J1505-25_57079_3   
     2.51025      0.156005      0.22788 57079.445791522120999    2.445791522121603   745.531000 GUPPI_J1505-25_57079_3   
     2.51084     -0.094297      0.29513 57079.446381354493496    2.446381354491773   892.802000 GUPPI_J1505-25_57079_3   
     2.51084     -0.169411      0.20030 57079.446381353620382    2.446381353622400   844.292000 GUPPI_J1505-25_57079_3   
     2.51084     -0.205810      0.19190 57079.446381353198376    2.446381353201112   794.366000 GUPPI_J1505-25_57079_3   
     2.51084     -0.141995      0.19993 57079.446381353940524    2.446381353939717   745.542000 GUPPI_J1505-25_57079_3   
     2.51140      0.209953      0.37344 57079.446948062482988    2.446948062485571   892.701000 GUPPI_J1505-25_57079_3   
     2.51140     -0.179058      0.25074 57079.446948057986447    2.446948057983128   844.274000 GUPPI_J1505-25_57079_3   
     2.51140     -0.293625      0.26522 57079.446948056654946    2.446948056657124   794.406000 GUPPI_J1505-25_57079_3   
     2.51140     -0.082149      0.20109 57079.446948059106944    2.446948059104759   745.489000 GUPPI_J1505-25_57079_3   
     2.51194      0.070234      0.35851 57079.447480069145968    2.447480069148661   892.684000 GUPPI_J1505-25_57079_3   
     2.51194      0.587289      0.25145 57079.447480075134081    2.447480075133083   844.238000 GUPPI_J1505-25_57079_3   
     2.51194      0.435872      0.27129 57079.447480073380575    2.447480073380582   794.421000 GUPPI_J1505-25_57079_3   
     2.51194     -0.290165      0.25514 57079.447480064976844    2.447480064977370   745.451000 GUPPI_J1505-25_57079_3   
    23.30943     -0.081299      0.28144 57100.244979083348881   23.244979083347211   893.019000 GUPPI_J1505-25_57100_2   
    23.30943     -0.027475      0.18133 57100.244979083967337   23.244979083970176   844.498000 GUPPI_J1505-25_57100_2   
    23.30943      0.213388      0.20253 57100.244979086761305   23.244979086757940   794.429000 GUPPI_J1505-25_57100_2   
    23.30943     -0.159261      0.16242 57100.244979082446662   23.244979082444875   745.564000 GUPPI_J1505-25_57100_2   
    23.31001      0.546312      0.25126 57100.245557360482053   23.245557360482039   893.816000 GUPPI_J1505-25_57100_2   
    23.31001      0.176106      0.22935 57100.245557356196514   23.245557356197242   844.205000 GUPPI_J1505-25_57100_2   
    23.31001     -0.068708      0.19371 57100.245557353366166   23.245557353363747   794.368000 GUPPI_J1505-25_57100_2   
    23.31001      0.579646      0.17231 57100.245557360867679   23.245557360867849   745.587000 GUPPI_J1505-25_57100_2   
    23.31060      0.373968      0.26474 57100.246147193756769   23.246147193755537   893.644000 GUPPI_J1505-25_57100_2   
    23.31060      0.614883      0.23900 57100.246147196543461   23.246147196543909   844.163000 GUPPI_J1505-25_57100_2   
    23.31060      0.122327      0.20559 57100.246147190846386   23.246147190843025   794.377000 GUPPI_J1505-25_57100_2   
    23.31060     -0.175693      0.19890 57100.246147187390306   23.246147187393717   745.575000 GUPPI_J1505-25_57100_2   
    23.31117     -0.046368      0.32787 57100.246713893364358   23.246713893363918   893.511000 GUPPI_J1505-25_57100_2   
    23.31117      0.102119      0.24543 57100.246713895081484   23.246713895082515   844.138000 GUPPI_J1505-25_57100_2   
    23.31117      0.204883      0.21238 57100.246713896274741   23.246713896271924   794.382000 GUPPI_J1505-25_57100_2   
    23.31117      0.433971      0.18146 57100.246713898923190   23.246713898923407   745.587000 GUPPI_J1505-25_57100_2   
    23.31176      0.667014      0.25554 57100.247303736890899   23.247303736888885   893.259000 GUPPI_J1505-25_57100_2   
    23.31176      0.211116      0.24124 57100.247303731615830   23.247303731612288   843.946000 GUPPI_J1505-25_57100_2   
    23.31176      0.126690      0.17623 57100.247303730633575   23.247303730635128   794.417000 GUPPI_J1505-25_57100_2   
    23.31176      0.378517      0.16242 57100.247303733551234   23.247303733549796   745.566000 GUPPI_J1505-25_57100_2   
    23.31227      0.314584      0.35957 57100.247812610294204   23.247812610296140   893.615000 GUPPI_J1505-25_57100_2   
    23.31227      0.133794      0.24819 57100.247812608206004   23.247812608203663   843.962000 GUPPI_J1505-25_57100_2   
    23.31227      0.183251      0.28440 57100.247812608773529   23.247812608776080   794.423000 GUPPI_J1505-25_57100_2   
    23.31227     -0.101935      0.23024 57100.247812605477520   23.247812605475318   745.586000 GUPPI_J1505-25_57100_2   
    53.26254     -0.163285      0.31273 57130.198086234348011   53.198086234351479   895.613000 GUPPI_J1505-25_57130_1   
    53.26254     -0.275744      0.22988 57130.198086233052891   53.198086233049871   843.565000 GUPPI_J1505-25_57130_1   
    53.26254      0.017406      0.18431 57130.198086236443487   53.198086236442805   794.387000 GUPPI_J1505-25_57130_1   
    53.26254     -0.238373      0.16954 57130.198086233482172   53.198086233482400   745.538000 GUPPI_J1505-25_57130_1   
    53.26313     -0.500920      0.27036 57130.198676065716427   53.198676065713371   896.114000 GUPPI_J1505-25_57130_1   
    53.26313      0.154431      0.19183 57130.198676073297975   53.198676073298465   843.797000 GUPPI_J1505-25_57130_1   
    53.26313     -0.465851      0.17990 57130.198676066116604   53.198676066119262   794.387000 GUPPI_J1505-25_57130_1   
    53.26313     -0.209640      0.16721 57130.198676069085195   53.198676069084676   745.568000 GUPPI_J1505-25_57130_1   
    53.26371      0.516255      0.33119 57130.199254347360693   53.199254347358504   895.557000 GUPPI_J1505-25_57130_1   
    53.26371     -0.538771      0.23816 57130.199254335144360   53.199254335147558   844.148000 GUPPI_J1505-25_57130_1   
    53.26371     -0.056079      0.19731 57130.199254340732296   53.199254340734271   794.340000 GUPPI_J1505-25_57130_1   
    53.26371     -0.319774      0.18810 57130.199254337683669   53.199254337682248   745.570000 GUPPI_J1505-25_57130_1   
    53.26428      0.076852      0.28245 57130.199821046750003   53.199821046747658   894.969000 GUPPI_J1505-25_57130_1   
    53.26428      0.114301      0.24239 57130.199821047179285   53.199821047181089   844.195000 GUPPI_J1505-25_57130_1   
    53.26428      0.171047      0.20143 57130.199821047841397   53.199821047837872   794.386000 GUPPI_J1505-25_57130_1   
    53.26428      0.075299      0.16214 57130.199821046728175   53.199821046729681   745.677000 GUPPI_J1505-25_57130_1   
    53.26487      0.183703      0.34282 57130.200410883255245   53.200410883254072   894.750000 GUPPI_J1505-25_57130_1   
    53.26487      0.572081      0.28871 57130.200410887751787   53.200410887749186   843.979000 GUPPI_J1505-25_57130_1   
    53.26487      0.251534      0.24141 57130.200410884041048   53.200410884039151   794.391000 GUPPI_J1505-25_57130_1   
    53.26487      0.257547      0.20668 57130.200410884106532   53.200410884108749   745.704000 GUPPI_J1505-25_57130_1   
    53.26540      0.508447      0.34224 57130.200942895295157   53.200942895295171   895.417000 GUPPI_J1505-25_57130_1   
    53.26540     -0.097211      0.28343 57130.200942888288409   53.200942888285233   843.592000 GUPPI_J1505-25_57130_1   
    53.26540      0.278406      0.23106 57130.200942892632156   53.200942892632654   794.353000 GUPPI_J1505-25_57130_1   
    53.26540     -0.024552      0.21816 57130.200942889125145   53.200942889126210   745.548000 GUPPI_J1505-25_57130_1   
    86.21387      0.178319      0.74848 57163.149418673405307   86.149418673404995   899.412000 GUPPI_J1505-25_57163_1   
    86.21387     -0.424296      0.35879 57163.149418666427664   86.149418666430279   842.975000 GUPPI_J1505-25_57163_1   
    86.21387     -0.049750      0.25269 57163.149418670764135   86.149418670765300   794.435000 GUPPI_J1505-25_57163_1   
    86.21387      0.642823      0.69411 57163.149418678782240   86.149418678781203   745.753000 GUPPI_J1505-25_57163_1   
    86.21445      0.603022      0.59857 57163.149996948195621   86.149996948194428   901.314000 GUPPI_J1505-25_57163_1   
    86.21445      0.208419      0.32577 57163.149996943626320   86.149996943627258   842.735000 GUPPI_J1505-25_57163_1   
    86.21445      0.484794      0.30063 57163.149996946827741   86.149996946826050   794.501000 GUPPI_J1505-25_57163_1   
    86.21445      0.464964      0.73383 57163.149996946594911   86.149996946596531   745.192000 GUPPI_J1505-25_57163_1   
    86.21504     -1.318578      0.83414 57163.150586761228624   86.150586761225043   902.525000 GUPPI_J1505-25_57163_1   
    86.21504      0.294332      0.36565 57163.150586779891455   86.150586779892990   841.197000 GUPPI_J1505-25_57163_1   
    86.21504      0.255069      0.30229 57163.150586779440346   86.150586779438555   794.515000 GUPPI_J1505-25_57163_1   
    86.21504     -0.361848      0.79565 57163.150586772295355   86.150586772298311   745.603000 GUPPI_J1505-25_57163_1   
    86.21562     -0.288953      0.60449 57163.151165043018409   86.151165043015894   901.139000 GUPPI_J1505-25_57163_1   
    86.21562     -1.241079      0.34840 57163.151165031995333   86.151165031995916   842.262000 GUPPI_J1505-25_57163_1   
    86.21562     -0.063019      0.31016 57163.151165045630478   86.151165045630876   794.537000 GUPPI_J1505-25_57163_1   
    86.21619      0.473940      0.42857 57163.151731756319350   86.151731756322079   900.804000 GUPPI_J1505-25_57163_1   
    86.21619     -0.205625      0.29428 57163.151731748454040   86.151731748456754   842.627000 GUPPI_J1505-25_57163_1   
    86.21619      0.340454      0.26461 57163.151731754776847   86.151731754777103   794.597000 GUPPI_J1505-25_57163_1   
    86.21672     -0.089020      0.34585 57163.152263758092886   86.152263758090314   842.111000 GUPPI_J1505-25_57163_1   
    86.21672     -0.628343      0.32765 57163.152263751850114   86.152263751848153   794.570000 GUPPI_J1505-25_57163_1   
   116.17818     -0.054326      0.39412 57193.113721287074441  116.113721287072309   894.294000 GUPPI_J1505-25_57193_0   
   116.17818      0.240837      0.36334 57193.113721290486865  116.113721290488542   843.663000 GUPPI_J1505-25_57193_0   
   116.17818      0.331418      0.32896 57193.113721291534603  116.113721291536947   793.450000 GUPPI_J1505-25_57193_0   
   116.17818      0.000023      0.31811 57193.113721287700173  116.113721287701352   745.485000 GUPPI_J1505-25_57193_0   
   116.17876     -1.092964      0.48752 57193.114311110322888  116.114311110323911   894.293000 GUPPI_J1505-25_57193_0   
   116.17876     -0.839669      0.30388 57193.114311113255098  116.114311113255553   843.833000 GUPPI_J1505-25_57193_0   
   116.17876     -0.134578      0.34252 57193.114311121418723  116.114311121416321   793.457000 GUPPI_J1505-25_57193_0   
   116.17876     -1.313493      0.39242 57193.114311107769026  116.114311107771485   745.552000 GUPPI_J1505-25_57193_0   
   116.17936     -0.097373      0.40222 57193.114900957116333  116.114900957119801   894.545000 GUPPI_J1505-25_57193_0   
   116.17936      0.241686      0.32451 57193.114900961045350  116.114900961044100   843.633000 GUPPI_J1505-25_57193_0   
   116.17936     -0.171251      0.36057 57193.114900956265046  116.114900956264734   793.422000 GUPPI_J1505-25_57193_0   
   116.17936      0.081359      0.53851 57193.114900959189981  116.114900959188461   745.551000 GUPPI_J1505-25_57193_0   
   116.17993     -0.190899      0.41992 57193.115479225911258  116.115479225912679   793.475000 GUPPI_J1505-25_57193_0   
   116.17993      0.086280      0.44990 57193.115479229119956  116.115479229120766   745.619000 GUPPI_J1505-25_57193_0   
   116.17994      0.554372      0.46947 57193.115479234540544  116.115479234538498   894.652000 GUPPI_J1505-25_57193_0   
   116.17994      0.315857      0.46208 57193.115479231775680  116.115479231777911   843.678000 GUPPI_J1505-25_57193_0   
   116.18051     -0.473244      0.47921 57193.116057492523396  116.116057492520156   843.642000 GUPPI_J1505-25_57193_0   
   116.18051      0.382388      0.49814 57193.116057502425974  116.116057502423303   793.457000 GUPPI_J1505-25_57193_0   
   116.18051     -0.261824      0.41137 57193.116057494968118  116.116057494967151   745.457000 GUPPI_J1505-25_57193_0   
   116.18105     -0.726048      0.49194 57193.116589497876703  116.116589497879502   745.428000 GUPPI_J1505-25_57193_0   
   145.98573      0.141325      0.44301 57222.921278148947749  145.921278148949284   894.175000 GUPPI_J1505-25_57222_7   
   145.98573     -0.152567      0.42899 57222.921278145549877  145.921278145547774   843.887000 GUPPI_J1505-25_57222_7   
   145.98573     -0.033786      0.35961 57222.921278146925033  145.921278146922532   793.421000 GUPPI_J1505-25_57222_7   
   145.98573     -0.545075      0.50639 57222.921278141002404  145.921278141004848   745.438000 GUPPI_J1505-25_57222_7   
   145.98631     -0.061222      0.70823 57222.921856416483934  145.921856416481830   894.495000 GUPPI_J1505-25_57222_7   
   145.98631     -0.291705      0.52387 57222.921856413813657  145.921856413814197   843.777000 GUPPI_J1505-25_57222_7   
   145.98631     -1.346439      0.56193 57222.921856401604600  145.921856401606618   793.431000 GUPPI_J1505-25_57222_7   
   145.98631     -1.136967      0.65554 57222.921856404027494  145.921856404031047   745.452000 GUPPI_J1505-25_57222_7   
   145.98689      0.756946      0.40854 57222.922434695828997  145.922434695828173   895.088000 GUPPI_J1505-25_57222_7   
   145.98689     -0.136968      0.33106 57222.922434685482585  145.922434685481932   843.635000 GUPPI_J1505-25_57222_7   
   145.98689     -0.365519      0.48937 57222.922434682834137  145.922434682836666   793.611000 GUPPI_J1505-25_57222_7   
   145.98689     -0.225908      0.46665 57222.922434684449399  145.922434684452526   745.386000 GUPPI_J1505-25_57222_7   
   145.98747      0.097730      0.54656 57222.923012958075560  145.923012958075162   894.663000 GUPPI_J1505-25_57222_7   
   145.98747      0.637089      0.34302 57222.923012964318332  145.923012964317735   843.774000 GUPPI_J1505-25_57222_7   
   145.98747      0.787132      0.29977 57222.923012966057286  145.923012966054358   793.404000 GUPPI_J1505-25_57222_7   
   145.98747      0.047936      0.45424 57222.923012957500760  145.923012957498855   745.420000 GUPPI_J1505-25_57222_7   
   145.98807      0.921653      0.71997 57222.923614368286508  145.923614368283211   895.306000 GUPPI_J1505-25_57222_7   
   145.98807     -0.434923      0.47134 57222.923614352584991  145.923614352582092   843.050000 GUPPI_J1505-25_57222_7   
   145.98807      0.567708      0.49258 57222.923614364190144  145.923614364186619   793.550000 GUPPI_J1505-25_57222_7   
   145.98807     -0.471532      0.69666 57222.923614352155710  145.923614352158381   745.456000 GUPPI_J1505-25_57222_7   
   145.98859      0.867546      0.57805 57222.924123245145893  145.924123245148564   894.068000 GUPPI_J1505-25_57222_7   
   145.98859      0.007591      0.48710 57222.924123235192383  145.924123235195367   843.758000 GUPPI_J1505-25_57222_7   
   145.98859      0.398443      0.35588 57222.924123239718028  145.924123239719108   793.361000 GUPPI_J1505-25_57222_7   
   145.98859     -0.139776      0.52304 57222.924123233489809  145.924123233489723   745.463000 GUPPI_J1505-25_57222_7   
   171.95186     -0.073266      0.67363 57248.887399845996697  171.887399845993514   894.092000 GUPPI_J1505-25_57248_7   
   171.95186     -0.040861      0.34415 57248.887399846367771  171.887399846368567   844.283000 GUPPI_J1505-25_57248_7   
   171.95186     -0.136402      0.36313 57248.887399845261825  171.887399845262763   794.147000 GUPPI_J1505-25_57248_7   
   171.95186      0.220501      0.36024 57248.887399849394569  171.887399849393574   745.447000 GUPPI_J1505-25_57248_7   
   171.95244      1.000090      0.52443 57248.887978128295799  171.887978128294691   844.460000 GUPPI_J1505-25_57248_7   
   171.95244     -0.264034      0.47091 57248.887978113663848  171.887978113663621   794.148000 GUPPI_J1505-25_57248_7   
   171.95244      0.207253      0.50796 57248.887978119120817  171.887978119118344   745.491000 GUPPI_J1505-25_57248_7   
   171.95302     -1.019845      0.55901 57248.888567940193752  171.888567940191479   893.588000 GUPPI_J1505-25_57248_7   
   171.95302     -0.580950      0.37841 57248.888567945272371  171.888567945271262   844.421000 GUPPI_J1505-25_57248_7   
   171.95302      0.030782      0.36635 57248.888567952351877  171.888567952351508   794.113000 GUPPI_J1505-25_57248_7   
   171.95302     -0.073494      0.35910 57248.888567951144069  171.888567951144580   745.447000 GUPPI_J1505-25_57248_7   
   171.95361      0.294086      0.47496 57248.889157790676109  171.889157790674659   893.348000 GUPPI_J1505-25_57248_7   
   171.95361      0.300022      0.30154 57248.889157790741592  171.889157790743354   844.695000 GUPPI_J1505-25_57248_7   
   171.95361     -0.108583      0.36388 57248.889157786012220  171.889157786014124   794.078000 GUPPI_J1505-25_57248_7   
   171.95361     -0.473259      0.41042 57248.889157781792164  171.889157781793330   745.358000 GUPPI_J1505-25_57248_7   
   171.95418     -0.303915      0.51911 57248.889724488231877  171.889724488233867   844.721000 GUPPI_J1505-25_57248_7   
   171.95418     -0.124600      0.54908 57248.889724490312801  171.889724490309277   794.082000 GUPPI_J1505-25_57248_7   
   171.95418      0.794272      0.52841 57248.889724500942975  171.889724500944368   745.446000 GUPPI_J1505-25_57248_7   
   171.95470      0.600591      0.45022 57248.890244941590936  171.890244941592954   893.651000 GUPPI_J1505-25_57248_7   
   171.95470     -0.224803      0.38985 57248.890244932037604  171.890244932039792   844.604000 GUPPI_J1505-25_57248_7   
   171.95470      0.684450      0.40882 57248.890244942565914  171.890244942563555   794.139000 GUPPI_J1505-25_57248_7   
   171.95470      0.388321      0.41705 57248.890244939138938  171.890244939136124   745.496000 GUPPI_J1505-25_57248_7   
   201.80708     -0.622277      0.34228 57278.742629408960056  201.742629408959573   894.399000 GUPPI_J1505-25_57278_6   
   201.80708     -0.264050      0.26262 57278.742629413107352  201.742629413105703   844.145000 GUPPI_J1505-25_57278_6   
   201.80708     -0.412574      0.21413 57278.742629411390226  201.742629411386702   794.443000 GUPPI_J1505-25_57278_6   
   201.80708      0.001011      0.20789 57278.742629416170530  201.742629416173543   745.690000 GUPPI_J1505-25_57278_6   
   201.80766     -0.535715      0.24066 57278.743207679843181  201.743207679840992   894.330000 GUPPI_J1505-25_57278_6   
   201.80766      0.117558      0.22973 57278.743207687402901  201.743207687402020   844.022000 GUPPI_J1505-25_57278_6   
   201.80766     -0.148265      0.22223 57278.743207684325171  201.743207684325370   794.423000 GUPPI_J1505-25_57278_6   
   201.80766     -0.248478      0.22001 57278.743207683168293  201.743207683165480   745.684000 GUPPI_J1505-25_57278_6   
   201.80824     -0.652607      0.32231 57278.743785948368895  201.743785948367616   894.499000 GUPPI_J1505-25_57278_6   
   201.80824      0.056196      0.31605 57278.743785956568900  201.743785956571372   843.391000 GUPPI_J1505-25_57278_6   
   201.80824     -0.380107      0.30721 57278.743785951519385  201.743785951521545   794.403000 GUPPI_J1505-25_57278_6   
   201.80824      0.060360      0.25515 57278.743785956619831  201.743785956619547   745.634000 GUPPI_J1505-25_57278_6   
   201.80884      0.019232      0.28275 57278.744375791422499  201.744375791420680   893.921000 GUPPI_J1505-25_57278_6   
   201.80884     -0.049210      0.46401 57278.744375790629419  201.744375790628510   844.467000 GUPPI_J1505-25_57278_6   
   201.80884     -0.111662      0.27901 57278.744375789909100  201.744375789905689   794.280000 GUPPI_J1505-25_57278_6   
   201.80884     -0.083592      0.21048 57278.744375790229242  201.744375790230578   745.716000 GUPPI_J1505-25_57278_6   
   201.80942     -0.967442      0.37952 57278.744954049878288  201.744954049880391   893.802000 GUPPI_J1505-25_57278_6   
   201.80942      0.326163      0.43903 57278.744954064852209  201.744954064852664   844.418000 GUPPI_J1505-25_57278_6   
   201.80942      0.206898      0.35416 57278.744954063469777  201.744954063472278   794.272000 GUPPI_J1505-25_57278_6   
   201.80942     -0.125365      0.27193 57278.744954059628071  201.744954059626650   745.674000 GUPPI_J1505-25_57278_6   
   201.80994      0.736991      0.50022 57278.745486077896203  201.745486077896828   893.972000 GUPPI_J1505-25_57278_6   
   201.80994      0.451448      0.34454 57278.745486074592918  201.745486074591895   844.482000 GUPPI_J1505-25_57278_6   
   201.80994     -0.007982      0.37122 57278.745486069274193  201.745486069274421   794.221000 GUPPI_J1505-25_57278_6   
   201.80994     -0.242508      0.32387 57278.745486066560261  201.745486066560005   745.615000 GUPPI_J1505-25_57278_6   
   230.73022      0.040275      0.28239 57307.665768971091893  230.665768971088397   894.542000 GUPPI_J1505-25_57307_5   
   230.73022      0.141780      0.23650 57307.665768972263322  230.665768972263209   843.719000 GUPPI_J1505-25_57307_5   
   230.73022     -0.078627      0.21280 57307.665768969709461  230.665768969712218   794.469000 GUPPI_J1505-25_57307_5   
   230.73022      0.411324      0.24211 57307.665768975384708  230.665768975382946   745.335000 GUPPI_J1505-25_57307_5   
   230.73082     -0.373249      0.27291 57307.666358801579918  230.666358801580827   895.111000 GUPPI_J1505-25_57307_5   
   230.73082     -0.203681      0.24670 57307.666358803544426  230.666358803543432   843.436000 GUPPI_J1505-25_57307_5   
   230.73082     -0.093821      0.20148 57307.666358804817719  230.666358804814962   794.475000 GUPPI_J1505-25_57307_5   
   230.73082      0.087696      0.28422 57307.666358806913195  230.666358806915838   745.308000 GUPPI_J1505-25_57307_5   
   230.73138      0.148080      0.32281 57307.666925512101443  230.666925512098089   894.909000 GUPPI_J1505-25_57307_5   
   230.73138      0.055479      0.23610 57307.666925511024601  230.666925511026307   843.487000 GUPPI_J1505-25_57307_5   
   230.73138     -0.271815      0.24029 57307.666925507241103  230.666925507238176   794.497000 GUPPI_J1505-25_57307_5   
   230.73138     -0.050492      0.29163 57307.666925509802240  230.666925509799796   745.343000 GUPPI_J1505-25_57307_5   
   230.73196      0.177187      0.24882 57307.667515347711742  230.667515347713561   894.995000 GUPPI_J1505-25_57307_5   
   230.73196     -0.276134      0.20426 57307.667515342465776  230.667515342466771   843.753000 GUPPI_J1505-25_57307_5   
   230.73196     -0.141524      0.22668 57307.667515344022831  230.667515344024764   794.524000 GUPPI_J1505-25_57307_5   
   230.73196      0.161984      0.19845 57307.667515347537119  230.667515347537574   745.303000 GUPPI_J1505-25_57307_5   
   230.73254      0.020011      0.27880 57307.668093615771795  230.668093615775348   894.553000 GUPPI_J1505-25_57307_5   
   230.73254      0.140031      0.24650 57307.668093617161503  230.668093617164459   843.740000 GUPPI_J1505-25_57307_5   
   230.73254     -0.572134      0.27058 57307.668093608925119  230.668093608921822   794.564000 GUPPI_J1505-25_57307_5   
   230.73254      0.311880      0.25857 57307.668093619155115  230.668093619153467   745.353000 GUPPI_J1505-25_57307_5   
   230.73309      0.148564      0.26923 57307.668637190952722  230.668637190951330   894.531000 GUPPI_J1505-25_57307_5   
   230.73309      0.537800      0.21257 57307.668637195456540  230.668637195456398   844.052000 GUPPI_J1505-25_57307_5   
   230.73309      0.072876      0.24890 57307.668637190072332  230.668637190075316   794.475000 GUPPI_J1505-25_57307_5   
   230.73309      0.218986      0.31746 57307.668637191767630  230.668637191766408   745.345000 GUPPI_J1505-25_57307_5   
   256.67694     -0.185762      0.37881 57333.612472551772953  256.612472551770338   895.053000 GUPPI_J1505-25_57333_5   
   256.67694     -0.031141      0.31338 57333.612472553562839  256.612472553559940   843.069000 GUPPI_J1505-25_57333_5   
   256.67694      0.173761      0.29695 57333.612472555934801  256.612472555931504   794.471000 GUPPI_J1505-25_57333_5   
   256.67694     -0.311527      0.32082 57333.612472550317761  256.612472550314749   745.251000 GUPPI_J1505-25_57333_5   
   256.67752     -0.673470      0.40282 57333.613050816005853  256.613050816007842   894.567000 GUPPI_J1505-25_57333_5   
   256.67752     -0.231015      0.29533 57333.613050821128127  256.613050821128866   843.199000 GUPPI_J1505-25_57333_5   
   256.67752     -0.844025      0.27544 57333.613050814034068  256.613050814033841   794.440000 GUPPI_J1505-25_57333_5   
   256.67752     -0.967856      0.27305 57333.613050812600704  256.613050812600591   745.314000 GUPPI_J1505-25_57333_5   
   256.67807      0.711828      0.44353 57333.613617536524544  256.613617536525965   895.183000 GUPPI_J1505-25_57333_5   
   256.67807      0.686965      0.39436 57333.613617536240781  256.613617536238223   842.431000 GUPPI_J1505-25_57333_5   
   256.67807     -0.191843      0.34078 57333.613617526068992  256.613617526066832   794.460000 GUPPI_J1505-25_57333_5   
   256.67807      0.947782      0.34900 57333.613617539260304  256.613617539256893   745.242000 GUPPI_J1505-25_57333_5   
   256.67868      0.361372      0.59908 57333.614218933144002  256.614218933147299   894.399000 GUPPI_J1505-25_57333_5   
   256.67868     -0.009069      0.43215 57333.614218928858463  256.614218928859771   842.944000 GUPPI_J1505-25_57333_5   
   256.67868     -0.142611      0.35808 57333.614218927315960  256.614218927314141   794.436000 GUPPI_J1505-25_57333_5   
   256.67868     -0.030857      0.36201 57333.614218928611081  256.614218928607613   745.242000 GUPPI_J1505-25_57333_5   
   256.67926     -0.554740      0.42857 57333.614797192429251  256.614797192426352   894.564000 GUPPI_J1505-25_57333_5   
   256.67926     -0.219176      0.30050 57333.614797196307336  256.614797196310235   843.025000 GUPPI_J1505-25_57333_5   
   256.67926      0.017578      0.33595 57333.614797199050372  256.614797199050429   794.460000 GUPPI_J1505-25_57333_5   
   256.67926     -0.004881      0.28553 57333.614797198788438  256.614797198790484   745.256000 GUPPI_J1505-25_57333_5   
   256.67978     -0.468736      0.42842 57333.615317636315012  256.615317636315808   894.242000 GUPPI_J1505-25_57333_5   
   256.67978      0.424997      0.49162 57333.615317646661424  256.615317646659946   843.125000 GUPPI_J1505-25_57333_5   
   256.67978      0.035859      0.43105 57333.615317642157606  256.615317642156015   794.451000 GUPPI_J1505-25_57333_5   
   256.67978      1.108558      0.41740 57333.615317654570390  256.615317654571527   745.321000 GUPPI_J1505-25_57333_5   
   256.69653      0.229511      0.78304 57333.632087470985425  256.632087470982242   894.950000 GUPPI_J1505-25_57333_5   
   256.69653      0.053953      0.41195 57333.632087468948157  256.632087468950317   843.211000 GUPPI_J1505-25_57333_5   
   256.69653     -0.420998      0.48193 57333.632087463454809  256.632087463453217   794.423000 GUPPI_J1505-25_57333_5   
   256.69653      0.013444      0.54835 57333.632087468482496  256.632087468481473   745.296000 GUPPI_J1505-25_57333_5   
   256.69711      0.178100      0.39924 57333.632665740267839  256.632665740269431   894.866000 GUPPI_J1505-25_57333_5   
   256.69711      0.009960      0.25466 57333.632665738325159  256.632665738323396   843.413000 GUPPI_J1505-25_57333_5   
   256.69711      0.112001      0.41479 57333.632665739503864  256.632665739504432   794.418000 GUPPI_J1505-25_57333_5   
   256.69711     -0.922015      0.44863 57333.632665727534913  256.632665727536619   745.296000 GUPPI_J1505-25_57333_5   
   256.69769     -1.109297      0.56890 57333.633243995252997  256.633243995251235   893.881000 GUPPI_J1505-25_57333_5   
   256.69769      0.586852      0.38029 57333.633244014883530  256.633244014882621   843.394000 GUPPI_J1505-25_57333_5   
   256.69769     -0.098664      0.51515 57333.633244006945461  256.633244006948416   794.406000 GUPPI_J1505-25_57333_5   
   256.69769      0.285378      0.36850 57333.633244011391071  256.633244011393344   745.366000 GUPPI_J1505-25_57333_5   
   256.69830      0.652341      0.39973 57333.633833850923111  256.633833850920496   894.717000 GUPPI_J1505-25_57333_5   
   256.69830     -0.177718      0.30443 57333.633833841311571  256.633833841313333   843.176000 GUPPI_J1505-25_57333_5   
   256.69830     -0.465298      0.35641 57333.633833837986458  256.633833837984810   794.425000 GUPPI_J1505-25_57333_5   
   256.69830      0.162731      0.34023 57333.633833845255140  256.633833845253662   745.356000 GUPPI_J1505-25_57333_5   
   256.69888      0.176328      0.45067 57333.634412115294253  256.634412115293287   894.224000 GUPPI_J1505-25_57333_5   
   256.69888     -0.045139      0.36751 57333.634412112733116  256.634412112730047   843.382000 GUPPI_J1505-25_57333_5   
   256.69888      0.153585      0.41108 57333.634412115032319  256.634412115030045   794.433000 GUPPI_J1505-25_57333_5   
   256.69888     -0.273780      0.38843 57333.634412110084668  256.634412110083701   745.344000 GUPPI_J1505-25_57333_5   
   256.69940      0.801923      0.49429 57333.634944130826625  256.634944130825659   894.289000 GUPPI_J1505-25_57333_5   
   256.69940      0.342285      0.33020 57333.634944125507900  256.634944125505740   843.710000 GUPPI_J1505-25_57333_5   
   256.69940      0.142201      0.42374 57333.634944123186870  256.634944123189939   794.409000 GUPPI_J1505-25_57333_5   
   256.69940      0.240297      0.44152 57333.634944124321919  256.634944124325330   745.380000 GUPPI_J1505-25_57333_5   
   257.66458     -0.103004      0.45005 57334.600111250038026  257.600111250039220   893.656000 GUPPI_J1505-25_57334_5   
   257.66458     -0.600720      0.32232 57334.600111244275467  257.600111244278651   844.224000 GUPPI_J1505-25_57334_5   
   257.66458     -0.582063      0.32963 57334.600111244493746  257.600111244494542   794.415000 GUPPI_J1505-25_57334_5   
   257.66458      0.191257      0.36612 57334.600111253443174  257.600111253445050   745.492000 GUPPI_J1505-25_57334_5   
   257.66516      0.693857      0.71764 57334.600701094539545  257.600701094542103   893.408000 GUPPI_J1505-25_57334_5   
   257.66516      0.589775      0.35965 57334.600701093339012  257.600701093337420   844.181000 GUPPI_J1505-25_57334_5   
   257.66516     -0.010016      0.53895 57334.600701086397748  257.600701086395418   794.426000 GUPPI_J1505-25_57334_5   
   257.66516      0.831076      0.47930 57334.600701096132980  257.600701096130251   745.459000 GUPPI_J1505-25_57334_5   
   257.66574      0.081046      0.47065 57334.601290922728367  257.601290922729277   844.178000 GUPPI_J1505-25_57334_5   
   257.66574      0.001347      0.55314 57334.601290921804321  257.601290921806878   745.490000 GUPPI_J1505-25_57334_5   
   257.66632     -0.786736      0.47769 57334.601857617170026  257.601857617170140   893.784000 GUPPI_J1505-25_57334_5   
   257.66632      0.374661      0.29937 57334.601857630608720  257.601857630612244   844.218000 GUPPI_J1505-25_57334_5   
   257.66632     -0.101120      0.47327 57334.601857625108096  257.601857625105538   794.393000 GUPPI_J1505-25_57334_5   
   257.66632      0.140975      0.39503 57334.601857627909339  257.601857627907577   745.742000 GUPPI_J1505-25_57334_5   
   257.66690     -0.173739      0.49408 57334.602459024943528  257.602459024942618   893.506000 GUPPI_J1505-25_57334_5   
   257.66690      0.538620      0.33963 57334.602459033187188  257.602459033187529   844.156000 GUPPI_J1505-25_57334_5   
   257.66690      0.256476      0.46856 57334.602459029920283  257.602459029921931   794.364000 GUPPI_J1505-25_57334_5   
   257.66690      0.201611      0.44269 57334.602459029287274  257.602459029286933   745.602000 GUPPI_J1505-25_57334_5   
   257.66748      0.257229      0.47420 57334.603025734417315  257.603025734415326   893.324000 GUPPI_J1505-25_57334_5   
   257.66748      0.300944      0.50476 57334.603025734919356  257.603025734921289   844.241000 GUPPI_J1505-25_57334_5   
   257.66748      0.799548      0.47105 57334.603025740689191  257.603025740692146   745.562000 GUPPI_J1505-25_57334_5   
   257.66806      0.016660      0.36157 57334.603615566913504  257.603615566910889   893.531000 GUPPI_J1505-25_57334_5   
   257.66806     -0.355783      0.31590 57334.603615562598861  257.603615562600169   844.183000 GUPPI_J1505-25_57334_5   
   257.66806     -0.190685      0.60301 57334.603615564512438  257.603615564511074   794.407000 GUPPI_J1505-25_57334_5   
   257.66806     -0.261232      0.40628 57334.603615563697531  257.603615563694518   745.558000 GUPPI_J1505-25_57334_5   
   257.66864     -0.354838      0.50929 57334.604193832492456  257.604193832493422   893.855000 GUPPI_J1505-25_57334_5   
   257.66864     -0.089528      0.35276 57334.604193835562910  257.604193835564161   844.141000 GUPPI_J1505-25_57334_5   
   257.66864      0.178991      0.53430 57334.604193838669744  257.604193838672018   794.433000 GUPPI_J1505-25_57334_5   
   257.66864     -0.125951      0.43575 57334.604193835140904  257.604193835142553   745.569000 GUPPI_J1505-25_57334_5   
   257.66922      0.251935      0.53434 57334.604772109400074  257.604772109398539   893.753000 GUPPI_J1505-25_57334_5   
   257.66922      0.493323      0.49540 57334.604772112194041  257.604772112192393   844.249000 GUPPI_J1505-25_57334_5   
   257.66922     -0.049304      0.52877 57334.604772105914890  257.604772105911991   794.422000 GUPPI_J1505-25_57334_5   
   257.66922      0.189901      0.45243 57334.604772108679754  257.604772108680550   745.592000 GUPPI_J1505-25_57334_5   
   257.66983     -0.046270      0.51451 57334.605361941226874  257.605361941227045   894.415000 GUPPI_J1505-25_57334_5   
   257.66983     -0.479252      0.45575 57334.605361936213740  257.605361936215672   844.221000 GUPPI_J1505-25_57334_5   
   257.66983      0.147336      0.47356 57334.605361943467869  257.605361943467813   745.511000 GUPPI_J1505-25_57334_5   
   257.67041      1.112427      0.62329 57334.605951789919345  257.605951789917810   893.734000 GUPPI_J1505-25_57334_5   
   257.67041      0.004517      0.44573 57334.605951777091832  257.605951777094788   844.121000 GUPPI_J1505-25_57334_5   
   257.67041      0.159901      0.57748 57334.605951778896269  257.605951778893200   794.423000 GUPPI_J1505-25_57334_5   
   257.67041      1.364995      0.51580 57334.605951792844280  257.605951792841040   745.461000 GUPPI_J1505-25_57334_5   
   257.67093     -0.561749      0.46168 57334.606472213432426  257.606472213434813   893.433000 GUPPI_J1505-25_57334_5   
   257.67093      0.227523      0.39903 57334.606472222571028  257.606472222569892   844.180000 GUPPI_J1505-25_57334_5   
   257.67093     -0.525203      0.51576 57334.606472213854431  257.606472213857785   794.342000 GUPPI_J1505-25_57334_5   
   257.67093     -0.270315      0.48205 57334.606472216808470  257.606472216807902   745.484000 GUPPI_J1505-25_57334_5   
   258.66638      0.900991      0.57138 57335.601929136566469  258.601929136568003   893.896000 GUPPI_J1505-25_57335_5   
   258.66638     -0.300309      0.37059 57335.601929122662114  258.601929122664046   843.800000 GUPPI_J1505-25_57335_5   
   258.66638     -0.619121      0.35171 57335.601929118973203  258.601929118974112   794.091000 GUPPI_J1505-25_57335_5   
   258.66638     -0.026200      0.36332 57335.601929125834431  258.601929125836648   745.290000 GUPPI_J1505-25_57335_5   
   258.66696      0.691156      0.44097 57335.602518969419179  258.602518969419350   894.182000 GUPPI_J1505-25_57335_5   
   258.66696      0.437215      0.33857 57335.602518966479693  258.602518966480204   843.702000 GUPPI_J1505-25_57335_5   
   258.66696     -0.344314      0.42173 57335.602518957435677  258.602518957434768   794.136000 GUPPI_J1505-25_57335_5   
   258.66696     -0.109562      0.40442 57335.602518960149609  258.602518960151770   745.338000 GUPPI_J1505-25_57335_5   
   258.66754     -0.178074      0.51554 57335.603085663846286  258.603085663843501   893.681000 GUPPI_J1505-25_57335_5   
   258.66754      0.034257      0.33618 57335.603085666298284  258.603085666301013   843.768000 GUPPI_J1505-25_57335_5   
   258.66754      0.027110      0.49898 57335.603085666218249  258.603085666218306   794.067000 GUPPI_J1505-25_57335_5   
   258.66754      0.835416      0.46676 57335.603085675575130  258.603085675573709   745.294000 GUPPI_J1505-25_57335_5   
   258.66815      0.187227      0.51421 57335.603687068745785  258.603687068749139   893.766000 GUPPI_J1505-25_57335_5   
   258.66815      0.752124      0.43341 57335.603687075286871  258.603687075287326   843.972000 GUPPI_J1505-25_57335_5   
   258.66815      0.882541      0.52289 57335.603687076800270  258.603687076796746   794.063000 GUPPI_J1505-25_57335_5   
   258.66815      0.686085      0.34808 57335.603687074522895  258.603687074522952   745.335000 GUPPI_J1505-25_57335_5   
   258.66870      0.707173      0.62831 57335.604253779252758  258.604253779251735   893.437000 GUPPI_J1505-25_57335_5   
   258.66870      0.645827      0.38174 57335.604253778539714  258.604253778541704   843.708000 GUPPI_J1505-25_57335_5   
   258.66870     -0.284327      0.50423 57335.604253767778573  258.604253767776015   794.067000 GUPPI_J1505-25_57335_5   
   258.66870     -0.109768      0.38320 57335.604253769794013  258.604253769796401   745.275000 GUPPI_J1505-25_57335_5   
   258.66931      0.028849      0.71897 57335.604843606677605  258.604843606680731   893.376000 GUPPI_J1505-25_57335_5   
   258.66931     -0.434692      0.42941 57335.604843601315224  258.604843601315679   843.954000 GUPPI_J1505-25_57335_5   
   258.66931     -0.257637      0.59090 57335.604843603367044  258.604843603364941   745.338000 GUPPI_J1505-25_57335_5   
   258.66989      0.313182      0.50389 57335.605421879852656  258.605421879853964   893.682000 GUPPI_J1505-25_57335_5   
   258.66989      0.630883      0.30307 57335.605421883534291  258.605421883531051   843.897000 GUPPI_J1505-25_57335_5   
   258.66989     -0.608550      0.40152 57335.605421869186102  258.605421869185761   794.046000 GUPPI_J1505-25_57335_5   
   258.66989      0.251628      0.37624 57335.605421879139612  258.605421879141545   745.362000 GUPPI_J1505-25_57335_5   
   258.67047      0.430734      0.37580 57335.606011716496141  258.606011716494493   893.591000 GUPPI_J1505-25_57335_5   
   258.67047     -0.335312      0.23378 57335.606011707626749  258.606011707628227   843.409000 GUPPI_J1505-25_57335_5   
   258.67047      0.582915      0.30155 57335.606011718256923  258.606011718255843   794.061000 GUPPI_J1505-25_57335_5   
   258.67047      0.533800      0.23754 57335.606011717689398  258.606011717687409   745.317000 GUPPI_J1505-25_57335_5   
   258.67105     -0.197325      0.47325 57335.606589979106502  258.606589979107639   893.795000 GUPPI_J1505-25_57335_5   
   258.67105      0.186199      0.26281 57335.606589983544836  258.606589983546598   843.795000 GUPPI_J1505-25_57335_5   
   258.67105      0.545288      0.33024 57335.606589987699408  258.606589987702705   794.116000 GUPPI_J1505-25_57335_5   
   258.67105     -0.049738      0.30824 57335.606589980816352  258.606589980815841   745.313000 GUPPI_J1505-25_57335_5   
   258.67163      0.664523      0.40359 57335.607179824364721  258.607179824362731   894.231000 GUPPI_J1505-25_57335_5   
   258.67163      0.420144      0.33417 57335.607179821534373  258.607179821534260   843.290000 GUPPI_J1505-25_57335_5   
   258.67163      0.067021      0.42105 57335.607179817445285  258.607179817447161   794.131000 GUPPI_J1505-25_57335_5   
   258.67163     -0.174133      0.41619 57335.607179814658593  258.607179814656035   745.333000 GUPPI_J1505-25_57335_5   
   258.67221      0.069688      0.33332 57335.607758087360708  258.607758087360367   893.331000 GUPPI_J1505-25_57335_5   
   258.67221     -0.437438      0.33874 57335.607758081489010  258.607758081490886   843.468000 GUPPI_J1505-25_57335_5   
   258.67221      0.876349      0.35840 57335.607758096695761  258.607758096696728   794.059000 GUPPI_J1505-25_57335_5   
   258.67221      0.084350      0.25471 57335.607758087528055  258.607758087530101   745.352000 GUPPI_J1505-25_57335_5   
   258.67273      0.049728      0.52085 57335.608278530024108  258.608278530023483   893.861000 GUPPI_J1505-25_57335_5   
   258.67273     -0.241825      0.34907 57335.608278526648064  258.608278526649030   844.062000 GUPPI_J1505-25_57335_5   
   258.67273      0.571123      0.47586 57335.608278536055877  258.608278536058151   794.251000 GUPPI_J1505-25_57335_5   
   258.67273     -0.399959      0.35282 57335.608278524821799  258.608278524818786   745.403000 GUPPI_J1505-25_57335_5   
   260.66449     -0.324331      0.37030 57337.600048177780991  260.600048177779684   842.443000 GUPPI_J1505-25_57337_5   
   260.66449     -0.726213      0.62572 57337.600048173131654  260.600048173128243   794.707000 GUPPI_J1505-25_57337_5   
   260.66449      0.399336      0.61169 57337.600048186155618  260.600048186155448   745.190000 GUPPI_J1505-25_57337_5   
   260.66507      0.073209      0.57585 57337.600626452265715  260.600626452263270   895.693000 GUPPI_J1505-25_57337_5   
   260.66507     -0.191768      0.35550 57337.600626449195261  260.600626449196398   842.125000 GUPPI_J1505-25_57337_5   
   260.66507     -0.505863      0.41126 57337.600626445564558  260.600626445561034   794.654000 GUPPI_J1505-25_57337_5   
   260.66507      0.124576      0.36257 57337.600626452855067  260.600626452857796   745.154000 GUPPI_J1505-25_57337_5   
   260.66568      0.310032      0.63378 57337.601216290284356  260.601216290284356   895.179000 GUPPI_J1505-25_57337_5   
   260.66568      0.156965      0.50878 57337.601216288516298  260.601216288512717   842.219000 GUPPI_J1505-25_57337_5   
   260.66568      0.326767      0.40941 57337.601216290480806  260.601216290478021   794.743000 GUPPI_J1505-25_57337_5   
   260.66568      0.124112      0.46146 57337.601216288130672  260.601216288132491   745.185000 GUPPI_J1505-25_57337_5   
   260.66623      1.028762      0.55505 57337.601783003090532  260.601783003087746   895.756000 GUPPI_J1505-25_57337_5   
   260.66623     -0.649077      0.39345 57337.601782983671001  260.601782983668329   842.116000 GUPPI_J1505-25_57337_5   
   260.66623     -0.354615      0.46953 57337.601782987076149  260.601782987076433   794.890000 GUPPI_J1505-25_57337_5   
   260.66623     -0.432061      0.36470 57337.601782986181206  260.601782986180069   745.126000 GUPPI_J1505-25_57337_5   
   260.66681     -0.431709      0.53948 57337.602361256067525  260.602361256066615   894.748000 GUPPI_J1505-25_57337_5   
   260.66681      0.415183      0.31348 57337.602361265868240  260.602361265868581   842.445000 GUPPI_J1505-25_57337_5   
   260.66681      0.210478      0.32097 57337.602361263496277  260.602361263499347   794.768000 GUPPI_J1505-25_57337_5   
   260.66681      0.158116      0.36779 57337.602361262892373  260.602361262893282   745.149000 GUPPI_J1505-25_57337_5   
   260.66742     -0.533988      0.38369 57337.602951090164424  260.602951090162890   842.145000 GUPPI_J1505-25_57337_5   
   260.66742      0.138702      0.38239 57337.602951097949699  260.602951097948676   794.716000 GUPPI_J1505-25_57337_5   
   260.66742      0.043382      0.51248 57337.602951096843753  260.602951096845402   745.194000 GUPPI_J1505-25_57337_5   
   260.66800      0.962999      0.54080 57337.603540942771360  260.603540942769200   895.727000 GUPPI_J1505-25_57337_5   
   260.66800      0.588602      0.37943 57337.603540938434890  260.603540938435913   841.836000 GUPPI_J1505-25_57337_5   
   260.66800      0.317576      0.44870 57337.603540935298952  260.603540935299065   794.815000 GUPPI_J1505-25_57337_5   
   260.66800      0.336141      0.38414 57337.603540935517231  260.603540935513934   745.158000 GUPPI_J1505-25_57337_5   
   260.67899      0.432718      0.62474 57337.614528064397746  260.614528064397916   896.003000 GUPPI_J1505-25_57337_5   
   260.67899     -0.274124      0.41113 57337.614528056219569  260.614528056216898   842.419000 GUPPI_J1505-25_57337_5   
   260.67899     -0.661182      0.54618 57337.614528051737580  260.614528051737011   794.861000 GUPPI_J1505-25_57337_5   
   260.67899     -0.023157      0.38232 57337.614528059122676  260.614528059121596   745.332000 GUPPI_J1505-25_57337_5   
   260.67960      0.226978      0.67056 57337.615129462697951  260.615129462694426   894.716000 GUPPI_J1505-25_57337_5   
   260.67960      0.069914      0.37793 57337.615129460878961  260.615129460876517   842.828000 GUPPI_J1505-25_57337_5   
   260.67960     -0.551347      0.56867 57337.615129453683039  260.615129453685995   794.691000 GUPPI_J1505-25_57337_5   
   260.67960     -0.447658      0.55746 57337.615129454883572  260.615129454886130   745.238000 GUPPI_J1505-25_57337_5   
   260.68015     -1.003623      0.44875 57337.615696152934106  260.615696152936096   895.840000 GUPPI_J1505-25_57337_5   
   260.68015     -0.188876      0.36671 57337.615696162363747  260.615696162366078   842.372000 GUPPI_J1505-25_57337_5   
   260.68015      0.248054      0.38693 57337.615696167420538  260.615696167423096   794.939000 GUPPI_J1505-25_57337_5   
   260.68015      0.264447      0.37085 57337.615696167609713  260.615696167612839   745.244000 GUPPI_J1505-25_57337_5   
   260.68076      0.395267      0.82878 57337.616297569802555  260.616297569804715   896.203000 GUPPI_J1505-25_57337_5   
   260.68127      0.202164      0.68709 57337.616818010465067  260.616818010463874   895.342000 GUPPI_J1505-25_57337_5   
   260.68127      0.189723      0.39796 57337.616818010319548  260.616818010319889   842.375000 GUPPI_J1505-25_57337_5   
   260.68127      0.150051      0.36959 57337.616818009861163  260.616818009860765   794.751000 GUPPI_J1505-25_57337_5   
   260.68127      0.458948      0.56842 57337.616818013433658  260.616818013435932   745.214000 GUPPI_J1505-25_57337_5   
   263.64890     -0.280685      0.68475 57340.584441214909020  263.584441214905610   895.673000 GUPPI_J1505-25_57340_5   
   263.64890     -0.127275      0.46083 57340.584441216684354  263.584441216681228   844.149000 GUPPI_J1505-25_57340_5   
   263.64890      0.750539      0.36480 57340.584441226841591  263.584441226841079   794.462000 GUPPI_J1505-25_57340_5   
   263.64890      0.817012      0.40541 57340.584441227612842  263.584441227610455   745.317000 GUPPI_J1505-25_57340_5   
   263.64948     -1.593443      0.69822 57340.585019469595863  263.585019469594272   895.493000 GUPPI_J1505-25_57340_5   
   263.64948      0.528015      0.41659 57340.585019494144944  263.585019494148128   844.310000 GUPPI_J1505-25_57340_5   
   263.64948     -0.412353      0.47966 57340.585019483267388  263.585019483264261   794.471000 GUPPI_J1505-25_57340_5   
   263.64948      0.255618      0.40517 57340.585019490994455  263.585019490995421   745.306000 GUPPI_J1505-25_57340_5   
   263.64999      0.098453      0.51817 57340.585539932071697  263.585539932070674   843.948000 GUPPI_J1505-25_57340_5   
   263.64999     -0.509352      0.52197 57340.585539925035846  263.585539925035903   794.505000 GUPPI_J1505-25_57340_5   
   263.65063     -0.150024      0.66080 57340.586176026066823  263.586176026065630   895.618000 GUPPI_J1505-25_57340_5   
   263.65063      0.037705      0.47715 57340.586176028235059  263.586176028238413   844.133000 GUPPI_J1505-25_57340_5   
   263.65063     -0.493568      0.40891 57340.586176022086875  263.586176022089433   794.451000 GUPPI_J1505-25_57340_5   
   263.65063      0.577567      0.53333 57340.586176034485106  263.586176034486812   745.379000 GUPPI_J1505-25_57340_5   
   263.65121     -0.170728      0.45616 57340.586754295705759  263.586754295708602   895.448000 GUPPI_J1505-25_57340_5   
   263.65121      0.597535      0.40027 57340.586754304596980  263.586754304600504   844.286000 GUPPI_J1505-25_57340_5   
   263.65121      0.263071      0.37696 57340.586754300726170  263.586754300729410   794.472000 GUPPI_J1505-25_57340_5   
   263.65121     -0.345292      0.40371 57340.586754293690319  263.586754293688159   745.369000 GUPPI_J1505-25_57340_5   
   263.65173     -0.351175      0.75757 57340.587286301910353  263.587286301912059   895.419000 GUPPI_J1505-25_57340_5   
   263.65173      0.332394      0.49108 57340.587286309826595  263.587286309823753   844.235000 GUPPI_J1505-25_57340_5   
   263.65173     -0.442662      0.54109 57340.587286300855340  263.587286300853179   794.460000 GUPPI_J1505-25_57340_5   
   263.65173      0.585058      0.50860 57340.587286312751530  263.587286312748120   745.335000 GUPPI_J1505-25_57340_5   
   276.59796     -0.155760      0.52557 57353.533511484652990  276.533511484654468   894.246000 GUPPI_J1505-25_57353_4   
   276.59796      0.286405      0.37388 57353.533511489775265  276.533511489772138   844.266000 GUPPI_J1505-25_57353_4   
   276.59796      0.035663      0.45292 57353.533511486872158  276.533511486869997   794.422000 GUPPI_J1505-25_57353_4   
   276.59796     -0.056038      0.46504 57353.533511485809868  276.533511485808674   745.488000 GUPPI_J1505-25_57353_4   
   276.59857     -0.147491      0.65222 57353.534101320030459  276.534101320031027   894.192000 GUPPI_J1505-25_57353_4   
   276.59857     -0.496054      0.33652 57353.534101315999578  276.534101315996736   844.235000 GUPPI_J1505-25_57353_4   
   276.59857      0.367192      0.50412 57353.534101325989468  276.534101325988047   794.393000 GUPPI_J1505-25_57353_4   
   276.59857      0.746867      0.58772 57353.534101330384146  276.534101330382441   745.368000 GUPPI_J1505-25_57353_4   
   276.59912      0.084822      0.51723 57353.534668027205043  276.534668027205385   894.065000 GUPPI_J1505-25_57353_4   
   276.59912     -0.253479      0.35070 57353.534668023290578  276.534668023289896   844.170000 GUPPI_J1505-25_57353_4   
   276.59912      0.012544      0.48889 57353.534668026368308  276.534668026368877   794.408000 GUPPI_J1505-25_57353_4   
   276.59912     -0.175303      0.46529 57353.534668024192797  276.534668024194730   745.408000 GUPPI_J1505-25_57353_4   
   276.59970      0.586555      0.64331 57353.535257868294138  276.535257868293399   894.355000 GUPPI_J1505-25_57353_4   
   276.59970      0.354918      0.38382 57353.535257865609310  276.535257865612380   843.935000 GUPPI_J1505-25_57353_4   
   276.59970      0.118749      0.51854 57353.535257862880826  276.535257862878950   794.415000 GUPPI_J1505-25_57353_4   
   276.59970      0.230210      0.51977 57353.535257864168670  276.535257864169012   745.390000 GUPPI_J1505-25_57353_4   
   276.60031     -0.645464      0.77059 57353.535847689316142  276.535847689314778   894.848000 GUPPI_J1505-25_57353_4   
   276.60031     -0.046969      0.55864 57353.535847696242854  276.535847696241831   843.590000 GUPPI_J1505-25_57353_4   
   276.60031     -0.140621      0.44921 57353.535847695158736  276.535847695157884   794.463000 GUPPI_J1505-25_57353_4   
   276.60031     -0.224216      0.60009 57353.535847694191034  276.535847694190352   745.334000 GUPPI_J1505-25_57353_4   
   276.60086     -0.457328      0.40956 57353.536414395981410  276.536414395977829   844.161000 GUPPI_J1505-25_57353_4   
   276.60086      0.091564      0.31914 57353.536414402333321  276.536414402330706   794.431000 GUPPI_J1505-25_57353_4   
   276.60086      0.041263      0.47700 57353.536414401751244  276.536414401748573   745.381000 GUPPI_J1505-25_57353_4   
   276.60144      0.063718      0.48185 57353.536992671892222  276.536992671891653   894.067000 GUPPI_J1505-25_57353_4   
   276.60144     -0.603755      0.45165 57353.536992664165155  276.536992664166291   843.979000 GUPPI_J1505-25_57353_4   
   276.60144      0.210298      0.47027 57353.536992673587520  276.536992673588202   794.489000 GUPPI_J1505-25_57353_4   
   276.60144     -0.677312      0.52086 57353.536992663313868  276.536992663314948   745.429000 GUPPI_J1505-25_57353_4   
   276.60202      0.228255      0.49187 57353.537559378281003  276.537559378281571   894.753000 GUPPI_J1505-25_57353_4   
   276.60202     -0.505972      0.43379 57353.537559369782684  276.537559369783594   843.696000 GUPPI_J1505-25_57353_4   
   276.60202      0.157133      0.43376 57353.537559377458820  276.537559377458422   794.394000 GUPPI_J1505-25_57353_4   
   276.60202     -0.638956      0.41129 57353.537559368247457  276.537559368244388   745.456000 GUPPI_J1505-25_57353_4   
   276.60260     -0.317666      0.47726 57353.538149207241077  276.538149207243919   895.176000 GUPPI_J1505-25_57353_4   
   276.60260     -0.219290      0.30479 57353.538149208383402  276.538149208382549   844.136000 GUPPI_J1505-25_57353_4   
   276.60260      0.007877      0.42492 57353.538149211010023  276.538149211011785   794.431000 GUPPI_J1505-25_57353_4   
   276.60260      0.177702      0.35895 57353.538149212974531  276.538149212977316   745.477000 GUPPI_J1505-25_57353_4   
   276.60321      0.433899      0.46886 57353.538750616622565  276.538750616621144   895.208000 GUPPI_J1505-25_57353_4   
   276.60321      0.877866      0.34928 57353.538750621759391  276.538750621759618   844.069000 GUPPI_J1505-25_57353_4   
   276.60321     -0.011030      0.45081 57353.538750611471187  276.538750611471471   794.429000 GUPPI_J1505-25_57353_4   
   276.60321      0.163168      0.42924 57353.538750613486627  276.538750613487650   745.377000 GUPPI_J1505-25_57353_4   
   276.60376     -1.020664      0.44210 57353.539305738871917  276.539305738873793   895.091000 GUPPI_J1505-25_57353_4   
   276.60376      0.136074      0.38433 57353.539305752259679  276.539305752261953   844.204000 GUPPI_J1505-25_57353_4   
   276.60376     -0.726202      0.41578 57353.539305742284341  276.539305742281897   794.399000 GUPPI_J1505-25_57353_4   
   276.60376     -0.105327      0.39982 57353.539305749465711  276.539305749467985   745.544000 GUPPI_J1505-25_57353_4   
   276.60431      0.703434      0.59033 57353.539849332519225  276.539849332518827   844.312000 GUPPI_J1505-25_57353_4   
   276.60431      0.051026      0.65530 57353.539849324966781  276.539849324967861   794.384000 GUPPI_J1505-25_57353_4   
   276.60431     -0.073045      0.55014 57353.539849323533417  276.539849323531826   745.519000 GUPPI_J1505-25_57353_4   
   287.57492     -0.141516      0.50819 57364.510473286412889  287.510473286415731   893.577000 GUPPI_J1505-25_57364_4   
   287.57492      0.290678      0.32006 57364.510473291418748  287.510473291417952   843.915000 GUPPI_J1505-25_57364_4   
   287.57492      0.795478      0.55996 57364.510473297261342  287.510473297260546   794.489000 GUPPI_J1505-25_57364_4   
   287.57492      0.240928      0.68627 57364.510473290843947  287.510473290842128   745.436000 GUPPI_J1505-25_57364_4   
   287.57550      0.041995      0.45996 57364.511051558423787  287.511051558423446   893.961000 GUPPI_J1505-25_57364_4   
   287.57550      0.416234      0.39486 57364.511051562752982  287.511051562754915   843.562000 GUPPI_J1505-25_57364_4   
   287.57550      0.019856      0.51320 57364.511051558169129  287.511051558167196   794.516000 GUPPI_J1505-25_57364_4   
   287.57550     -0.335878      0.40748 57364.511051554050937  287.511051554049914   745.359000 GUPPI_J1505-25_57364_4   
   287.57611     -0.355523      0.26916 57364.511641389100987  287.511641389103943   893.807000 GUPPI_J1505-25_57364_4   
   287.57611     -0.441194      0.23289 57364.511641388111457  287.511641388112366   843.805000 GUPPI_J1505-25_57364_4   
   287.57611     -0.559502      0.33513 57364.511641386743577  287.511641386743065   794.438000 GUPPI_J1505-25_57364_4   
   287.57611     -0.338779      0.41117 57364.511641389297438  287.511641389297722   745.309000 GUPPI_J1505-25_57364_4   
   287.57666      0.321387      0.50068 57364.512208101426950  287.512208101424619   893.532000 GUPPI_J1505-25_57364_4   
   287.57666      0.219243      0.32819 57364.512208100240969  287.512208100242390   843.804000 GUPPI_J1505-25_57364_4   
   287.57666      0.300534      0.43449 57364.512208101186843  287.512208101183262   794.494000 GUPPI_J1505-25_57364_4   
   287.57666     -0.189696      0.43226 57364.512208095511596  287.512208095509322   745.373000 GUPPI_J1505-25_57364_4   
   287.57724      0.588875      0.43964 57364.512786374405550  287.512786374404300   893.693000 GUPPI_J1505-25_57364_4   
   287.57724      0.448361      0.43779 57364.512786372775736  287.512786372778010   843.746000 GUPPI_J1505-25_57364_4   
   287.57724     -0.355400      0.49757 57364.512786363477062  287.512786363475186   794.428000 GUPPI_J1505-25_57364_4   
   287.57724      0.167461      0.49027 57364.512786369523383  287.512786369526850   745.387000 GUPPI_J1505-25_57364_4   
   287.57782     -0.605274      0.61953 57364.513376195864112  287.513376195864566   894.001000 GUPPI_J1505-25_57364_4   
   287.57782     -0.626143      0.38119 57364.513376195624005  287.513376195623039   843.899000 GUPPI_J1505-25_57364_4   
   287.57782      0.192461      0.55750 57364.513376205097302  287.513376205097586   794.484000 GUPPI_J1505-25_57364_4   
   287.57782      0.373375      0.43173 57364.513376207192778  287.513376207191527   745.360000 GUPPI_J1505-25_57364_4   
   287.57840     -0.080530      0.52540 57364.513942906422017  287.513942906424063   893.701000 GUPPI_J1505-25_57364_4   
   287.57840      0.074154      0.41617 57364.513942908211902  287.513942908214403   843.915000 GUPPI_J1505-25_57364_4   
   287.57840      0.079254      0.59749 57364.513942908270110  287.513942908273407   794.489000 GUPPI_J1505-25_57364_4   
   287.57840     -0.505534      0.50249 57364.513942901503469  287.513942901505061   745.471000 GUPPI_J1505-25_57364_4   
   287.57901      0.168847      0.42441 57364.514555875386577  287.514555875387146   893.806000 GUPPI_J1505-25_57364_4   
   287.57901      0.021001      0.48815 57364.514555873676727  287.514555873675988   843.790000 GUPPI_J1505-25_57364_4   
   287.57901      0.274352      0.63509 57364.514555876608938  287.514555876608256   794.433000 GUPPI_J1505-25_57364_4   
   287.57901      0.308323      0.43154 57364.514555877001840  287.514555877001442   745.377000 GUPPI_J1505-25_57364_4   
   287.57959      0.429804      0.57069 57364.515134148292418  287.515134148291224   893.634000 GUPPI_J1505-25_57364_4   
   287.57959      0.399389      0.42488 57364.515134147935896  287.515134147939193   843.852000 GUPPI_J1505-25_57364_4   
   287.57959      0.042898      0.55579 57364.515134143810428  287.515134143813157   794.539000 GUPPI_J1505-25_57364_4   
   287.57959      0.201938      0.44579 57364.515134145651245  287.515134145653917   745.372000 GUPPI_J1505-25_57364_4   
   287.58017     -1.380011      0.56588 57364.515712397231255  287.515712397228071   893.605000 GUPPI_J1505-25_57364_4   
   287.58017     -0.199926      0.42578 57364.515712410888227  287.515712410886465   843.825000 GUPPI_J1505-25_57364_4   
   287.58017     -0.904500      0.73582 57364.515712402731879  287.515712402731651   794.468000 GUPPI_J1505-25_57364_4   
   287.58017      0.311272      0.47511 57364.515712416803581  287.515712416803069   745.367000 GUPPI_J1505-25_57364_4   
   287.58075     -0.806891      0.43175 57364.516279108349408  287.516279108347476   843.946000 GUPPI_J1505-25_57364_4   
   287.58075     -1.279786      0.61875 57364.516279102870612  287.516279102874137   794.470000 GUPPI_J1505-25_57364_4   
   287.58075     -0.238295      0.61606 57364.516279114926874  287.516279114928466   745.397000 GUPPI_J1505-25_57364_4   
   287.58127     -0.550530      0.46906 57364.516799554206955  287.516799554209967   893.958000 GUPPI_J1505-25_57364_4   
   287.58127      0.191505      0.35242 57364.516799562799861  287.516799562798326   843.454000 GUPPI_J1505-25_57364_4   
   287.58127     -0.876796      0.57098 57364.516799550430733  287.516799550433745   794.421000 GUPPI_J1505-25_57364_4   
   287.58127      0.246955      0.51962 57364.516799563440145  287.516799563440145   745.336000 GUPPI_J1505-25_57364_4   
   292.61697      0.018929      0.33384 57369.552512494345137  292.552512494347866   893.565000 GUPPI_J1505-25_57369_4   
   292.61697      0.168170      0.30748 57369.552512496076815  292.552512496075224   843.798000 GUPPI_J1505-25_57369_4   
   292.61697     -0.248988      0.36830 57369.552512491245579  292.552512491247001   794.164000 GUPPI_J1505-25_57369_4   
   292.61697      0.135147      0.33243 57369.552512495691190  292.552512495693009   745.431000 GUPPI_J1505-25_57369_4   
   292.61752     -0.493239      0.35300 57369.553079192904988  292.553079192906353   893.822000 GUPPI_J1505-25_57369_4   
   292.61752     -0.401067      0.30667 57369.553079193974554  292.553079193973133   844.013000 GUPPI_J1505-25_57369_4   
   292.61752     -0.295469      0.35700 57369.553079195196915  292.553079195195323   794.238000 GUPPI_J1505-25_57369_4   
   292.61752     -0.748007      0.36192 57369.553079189958225  292.553079189957600   745.426000 GUPPI_J1505-25_57369_4   
   292.61813     -0.056219      0.37556 57369.553669033244660  292.553669033246081   894.460000 GUPPI_J1505-25_57369_4   
   292.61813      0.483363      0.25429 57369.553669039494707  292.553669039491297   843.500000 GUPPI_J1505-25_57369_4   
   292.61813     -0.096392      0.39655 57369.553669032778998  292.553669032781158   794.105000 GUPPI_J1505-25_57369_4   
   292.61813      0.549436      0.35041 57369.553669040258683  292.553669040256011   745.385000 GUPPI_J1505-25_57369_4   
   292.61871     -1.053275      0.48740 57369.554247291591309  292.554247291590116   893.596000 GUPPI_J1505-25_57369_4   
   292.61871     -1.125081      0.52864 57369.554247290761850  292.554247290759008   843.648000 GUPPI_J1505-25_57369_4   
   292.61871     -0.498744      0.45839 57369.554247298008704  292.554247298008306   794.192000 GUPPI_J1505-25_57369_4   
   292.61871     -0.628024      0.53641 57369.554247296509857  292.554247296511960   745.356000 GUPPI_J1505-25_57369_4   
   292.61929     -1.052942      0.37576 57369.554848692270753  292.554848692273310   894.256000 GUPPI_J1505-25_57369_4   
   292.61929      0.633424      0.34645 57369.554848711792147  292.554848711791465   843.656000 GUPPI_J1505-25_57369_4   
   292.61929     -0.300651      0.29529 57369.554848700980074  292.554848700980358   794.200000 GUPPI_J1505-25_57369_4   
   292.61929     -0.010445      0.30331 57369.554848704341566  292.554848704339236   745.420000 GUPPI_J1505-25_57369_4   
   292.61981     -0.547041      0.45695 57369.555346010231005  292.555346010228902   843.594000 GUPPI_J1505-25_57369_4   
   292.61981     -0.036960      0.46830 57369.555346016131807  292.555346016132603   745.463000 GUPPI_J1505-25_57369_4   
   322.59879      0.478535      0.35089 57399.534325652100961  322.534325652102723   893.883000 GUPPI_J1505-25_57399_4   
   322.59879     -0.399240      0.26639 57399.534325641943724  322.534325641943269   844.289000 GUPPI_J1505-25_57399_4   
   322.59879      0.392767      0.33768 57399.534325651111430  322.534325651110009   791.826000 GUPPI_J1505-25_57399_4   
   322.59879     -0.612126      0.34699 57399.534325639477174  322.534325639479334   745.927000 GUPPI_J1505-25_57399_4   
   322.59937     -0.447046      0.39344 57399.534903911277070  322.534903911275421   894.393000 GUPPI_J1505-25_57399_4   
   322.59937     -0.300268      0.25009 57399.534903912972368  322.534903912974244   844.276000 GUPPI_J1505-25_57399_4   
   322.59937      0.144519      0.45806 57399.534903918123746  322.534903918122268   791.939000 GUPPI_J1505-25_57399_4   
   322.59937      0.117423      0.32362 57399.534903917810880  322.534903917808606   745.905000 GUPPI_J1505-25_57399_4   
   322.59995      0.396710      0.33998 57399.535482190927723  322.535482190926587   894.083000 GUPPI_J1505-25_57399_4   
   322.59995      0.021944      0.24251 57399.535482186591253  322.535482186589036   844.418000 GUPPI_J1505-25_57399_4   
   322.59995      0.066152      0.39068 57399.535482187100570  322.535482187100683   791.864000 GUPPI_J1505-25_57399_4   
   322.59995      0.104774      0.33063 57399.535482187544403  322.535482187547700   745.910000 GUPPI_J1505-25_57399_4   
   322.60052     -0.330621      0.38371 57399.536060452395759  322.536060452393883   894.461000 GUPPI_J1505-25_57399_4   
   322.60052      0.827609      0.32780 57399.536060465798073  322.536060465799324   844.304000 GUPPI_J1505-25_57399_4   
   322.60052      0.359366      0.57291 57399.536060460377485  322.536060460379815   791.847000 GUPPI_J1505-25_57399_4   
   322.60052      0.132448      0.38408 57399.536060457750864  322.536060457753479   745.903000 GUPPI_J1505-25_57399_4   
   322.60110     -0.486009      0.36443 57399.536650285881478  322.536650285878579   893.958000 GUPPI_J1505-25_57399_4   
   322.60110     -0.040271      0.25635 57399.536650291040132  322.536650291037574   844.243000 GUPPI_J1505-25_57399_4   
   322.60110      0.090179      0.42345 57399.536650292546256  322.536650292547392   791.839000 GUPPI_J1505-25_57399_4   
   322.60110     -0.389140      0.38591 57399.536650287001976  322.536650286999759   745.895000 GUPPI_J1505-25_57399_4   
   322.60162      0.539449      0.56053 57399.537170740644797  322.537170740644228   894.207000 GUPPI_J1505-25_57399_4   
   322.60162     -0.665668      0.35683 57399.537170726696786  322.537170726696104   844.196000 GUPPI_J1505-25_57399_4   
   322.60162      0.279395      0.45186 57399.537170737632550  322.537170737634369   791.871000 GUPPI_J1505-25_57399_4   
   322.60162      0.371996      0.40754 57399.537170738709392  322.537170738706095   745.883000 GUPPI_J1505-25_57399_4   
