MODE 1
 guppi_56195_1816+45_00    891.936  56195.7129538762805    0.00   17.22        1
 guppi_56195_1816+45_00    845.780  56195.7129538808170    0.00   25.97        1
 guppi_56195_1816+45_00    793.672  56195.7129539023801    0.00   14.18        1
 guppi_56195_1816+45_00    745.734  56195.7129538891226    0.00   12.55        1
 guppi_56195_1816+45_00    891.806  56195.7150203264163    0.00   21.90        1
 guppi_56195_1816+45_00    845.781  56195.7150203299097    0.00   20.15        1
 guppi_56195_1816+45_00    793.437  56195.7150203532597    0.00   13.04        1
 guppi_56195_1816+45_00    745.781  56195.7150203378944    0.00   12.46        1
 guppi_56195_1816+45_00    891.946  56195.7170924690779    0.00   24.03        1
 guppi_56195_1816+45_00    845.781  56195.7170924733511    0.00   20.72        1
 guppi_56195_1816+45_00    793.437  56195.7170924966351    0.00   11.63        1
 guppi_56195_1816+45_00    745.594  56195.7170924834827    0.00   15.24        1
 guppi_56195_1816+45_00    891.750  56195.7191595911141    0.00   25.15        1
 guppi_56195_1816+45_00    845.781  56195.7191595944547    0.00   21.57        1
 guppi_56195_1816+45_00    793.437  56195.7191596174845    0.00   10.20        1
 guppi_56195_1816+45_00    745.277  56195.7191596067257    0.00   14.50        1
 guppi_56195_1816+45_00    891.188  56195.7212363272573    0.00   32.14        1
 guppi_56195_1816+45_00    845.737  56195.7212363280348    0.00   23.19        1
 guppi_56195_1816+45_00    793.484  56195.7212363499351    0.00   10.06        1
 guppi_56195_1816+45_00    744.947  56195.7212363427827    0.00   12.81        1
 guppi_56195_1816+45_00    891.358  56195.7233076305318    0.00   13.78        1
 guppi_56195_1816+45_00    845.697  56195.7233076322620    0.00   19.99        1
 guppi_56195_1816+45_00    793.532  56195.7233076541919    0.00   13.94        1
 guppi_56195_1816+45_00    744.999  56195.7233076466807    0.00   13.41        1
 guppi_56195_1816+45_00    891.282  56195.7253681119798    0.00   17.46        1
 guppi_56195_1816+45_00    845.759  56195.7253681129505    0.00   18.59        1
 guppi_56195_1816+45_00    793.579  56195.7253681352194    0.00   14.65        1
 guppi_56195_1816+45_00    744.947  56195.7253681280601    0.00   13.82        1
 guppi_56195_1816+45_00    891.202  56195.7274509182591    0.00   15.84        1
 guppi_56195_1816+45_00    845.781  56195.7274509190833    0.00   18.61        1
 guppi_56195_1816+45_00    793.626  56195.7274509407401    0.00   17.62        1
 guppi_56195_1816+45_00    744.947  56195.7274509346579    0.00   15.61        1
 guppi_56195_1816+45_00    891.033  56195.7295291109052    0.00   15.54        1
 guppi_56195_1816+45_00    845.746  56195.7295291107284    0.00   20.55        1
 guppi_56195_1816+45_00    793.579  56195.7295291328377    0.00   14.19        1
 guppi_56195_1816+45_00    744.947  56195.7295291262748    0.00   18.95        1
 guppi_56195_1816+45_00    891.657  56195.7315965875739    0.00   16.77        1
 guppi_56195_1816+45_00    845.716  56195.7315965910856    0.00   14.74        1
 guppi_56195_1816+45_00    793.484  56195.7315966138682    0.00   15.23        1
 guppi_56195_1816+45_00    745.153  56195.7315966043898    0.00   15.98        1
 guppi_56195_1816+45_00    891.614  56195.7336606729635    0.00   15.71        1
 guppi_56195_1816+45_00    845.781  56195.7336606760338    0.00   18.45        1
 guppi_56195_1816+45_00    793.672  56195.7336606973527    0.00   15.03        1
 guppi_56195_1816+45_00    744.999  56195.7336606907221    0.00   19.02        1
 guppi_56195_1816+45_00    892.034  56195.7357349245782    0.00   17.77        1
 guppi_56195_1816+45_00    845.737  56195.7357349299484    0.00   11.87        1
 guppi_56195_1816+45_00    793.765  56195.7357349504588    0.00   15.48        1
 guppi_56195_1816+45_00    744.947  56195.7357349450573    0.00   17.62        1
 guppi_56195_1816+45_00    892.179  56195.7378155395746    0.00   18.87        1
 guppi_56195_1816+45_00    845.636  56195.7378155462211    0.00   14.77        1
 guppi_56195_1816+45_00    793.484  56195.7378155679652    0.00   15.50        1
 guppi_56195_1816+45_00    745.327  56195.7378155569271    0.00   20.32        1
 guppi_56195_1816+45_00    892.269  56195.7398768702239    0.00   14.54        1
 guppi_56195_1816+45_00    845.781  56195.7398768764049    0.00   11.98        1
 guppi_56195_1816+45_00    793.437  56195.7398768996068    0.00   14.62        1
 guppi_56195_1816+45_00    745.781  56195.7398768844047    0.00   13.49        1
 guppi_56195_1816+45_00    892.318  56195.7419514748571    0.00   19.40        1
 guppi_56195_1816+45_00    845.781  56195.7419514808087    0.00   11.10        1
 guppi_56195_1816+45_00    793.437  56195.7419515042419    0.00   15.68        1
 guppi_56195_1816+45_00    745.781  56195.7419514887689    0.00   15.05        1
 guppi_56195_1816+45_00    891.056  56195.7440246882594    0.00   44.08        1
 guppi_56195_1816+45_00    845.740  56195.7440246876869    0.00   10.40        1
 guppi_56195_1816+45_00    793.437  56195.7440247109531    0.00   11.87        1
 guppi_56195_1816+45_00    745.781  56195.7440246954774    0.00   12.09        1
 guppi_56195_1816+45_00    891.709  56195.7460896202720    0.00   30.00        1
 guppi_56195_1816+45_00    845.762  56195.7460896235739    0.00   12.81        1
 guppi_56195_1816+45_00    793.437  56195.7460896465377    0.00   11.84        1
 guppi_56195_1816+45_00    745.781  56195.7460896313930    0.00   10.55        1
 guppi_56195_1816+45_00    890.950  56195.7481641009233    0.00   23.19        1
 guppi_56195_1816+45_00    845.781  56195.7481641002206    0.00   13.59        1
 guppi_56195_1816+45_00    793.437  56195.7481641234500    0.00   16.08        1
 guppi_56195_1816+45_00    745.781  56195.7481641080863    0.00   10.52        1
 guppi_56195_1816+45_00    890.688  56195.7502331543719    0.00   27.01        1
 guppi_56195_1816+45_00    845.781  56195.7502331522824    0.00   14.15        1
 guppi_56195_1816+45_00    793.437  56195.7502331748089    0.00   16.40        1
 guppi_56195_1816+45_00    745.781  56195.7502331598563    0.00    8.77        1
 guppi_56195_1816+45_00    891.792  56195.7523061615751    0.00   21.66        1
 guppi_56195_1816+45_00    845.719  56195.7523061655075    0.00   13.66        1
 guppi_56195_1816+45_00    793.574  56195.7523061871901    0.00   14.81        1
 guppi_56195_1816+45_00    745.781  56195.7523061729640    0.00    9.66        1
 guppi_56195_1816+45_00    891.847  56195.7543784799869    0.00   31.12        1
 guppi_56195_1816+45_00    845.781  56195.7543784841311    0.00   16.54        1
 guppi_56195_1816+45_00    793.762  56195.7543785047865    0.00   14.08        1
 guppi_56195_1816+45_00    745.781  56195.7543784918453    0.00   11.19        1
 guppi_56195_1816+45_00    892.083  56195.7564492530191    0.00   26.72        1
 guppi_56195_1816+45_00    845.781  56195.7564492578150    0.00   13.68        1
 guppi_56195_1816+45_00    793.529  56195.7564492808740    0.00   12.76        1
 guppi_56195_1816+45_00    745.781  56195.7564492660297    0.00    9.87        1
 guppi_56195_1816+45_00    890.965  56195.7585194494377    0.00   18.88        1
 guppi_56195_1816+45_00    845.781  56195.7585194490850    0.00   14.77        1
 guppi_56195_1816+45_00    793.437  56195.7585194723920    0.00   10.95        1
 guppi_56195_1816+45_00    745.781  56195.7585194571164    0.00   10.38        1
 guppi_56195_1816+45_00    891.208  56195.7605936756469    0.00   23.71        1
 guppi_56195_1816+45_00    845.781  56195.7605936760405    0.00   15.26        1
 guppi_56195_1816+45_00    793.437  56195.7605936994561    0.00   14.57        1
 guppi_56195_1816+45_00    745.781  56195.7605936840723    0.00   12.88        1
 guppi_56195_1816+45_00    891.674  56195.7626617739711    0.00   17.04        1
 guppi_56195_1816+45_00    845.781  56195.7626617767879    0.00   13.63        1
 guppi_56195_1816+45_00    794.003  56195.7626617953865    0.00   15.03        1
 guppi_56195_1816+45_00    745.710  56195.7626617849783    0.00   15.49        1
 guppi_56195_1816+45_00    891.899  56195.7647346487696    0.00   17.81        1
 guppi_56195_1816+45_00    845.759  56195.7647346528893    0.00   13.54        1
 guppi_56195_1816+45_00    793.764  56195.7647346739120    0.00   11.50        1
 guppi_56195_1816+45_00    745.734  56195.7647346612557    0.00   19.03        1
 guppi_56195_1816+45_00    891.709  56195.7668032101031    0.00   12.36        1
 guppi_56195_1816+45_00    846.136  56195.7668032111774    0.00   16.48        1
 guppi_56195_1816+45_00    793.622  56195.7668032353754    0.00   12.76        1
 guppi_56195_1816+45_00    745.734  56195.7668032219075    0.00   11.79        1
 guppi_56195_1816+45_00    892.611  56195.7688751374618    0.00   25.76        1
 guppi_56195_1816+45_00    846.289  56195.7688751428220    0.00   16.12        1
 guppi_56195_1816+45_00    793.669  56195.7688751673819    0.00   14.15        1
 guppi_56195_1816+45_00    745.781  56195.7688751537070    0.00   16.02        1
 guppi_56195_1816+45_00    892.229  56195.7709473024166    0.00   18.93        1
 guppi_56195_1816+45_00    846.524  56195.7709473036139    0.00   12.12        1
 guppi_56195_1816+45_00    793.484  56195.7709473313310    0.00   15.34        1
 guppi_56195_1816+45_00    745.781  56195.7709473163146    0.00   13.52        1
 guppi_56195_1816+45_00    892.127  56195.7730201031027    0.00   45.15        1
 guppi_56195_1816+45_00    846.471  56195.7730201038571    0.00   14.23        1
 guppi_56195_1816+45_00    793.437  56195.7730201312596    0.00   11.10        1
 guppi_56195_1816+45_00    745.781  56195.7730201160747    0.00   16.67        1
 guppi_56195_1816+45_00    846.301  56195.7741782088990    0.00   30.71        1
 guppi_56195_1816+45_00    793.437  56195.7741782363882    0.00   32.53        1
 guppi_56195_1816+45_00    745.780  56195.7741782212303    0.00   39.06        1
 guppi_56195_1816+45_00    891.513  56195.7753376486802    0.00   18.91        1
 guppi_56195_1816+45_00    846.450  56195.7753376465713    0.00   11.80        1
 guppi_56195_1816+45_00    793.437  56195.7753376740881    0.00   12.87        1
 guppi_56195_1816+45_00    745.781  56195.7753376586505    0.00   14.73        1
 guppi_56195_1816+45_00    892.492  56195.7774049547144    0.00   18.89        1
 guppi_56195_1816+45_00    846.499  56195.7774049578324    0.00   18.31        1
 guppi_56195_1816+45_00    793.501  56195.7774049850367    0.00   12.21        1
 guppi_56195_1816+45_00    745.781  56195.7774049705098    0.00   12.02        1
 guppi_56195_1816+45_00    892.318  56195.7794760460788    0.00   13.53        1
 guppi_56195_1816+45_00    846.518  56195.7794760478097    0.00   10.75        1
 guppi_56195_1816+45_00    793.262  56195.7794760402495    0.00   10.91        1
 guppi_56195_1816+45_00    745.781  56195.7794760601299    0.00   11.20        1
 guppi_56195_1816+45_00    892.359  56195.7815538341228    0.00   17.01        1
 guppi_56195_1816+45_00    846.584  56195.7815538361138    0.00    9.82        1
 guppi_56195_1816+45_00    793.502  56195.7815538638917    0.00   11.42        1
 guppi_56195_1816+45_00    745.781  56195.7815538486966    0.00    9.54        1
 guppi_56195_1816+45_00    892.421  56195.7836218374806    0.00   17.46        1
 guppi_56195_1816+45_00    846.431  56195.7836218402984    0.00   11.44        1
 guppi_56195_1816+45_00    793.484  56195.7836218673470    0.00   12.84        1
 guppi_56195_1816+45_00    745.785  56195.7836218526667    0.00   13.41        1
 guppi_56195_1816+45_00    892.416  56195.7856924004097    0.00   15.82        1
 guppi_56195_1816+45_00    846.420  56195.7856924036705    0.00   13.83        1
 guppi_56195_1816+45_00    793.559  56195.7856924293350    0.00   13.37        1
 guppi_56195_1816+45_00    745.781  56195.7856924148995    0.00   16.86        1
 guppi_56195_1816+45_00    892.377  56195.7877671853436    0.00   23.14        1
 guppi_56195_1816+45_00    846.514  56195.7877671871099    0.00   19.94        1
 guppi_56195_1816+45_00    793.484  56195.7877672149464    0.00   11.32        1
 guppi_56195_1816+45_00    745.781  56195.7877671999496    0.00   15.97        1
 guppi_56195_1816+45_00    892.452  56195.7898351779155    0.00   20.87        1
 guppi_56195_1816+45_00    846.289  56195.7898351821659    0.00   13.42        1
 guppi_56195_1816+45_00    793.532  56195.7898352078661    0.00   10.29        1
 guppi_56195_1816+45_00    745.838  56195.7898351926146    0.00   17.78        1
 guppi_56195_1816+45_00    892.461  56195.7919111637945    0.00   21.14        1
 guppi_56195_1816+45_00    846.009  56195.7919111695148    0.00   17.73        1
 guppi_56195_1816+45_00    793.484  56195.7919111937962    0.00   12.65        1
 guppi_56195_1816+45_00    745.885  56195.7919111779967    0.00   13.98        1
 guppi_56195_1816+45_00    892.447  56195.7939836101074    0.00   20.44        1
 guppi_56195_1816+45_00    845.852  56195.7939836164173    0.00   20.15        1
 guppi_56195_1816+45_00    793.437  56195.7939836403614    0.00   11.69        1
 guppi_56195_1816+45_00    745.865  56195.7939836245409    0.00   17.98        1
 guppi_56195_1816+45_00    892.379  56195.7960460124917    0.00   35.92        1
 guppi_56195_1816+45_00    846.019  56195.7960460182128    0.00   18.73        1
 guppi_56195_1816+45_00    793.437  56195.7960460428833    0.00   13.10        1
 guppi_56195_1816+45_00    745.781  56195.7960460277170    0.00   17.98        1
 guppi_56195_1816+45_00    892.232  56195.7981223947161    0.00   27.58        1
 guppi_56195_1816+45_00    846.201  56195.7981223986598    0.00   19.92        1
 guppi_56195_1816+45_00    793.437  56195.7981224244165    0.00   15.69        1
 guppi_56195_1816+45_00    745.783  56195.7981224092818    0.00   19.63        1
 guppi_56195_1816+45_00    892.331  56195.8001953479505    0.00   21.79        1
 guppi_56195_1816+45_00    845.894  56195.8001953536543    0.00   14.13        1
 guppi_56195_1816+45_00    793.437  56195.8001953776970    0.00   13.36        1
 guppi_56195_1816+45_00    745.781  56195.8001953622016    0.00   15.66        1
 guppi_56195_1816+45_00    890.538  56195.8022615555752    0.00   27.66        1
 guppi_56195_1816+45_00    845.740  56195.8022615532701    0.00   18.96        1
 guppi_56195_1816+45_00    793.437  56195.8022615758929    0.00   16.11        1
 guppi_56195_1816+45_00    745.781  56195.8022615608752    0.00   11.98        1
 guppi_56195_1816+45_00    890.356  56195.8043376681936    0.00   31.00        1
 guppi_56195_1816+45_00    845.781  56195.8043376648708    0.00   16.67        1
 guppi_56195_1816+45_00    793.437  56195.8043376883517    0.00   16.50        1
 guppi_56195_1816+45_00    745.781  56195.8043376725912    0.00   11.02        1
 guppi_56195_1816+45_00    889.531  56195.8064071038457    0.00   29.56        1
 guppi_56195_1816+45_00    845.781  56195.8064070958543    0.00   13.52        1
 guppi_56195_1816+45_00    793.437  56195.8064071191398    0.00   13.45        1
 guppi_56195_1816+45_00    745.781  56195.8064071034381    0.00   12.64        1
 guppi_56195_1816+45_00    890.447  56195.8084790143574    0.00   19.59        1
 guppi_56195_1816+45_00    845.781  56195.8084790111205    0.00   16.25        1
 guppi_56195_1816+45_00    793.437  56195.8084790341666    0.00   14.12        1
 guppi_56195_1816+45_00    745.781  56195.8084790189128    0.00   12.97        1
 guppi_56195_1816+45_00    889.936  56195.8105533063212    0.00   23.66        1
 guppi_56195_1816+45_00    845.781  56195.8105533003194    0.00   13.18        1
 guppi_56195_1816+45_00    793.437  56195.8105533234699    0.00   17.63        1
 guppi_56195_1816+45_00    745.781  56195.8105533083001    0.00   18.07        1
 guppi_56195_1816+45_00    891.688  56195.8126217547483    0.00   17.05        1
 guppi_56195_1816+45_00    845.781  56195.8126217579851    0.00   15.47        1
 guppi_56195_1816+45_00    793.437  56195.8126217811439    0.00   13.59        1
 guppi_56195_1816+45_00    745.781  56195.8126217654628    0.00   18.25        1
 guppi_56195_1816+45_00    892.261  56195.8146951698721    0.00   14.71        1
 guppi_56195_1816+45_00    845.781  56195.8146951762142    0.00   16.60        1
 guppi_56195_1816+45_00    793.437  56195.8146951993047    0.00    9.60        1
 guppi_56195_1816+45_00    745.781  56195.8146951838129    0.00   13.77        1
 guppi_56195_1816+45_00    891.630  56195.8167627965081    0.00   18.48        1
 guppi_56195_1816+45_00    845.781  56195.8167627991696    0.00   10.14        1
 guppi_56195_1816+45_00    793.437  56195.8167628226001    0.00   19.53        1
 guppi_56195_1816+45_00    745.781  56195.8167628073045    0.00   11.30        1
 guppi_56195_1816+45_00    891.623  56195.8188344193675    0.00   16.09        1
 guppi_56195_1816+45_00    845.781  56195.8188344218618    0.00   11.18        1
 guppi_56195_1816+45_00    793.437  56195.8188344453278    0.00   32.75        1
 guppi_56195_1816+45_00    745.781  56195.8188344298714    0.00   16.61        1
 guppi_56195_1816+45_00    892.476  56195.8209082621247    0.00   17.57        1
 guppi_56195_1816+45_00    845.781  56195.8209082696141    0.00   10.22        1
 guppi_56195_1816+45_00    793.437  56195.8209082928751    0.00   16.77        1
 guppi_56195_1816+45_00    745.781  56195.8209082776458    0.00   13.42        1
 guppi_56195_1816+45_00    892.471  56195.8229787910431    0.00   20.33        1
 guppi_56195_1816+45_00    845.781  56195.8229787983696    0.00   11.17        1
 guppi_56195_1816+45_00    793.532  56195.8229788204853    0.00   19.55        1
 guppi_56195_1816+45_00    745.781  56195.8229788059694    0.00   12.60        1
 guppi_56195_1816+45_00    892.704  56195.8250466646149    0.00   20.68        1
 guppi_56195_1816+45_00    845.781  56195.8250466726849    0.00   13.07        1
 guppi_56195_1816+45_00    793.907  56195.8250466927832    0.00   31.29        1
 guppi_56195_1816+45_00    745.781  56195.8250466804916    0.00   14.92        1
 guppi_56195_1816+45_00    891.909  56195.8271210549863    0.00   26.48        1
 guppi_56195_1816+45_00    845.781  56195.8271210594503    0.00   11.29        1
 guppi_56195_1816+45_00    793.437  56195.8271210815122    0.00   35.51        1
 guppi_56195_1816+45_00    745.781  56195.8271210669452    0.00   13.33        1
 guppi_56195_1816+45_00    892.656  56195.8291927829555    0.00   20.89        1
 guppi_56195_1816+45_00    845.781  56195.8291927910074    0.00   14.57        1
 guppi_56195_1816+45_00    793.437  56195.8291928142832    0.00   29.83        1
 guppi_56195_1816+45_00    745.781  56195.8291927987742    0.00   15.57        1
 guppi_56195_1816+45_00    893.456  56195.8312741641469    0.00   21.94        1
 guppi_56195_1816+45_00    845.649  56195.8312741405240    0.00   13.59        1
 guppi_56195_1816+45_00    794.533  56195.8312741546598    0.00   19.54        1
 guppi_56195_1816+45_00    745.781  56195.8312741473504    0.00   12.79        1
 guppi_56195_1816+45_00    894.185  56195.8333282002164    0.00   23.50        1
 guppi_56195_1816+45_00    845.468  56195.8333281818108    0.00   16.46        1
 guppi_56195_1816+45_00    795.693  56195.8333281858334    0.00   18.10        1
 guppi_56195_1816+45_00    745.781  56195.8333281874695    0.00   17.62        1
 guppi_56195_1816+45_00    894.067  56195.8354023540841    0.00   16.73        1
 guppi_56195_1816+45_00    845.061  56195.8354023375622    0.00   23.65        1
 guppi_56195_1816+45_00    795.064  56195.8354023435032    0.00   19.27        1
 guppi_56195_1816+45_00    745.781  56195.8354023403659    0.00   13.32        1
 guppi_56195_1816+45_00    893.353  56195.8365627043198    0.00   54.67        1
 guppi_56195_1816+45_00    795.026  56195.8365626913841    0.00   24.88        1
 guppi_56195_1816+45_00    745.780  56195.8365626864330    0.00   55.32        1
 guppi_56195_1816+45_00    893.301  56195.8377231276967    0.00   24.38        1
 guppi_56195_1816+45_00    845.428  56195.8377231045598    0.00   20.91        1
 guppi_56195_1816+45_00    794.558  56195.8377231172727    0.00   12.84        1
 guppi_56195_1816+45_00    745.781  56195.8377231106069    0.00   14.18        1
 guppi_56195_1816+45_00    892.603  56195.8397946351243    0.00   23.31        1
 guppi_56195_1816+45_00    845.781  56195.8397946433610    0.00   15.42        1
 guppi_56195_1816+45_00    793.994  56195.8397946623470    0.00   16.35        1
 guppi_56195_1816+45_00    745.781  56195.8397946511144    0.00   14.79        1
 guppi_56195_1816+45_00    892.656  56195.8418653310522    0.00   17.47        1
 guppi_56195_1816+45_00    845.781  56195.8418653391366    0.00   18.45        1
 guppi_56195_1816+45_00    793.903  56195.8418653585739    0.00   18.66        1
 guppi_56195_1816+45_00    745.781  56195.8418653470681    0.00   15.63        1
 guppi_56195_1816+45_00    893.950  56195.8439252317969    0.00   15.83        1
 guppi_56195_1816+45_00    845.287  56195.8439252128673    0.00   19.59        1
 guppi_56195_1816+45_00    795.079  56195.8439252210528    0.00   23.00        1
 guppi_56195_1816+45_00    745.781  56195.8439252179934    0.00   12.75        1
 guppi_56195_1816+45_00    893.927  56195.8460023319674    0.00   23.00        1
 guppi_56195_1816+45_00    845.333  56195.8460023127832    0.00   14.71        1
 guppi_56195_1816+45_00    795.271  56195.8460023201351    0.00   21.24        1
 guppi_56195_1816+45_00    745.781  56195.8460023178128    0.00   13.18        1
 guppi_56195_1816+45_00    892.171  56195.8480748991869    0.00   14.77        1
 guppi_56195_1816+45_00    845.781  56195.8480749050908    0.00   19.78        1
 guppi_56195_1816+45_00    793.484  56195.8480749274134    0.00   13.54        1
 guppi_56195_1816+45_00    745.781  56195.8480749127904    0.00   11.70        1
 guppi_56195_1816+45_00    890.193  56195.8501519074219    0.00   25.39        1
 guppi_56195_1816+45_00    845.781  56195.8501519024441    0.00   17.11        1
 guppi_56195_1816+45_00    793.437  56195.8501519255550    0.00   14.59        1
 guppi_56195_1816+45_00    745.781  56195.8501519103114    0.00   11.48        1
 guppi_56195_1816+45_00    892.216  56195.8522168848660    0.00   14.08        1
 guppi_56195_1816+45_00    845.736  56195.8522168913981    0.00   12.77        1
 guppi_56195_1816+45_00    793.811  56195.8522169112823    0.00   16.43        1
 guppi_56195_1816+45_00    745.781  56195.8522168987405    0.00   14.18        1
 guppi_56195_1816+45_00    889.531  56195.8542935344248    0.00   25.37        1
 guppi_56195_1816+45_00    845.781  56195.8542935263311    0.00   16.59        1
 guppi_56195_1816+45_00    793.437  56195.8542935495923    0.00   14.09        1
 guppi_56195_1816+45_00    745.781  56195.8542935338610    0.00   12.01        1
 guppi_56195_1816+45_00    889.531  56195.8563649613661    0.00   17.90        1
 guppi_56195_1816+45_00    845.781  56195.8563649532396    0.00   15.91        1
 guppi_56195_1816+45_00    793.437  56195.8563649762699    0.00   13.66        1
 guppi_56195_1816+45_00    745.781  56195.8563649611161    0.00   10.24        1
 guppi_56195_1816+45_00    889.531  56195.8584363169054    0.00   43.41        1
 guppi_56195_1816+45_00    845.781  56195.8584363093409    0.00   18.31        1
 guppi_56195_1816+45_00    793.437  56195.8584363321678    0.00   15.18        1
 guppi_56195_1816+45_00    745.781  56195.8584363168930    0.00   12.62        1
 guppi_56195_1816+45_00    889.531  56195.8605078236524    0.00   40.24        1
 guppi_56195_1816+45_00    845.781  56195.8605078152265    0.00   12.27        1
 guppi_56195_1816+45_00    793.437  56195.8605078383726    0.00   12.87        1
 guppi_56195_1816+45_00    745.781  56195.8605078228228    0.00   11.17        1
 guppi_56195_1816+45_00    889.507  56195.8625795912106    0.00   31.25        1
 guppi_56195_1816+45_00    845.781  56195.8625795823914    0.00   16.14        1
 guppi_56195_1816+45_00    793.437  56195.8625796058677    0.00    9.72        1
 guppi_56195_1816+45_00    745.781  56195.8625795903891    0.00   13.74        1
 guppi_56195_1816+45_00    889.531  56195.8646506577700    0.00   21.14        1
 guppi_56195_1816+45_00    845.781  56195.8646506497486    0.00   12.76        1
 guppi_56195_1816+45_00    793.437  56195.8646506726986    0.00   12.00        1
 guppi_56195_1816+45_00    745.781  56195.8646506574630    0.00   10.77        1
 guppi_56195_1816+45_00    889.531  56195.8667221335553    0.00   34.18        1
 guppi_56195_1816+45_00    845.781  56195.8667221253707    0.00   18.74        1
 guppi_56195_1816+45_00    793.437  56195.8667221482324    0.00   15.38        1
 guppi_56195_1816+45_00    745.781  56195.8667221327214    0.00   12.56        1
 guppi_56195_1816+45_00    889.531  56195.8687934984359    0.00   17.69        1
 guppi_56195_1816+45_00    845.781  56195.8687934908767    0.00   13.50        1
 guppi_56195_1816+45_00    793.437  56195.8687935133435    0.00   19.22        1
 guppi_56195_1816+45_00    745.781  56195.8687934987103    0.00   15.52        1
 guppi_56195_1816+45_00    889.531  56195.8708649029924    0.00   23.07        1
 guppi_56195_1816+45_00    845.781  56195.8708648946330    0.00   13.11        1
 guppi_56195_1816+45_00    793.437  56195.8708649176927    0.00   14.80        1
 guppi_56195_1816+45_00    745.781  56195.8708649022609    0.00   10.58        1
 guppi_56195_1816+45_00    889.531  56195.8729363075102    0.00   31.21        1
 guppi_56195_1816+45_00    845.781  56195.8729362991743    0.00   14.38        1
 guppi_56195_1816+45_00    793.437  56195.8729363221973    0.00   10.97        1
 guppi_56195_1816+45_00    745.781  56195.8729363066309    0.00   12.27        1
 guppi_56195_1816+45_00    889.531  56195.8750077861170    0.00   18.71        1
 guppi_56195_1816+45_00    845.781  56195.8750077778406    0.00   11.60        1
 guppi_56195_1816+45_00    793.437  56195.8750078007011    0.00   13.30        1
 guppi_56195_1816+45_00    745.781  56195.8750077854871    0.00    8.69        1
 guppi_56195_1816+45_00    889.531  56195.8770791170761    0.00   25.29        1
 guppi_56195_1816+45_00    845.781  56195.8770791087498    0.00   14.06        1
 guppi_56195_1816+45_00    793.437  56195.8770791318303    0.00   13.01        1
 guppi_56195_1816+45_00    745.781  56195.8770791164176    0.00    9.31        1
 guppi_56195_1816+45_00    889.532  56195.8791490431768    0.00   19.21        1
 guppi_56195_1816+45_00    845.781  56195.8791490347502    0.00   15.41        1
 guppi_56195_1816+45_00    793.437  56195.8791490583183    0.00   12.99        1
 guppi_56195_1816+45_00    745.781  56195.8791490427617    0.00    9.84        1
 guppi_56195_1816+45_00    889.507  56195.8812230349356    0.00   25.25        1
 guppi_56195_1816+45_00    845.781  56195.8812230265432    0.00   14.74        1
 guppi_56195_1816+45_00    793.437  56195.8812230496767    0.00   15.03        1
 guppi_56195_1816+45_00    745.781  56195.8812230340208    0.00   13.81        1
 guppi_56195_1816+45_00    889.531  56195.8832934403305    0.00   25.58        1
 guppi_56195_1816+45_00    845.781  56195.8832934316671    0.00   12.03        1
 guppi_56195_1816+45_00    793.437  56195.8832934547523    0.00   10.93        1
 guppi_56195_1816+45_00    745.781  56195.8832934393334    0.00   14.10        1
 guppi_56195_1816+45_00    889.505  56195.8853643611357    0.00   22.53        1
 guppi_56195_1816+45_00    845.781  56195.8853643531387    0.00   19.19        1
 guppi_56195_1816+45_00    793.437  56195.8853643760346    0.00   17.09        1
 guppi_56195_1816+45_00    745.781  56195.8853643606146    0.00   14.64        1
 guppi_56195_1816+45_00    889.390  56195.8874387189168    0.00   27.86        1
 guppi_56195_1816+45_00    845.781  56195.8874387104254    0.00   20.89        1
 guppi_56195_1816+45_00    793.437  56195.8874387336523    0.00   14.16        1
 guppi_56195_1816+45_00    745.781  56195.8874387184383    0.00   10.81        1
 guppi_56195_1816+45_00    889.507  56195.8895085647795    0.00   18.08        1
 guppi_56195_1816+45_00    845.781  56195.8895085563699    0.00   31.27        1
 guppi_56195_1816+45_00    793.437  56195.8895085800247    0.00   12.92        1
 guppi_56195_1816+45_00    745.781  56195.8895085644096    0.00   11.17        1
 guppi_56195_1816+45_00    889.531  56195.8915791112901    0.00   25.81        1
 guppi_56195_1816+45_00    845.781  56195.8915791026713    0.00   13.34        1
 guppi_56195_1816+45_00    793.437  56195.8915791263584    0.00   18.23        1
 guppi_56195_1816+45_00    745.781  56195.8915791106165    0.00   15.60        1
 guppi_56195_1816+45_00    889.532  56195.8936515401272    0.00   24.75        1
 guppi_56195_1816+45_00    845.781  56195.8936515318610    0.00   25.49        1
 guppi_56195_1816+45_00    793.437  56195.8936515551058    0.00   14.97        1
 guppi_56195_1816+45_00    745.781  56195.8936515396101    0.00    9.82        1
 guppi_56195_1816+45_00    889.509  56195.8957212310179    0.00   19.70        1
 guppi_56195_1816+45_00    845.781  56195.8957212225846    0.00   16.71        1
 guppi_56195_1816+45_00    793.437  56195.8957212457179    0.00   14.74        1
 guppi_56195_1816+45_00    745.781  56195.8957212304503    0.00   11.88        1
 guppi_56195_1816+45_00    889.289  56195.8977915108934    0.00   26.79        1
 guppi_56195_1816+45_00    845.781  56195.8977915020672    0.00   25.75        1
 guppi_56195_1816+45_00    793.437  56195.8977915250961    0.00   11.81        1
 guppi_56195_1816+45_00    745.781  56195.8977915097544    0.00   11.84        1
 guppi_56195_1816+45_00    845.780  56195.8989507972851    0.00   39.40        1
 guppi_56195_1816+45_00    793.437  56195.8989508197640    0.00   56.64        1
 guppi_56195_1816+45_00    745.780  56195.8989508049877    0.00   45.45        1
 guppi_56195_1816+45_00    889.531  56195.9001086222717    0.00   15.29        1
 guppi_56195_1816+45_00    845.781  56195.9001086137167    0.00   18.93        1
 guppi_56195_1816+45_00    793.437  56195.9001086369541    0.00   11.90        1
 guppi_56195_1816+45_00    745.781  56195.9001086218537    0.00   13.37        1
 guppi_56195_1816+45_00    889.730  56195.9021835869983    0.00   21.22        1
 guppi_56195_1816+45_00    845.781  56195.9021835795154    0.00   18.04        1
 guppi_56195_1816+45_00    793.437  56195.9021836027069    0.00   13.81        1
 guppi_56195_1816+45_00    745.798  56195.9021835874350    0.00   11.21        1
 guppi_56195_1816+45_00    889.565  56195.9042513050942    0.00   26.05        1
 guppi_56195_1816+45_00    845.781  56195.9042512969289    0.00   16.01        1
 guppi_56195_1816+45_00    793.437  56195.9042513199096    0.00   12.24        1
 guppi_56195_1816+45_00    745.781  56195.9042513046056    0.00   11.20        1
 guppi_56195_1816+45_00    889.801  56195.9063212345752    0.00   28.28        1
 guppi_56195_1816+45_00    845.759  56195.9063212276568    0.00   21.79        1
 guppi_56195_1816+45_00    793.437  56195.9063212508523    0.00   15.53        1
 guppi_56195_1816+45_00    745.781  56195.9063212353293    0.00   10.87        1
 guppi_56195_1816+45_00    889.578  56195.9083943402752    0.00   27.14        1
 guppi_56195_1816+45_00    845.781  56195.9083943318853    0.00   18.34        1
 guppi_56195_1816+45_00    793.437  56195.9083943556731    0.00   14.32        1
 guppi_56195_1816+45_00    745.781  56195.9083943400508    0.00   12.01        1
 guppi_56195_1816+45_00    889.578  56195.9104655924443    0.00   28.39        1
 guppi_56195_1816+45_00    845.781  56195.9104655843475    0.00   17.07        1
 guppi_56195_1816+45_00    793.437  56195.9104656072815    0.00   15.88        1
 guppi_56195_1816+45_00    745.781  56195.9104655920694    0.00   10.43        1
 guppi_56195_1816+45_00    889.679  56195.9125363582669    0.00   25.62        1
 guppi_56195_1816+45_00    845.781  56195.9125363507476    0.00   16.03        1
 guppi_56195_1816+45_00    793.437  56195.9125363737225    0.00   14.17        1
 guppi_56195_1816+45_00    745.781  56195.9125363582899    0.00   12.38        1
 guppi_56195_1816+45_00    889.673  56195.9146085238357    0.00   32.78        1
 guppi_56195_1816+45_00    845.781  56195.9146085159417    0.00   13.98        1
 guppi_56195_1816+45_00    793.437  56195.9146085391942    0.00    8.68        1
 guppi_56195_1816+45_00    745.781  56195.9146085236185    0.00   10.34        1
 guppi_56195_1816+45_00    889.673  56195.9166786132824    0.00   44.60        1
 guppi_56195_1816+45_00    845.781  56195.9166786057033    0.00   15.97        1
 guppi_56195_1816+45_00    793.437  56195.9166786291277    0.00   14.09        1
 guppi_56195_1816+45_00    745.781  56195.9166786136615    0.00   15.05        1
 guppi_56195_1816+45_00    889.720  56195.9187525784749    0.00   22.79        1
 guppi_56195_1816+45_00    845.781  56195.9187525708102    0.00   19.61        1
 guppi_56195_1816+45_00    793.437  56195.9187525936100    0.00   14.88        1
 guppi_56195_1816+45_00    745.781  56195.9187525785354    0.00   15.30        1
 guppi_56195_1816+45_00    889.906  56195.9208231349688    0.00   21.16        1
 guppi_56195_1816+45_00    845.759  56195.9208231293734    0.00   14.69        1
 guppi_56195_1816+45_00    793.437  56195.9208231521662    0.00   12.96        1
 guppi_56195_1816+45_00    745.781  56195.9208231370063    0.00   15.88        1
 guppi_56195_1816+45_00    890.178  56195.9228941296937    0.00   27.89        1
 guppi_56195_1816+45_00    845.781  56195.9228941249879    0.00   19.72        1
 guppi_56195_1816+45_00    793.437  56195.9228941476604    0.00    8.60        1
 guppi_56195_1816+45_00    745.781  56195.9228941325635    0.00    9.94        1
 guppi_56195_1816+45_00    890.543  56195.9249654122957    0.00   16.69        1
 guppi_56195_1816+45_00    845.781  56195.9249654092504    0.00   19.17        1
 guppi_56195_1816+45_00    793.437  56195.9249654326447    0.00   16.87        1
 guppi_56195_1816+45_00    745.781  56195.9249654173835    0.00    8.91        1
 guppi_56195_1816+45_00    890.267  56195.9270364704487    0.00   23.98        1
 guppi_56195_1816+45_00    845.781  56195.9270364655194    0.00   29.30        1
 guppi_56195_1816+45_00    793.437  56195.9270364889878    0.00   17.25        1
 guppi_56195_1816+45_00    745.781  56195.9270364733948    0.00   12.32        1
 guppi_56195_1816+45_00    889.814  56195.9291087407846    0.00   16.36        1
 guppi_56195_1816+45_00    845.737  56195.9291087348928    0.00   19.49        1
 guppi_56195_1816+45_00    793.437  56195.9291087575806    0.00   12.94        1
 guppi_56195_1816+45_00    745.781  56195.9291087421485    0.00   11.48        1
 guppi_56195_1816+45_00    889.720  56195.9311798942031    0.00   41.69        1
 guppi_56195_1816+45_00    845.697  56195.9311798878223    0.00   18.07        1
 guppi_56195_1816+45_00    793.437  56195.9311799105296    0.00   14.60        1
 guppi_56195_1816+45_00    745.781  56195.9311798949918    0.00    9.49        1
 guppi_56195_1816+45_00    889.578  56195.9332517792463    0.00   25.13        1
 guppi_56195_1816+45_00    845.781  56195.9332517721557    0.00   13.54        1
 guppi_56195_1816+45_00    793.437  56195.9332517949735    0.00   10.71        1
 guppi_56195_1816+45_00    745.781  56195.9332517799256    0.00   10.02        1
 guppi_56195_1816+45_00    889.906  56195.9353230271962    0.00   29.69        1
 guppi_56195_1816+45_00    845.781  56195.9353230208732    0.00   17.48        1
 guppi_56195_1816+45_00    793.437  56195.9353230441293    0.00   12.07        1
 guppi_56195_1816+45_00    745.781  56195.9353230288165    0.00   13.71        1
 guppi_56195_1816+45_00    889.869  56195.9373963754280    0.00   31.26        1
 guppi_56195_1816+45_00    845.781  56195.9373963685253    0.00   21.24        1
 guppi_56195_1816+45_00    793.437  56195.9373963915957    0.00   17.17        1
 guppi_56195_1816+45_00    745.781  56195.9373963763442    0.00   13.36        1
 guppi_56195_1816+45_00    890.256  56195.9394642057486    0.00   23.49        1
 guppi_56195_1816+45_00    845.781  56195.9394642016401    0.00   20.71        1
 guppi_56195_1816+45_00    793.437  56195.9394642245684    0.00   16.99        1
 guppi_56195_1816+45_00    745.781  56195.9394642094009    0.00   14.60        1
 guppi_56195_1816+45_00    890.956  56195.9415371646480    0.00   28.26        1
 guppi_56195_1816+45_00    845.781  56195.9415371637803    0.00   19.09        1
 guppi_56195_1816+45_00    793.437  56195.9415371868437    0.00   11.82        1
 guppi_56195_1816+45_00    745.781  56195.9415371714876    0.00   14.56        1
 guppi_56195_1816+45_00    890.575  56195.9436059807052    0.00   24.73        1
 guppi_56195_1816+45_00    845.737  56195.9436059784031    0.00   17.51        1
 guppi_56195_1816+45_00    793.437  56195.9436060015181    0.00   14.58        1
 guppi_56195_1816+45_00    745.781  56195.9436059862146    0.00   11.74        1
 guppi_56195_1816+45_00    891.183  56195.9456794039496    0.00   15.88        1
 guppi_56195_1816+45_00    845.759  56195.9456794048744    0.00   20.40        1
 guppi_56195_1816+45_00    793.437  56195.9456794277194    0.00   13.46        1
 guppi_56195_1816+45_00    745.781  56195.9456794127434    0.00   11.17        1
 guppi_56195_1816+45_00    890.341  56195.9477469127218    0.00   29.36        1
 guppi_56195_1816+45_00    845.718  56195.9477469090256    0.00   22.37        1
 guppi_56195_1816+45_00    793.437  56195.9477469323176    0.00   11.97        1
 guppi_56195_1816+45_00    745.781  56195.9477469166970    0.00   12.77        1
 guppi_56195_1816+45_00    890.613  56195.9498243494569    0.00   14.80        1
 guppi_56195_1816+45_00    845.636  56195.9498243479099    0.00   20.31        1
 guppi_56195_1816+45_00    793.437  56195.9498243702288    0.00    8.64        1
 guppi_56195_1816+45_00    745.781  56195.9498243545023    0.00    9.80        1
 guppi_56195_1816+45_00    890.907  56195.9518953828807    0.00   20.56        1
 guppi_56195_1816+45_00    845.699  56195.9518953827169    0.00   14.81        1
 guppi_56195_1816+45_00    793.437  56195.9518954054619    0.00   10.61        1
 guppi_56195_1816+45_00    745.781  56195.9518953901977    0.00   10.39        1
 guppi_56195_1816+45_00    890.226  56195.9539653793053    0.00   35.81        1
 guppi_56195_1816+45_00    845.718  56195.9539653743287    0.00   21.37        1
 guppi_56195_1816+45_00    793.437  56195.9539653974226    0.00   11.30        1
 guppi_56195_1816+45_00    745.781  56195.9539653821623    0.00   11.82        1
 guppi_56195_1816+45_00    889.952  56195.9560380984743    0.00   19.54        1
 guppi_56195_1816+45_00    845.759  56195.9560380938166    0.00   34.35        1
 guppi_56195_1816+45_00    793.437  56195.9560381157833    0.00   16.13        1
 guppi_56195_1816+45_00    745.781  56195.9560381005789    0.00   25.52        1
C guppi_56195_1816+45_00    889.771  56195.9581074275935    0.00   81.45        1
 guppi_56195_1816+45_00    845.781  56195.9581074391900    0.00   27.16        1
 guppi_56195_1816+45_00    793.437  56195.9581074291246    0.00   42.66        1
 guppi_56195_1816+45_00    745.781  56195.9581074469463    0.00   49.14        1
 guppi_56195_1816+45_00    889.578  56195.9749235262741    0.00   32.66        1
 guppi_56195_1816+45_00    845.781  56195.9749235200923    0.00   38.55        1
 guppi_56195_1816+45_00    793.437  56195.9749235045341    0.00   96.54        1
 guppi_56195_1816+45_00    745.781  56195.9749235269915    0.00   36.20        1
 guppi_56195_1816+45_00    890.223  56195.9769956299910    0.00   31.11        1
 guppi_56195_1816+45_00    845.781  56195.9769956255407    0.00   24.82        1
 guppi_56195_1816+45_00    793.437  56195.9769956128641    0.00   13.89        1
 guppi_56195_1816+45_00    745.781  56195.9769956350791    0.00   17.23        1
 guppi_56195_1816+45_00    890.312  56195.9790663254813    0.00   49.34        1
 guppi_56195_1816+45_00    845.781  56195.9790663226015    0.00   15.32        1
 guppi_56195_1816+45_00    793.437  56195.9790663089955    0.00   13.10        1
 guppi_56195_1816+45_00    745.781  56195.9790663314482    0.00   12.81        1
 guppi_56195_1816+45_00    890.312  56195.9811377522776    0.00   58.23        1
 guppi_56195_1816+45_00    845.781  56195.9811377490297    0.00   16.48        1
 guppi_56195_1816+45_00    793.437  56195.9811377354214    0.00   10.74        1
 guppi_56195_1816+45_00    745.781  56195.9811377573196    0.00   11.18        1
 guppi_56195_1816+45_00    890.312  56195.9832092455452    0.00   42.49        1
 guppi_56195_1816+45_00    845.781  56195.9832092414796    0.00   13.74        1
 guppi_56195_1816+45_00    793.437  56195.9832092281404    0.00   12.39        1
 guppi_56195_1816+45_00    745.781  56195.9832092502155    0.00   10.08        1
 guppi_56195_1816+45_00    890.312  56195.9852805821053    0.00   45.56        1
 guppi_56195_1816+45_00    845.781  56195.9852805779957    0.00   14.51        1
 guppi_56195_1816+45_00    793.437  56195.9852805641784    0.00   10.15        1
 guppi_56195_1816+45_00    745.781  56195.9852805860839    0.00   11.16        1
 guppi_56195_1816+45_00    890.823  56195.9873474710230    0.00   23.31        1
 guppi_56195_1816+45_00    845.781  56195.9873474703873    0.00   11.63        1
 guppi_56195_1816+45_00    793.437  56195.9873474937127    0.00    9.94        1
 guppi_56195_1816+45_00    745.805  56195.9873474779294    0.00    9.51        1
 guppi_56195_1816+45_00    890.963  56195.9894298046264    0.00   27.96        1
 guppi_56195_1816+45_00    845.781  56195.9894298036631    0.00   11.14        1
 guppi_56195_1816+45_00    793.437  56195.9894298269667    0.00   10.89        1
 guppi_56195_1816+45_00    745.846  56195.9894298111188    0.00    9.02        1
 guppi_56195_1816+45_00    890.371  56195.9914921016708    0.00   16.02        1
 guppi_56195_1816+45_00    845.781  56195.9914920981400    0.00   12.20        1
 guppi_56195_1816+45_00    793.437  56195.9914921210234    0.00   12.82        1
 guppi_56195_1816+45_00    745.792  56195.9914921059035    0.00   10.27        1
 guppi_56195_1816+45_00    890.327  56195.9935686907400    0.00   17.86        1
 guppi_56195_1816+45_00    845.781  56195.9935686867909    0.00   14.06        1
 guppi_56195_1816+45_00    793.437  56195.9935687098038    0.00   15.96        1
 guppi_56195_1816+45_00    745.792  56195.9935686947094    0.00    9.78        1
 guppi_56195_1816+45_00    890.043  56195.9956381775096    0.00   23.47        1
 guppi_56195_1816+45_00    845.781  56195.9956381716930    0.00   15.04        1
 guppi_56195_1816+45_00    793.437  56195.9956381951021    0.00   10.81        1
 guppi_56195_1816+45_00    745.781  56195.9956381796977    0.00    9.51        1
 guppi_56195_1816+45_00    890.089  56195.9977106483790    0.00   17.79        1
 guppi_56195_1816+45_00    845.781  56195.9977106424932    0.00   14.42        1
 guppi_56195_1816+45_00    793.437  56195.9977106661380    0.00   14.86        1
 guppi_56195_1816+45_00    745.781  56195.9977106508937    0.00    9.57        1
 guppi_56195_1816+45_00    890.016  56195.9997816331727    0.00   14.26        1
 guppi_56195_1816+45_00    845.781  56195.9997816280955    0.00   19.94        1
 guppi_56195_1816+45_00    793.437  56195.9997816512945    0.00   14.50        1
 guppi_56195_1816+45_00    745.781  56195.9997816361390    0.00   11.04        1
 guppi_56195_1816+45_00    889.767  56196.0018526492078    0.00   19.91        1
 guppi_56195_1816+45_00    845.781  56196.0018526426880    0.00   15.40        1
 guppi_56195_1816+45_00    793.437  56196.0018526660394    0.00   14.10        1
 guppi_56195_1816+45_00    745.781  56196.0018526507039    0.00   11.08        1
 guppi_56195_1816+45_00    890.134  56196.0039235072412    0.00   14.24        1
 guppi_56195_1816+45_00    845.759  56196.0039235022137    0.00   14.81        1
 guppi_56195_1816+45_00    793.437  56196.0039235252207    0.00   18.73        1
 guppi_56195_1816+45_00    745.781  56196.0039235102099    0.00   10.02        1
 guppi_56195_1816+45_00    890.102  56196.0059904795055    0.00   33.10        1
 guppi_56195_1816+45_00    845.576  56196.0059904758654    0.00   16.33        1
 guppi_56195_1816+45_00    793.437  56196.0059904979084    0.00   14.62        1
 guppi_56195_1816+45_00    745.781  56196.0059904821567    0.00   10.46        1
 guppi_56195_1816+45_00    890.089  56196.0080670162827    0.00   25.16        1
 guppi_56195_1816+45_00    845.781  56196.0080670118142    0.00   15.75        1
 guppi_56195_1816+45_00    793.437  56196.0080670351959    0.00   14.46        1
 guppi_56195_1816+45_00    745.781  56196.0080670194674    0.00   10.83        1
 guppi_56195_1816+45_00    890.851  56196.0101380738224    0.00   25.33        1
 guppi_56195_1816+45_00    845.672  56196.0101380735260    0.00   15.23        1
 guppi_56195_1816+45_00    793.598  56196.0101380946396    0.00   20.16        1
 guppi_56195_1816+45_00    745.781  56196.0101380804098    0.00   10.31        1
 guppi_56195_1816+45_00    889.860  56196.0122089852544    0.00   30.34        1
 guppi_56195_1816+45_00    845.781  56196.0122089793094    0.00   16.21        1
 guppi_56195_1816+45_00    793.437  56196.0122090022773    0.00   17.40        1
 guppi_56195_1816+45_00    745.781  56196.0122089871872    0.00    9.58        1
 guppi_56195_1816+45_00    890.487  56196.0142796242239    0.00   19.69        1
 guppi_56195_1816+45_00    845.697  56196.0142796218106    0.00   24.76        1
 guppi_56195_1816+45_00    793.437  56196.0142796445335    0.00   11.94        1
 guppi_56195_1816+45_00    745.781  56196.0142796292535    0.00   11.15        1
 guppi_56195_1816+45_00    890.092  56196.0163504843796    0.00   18.38        1
 guppi_56195_1816+45_00    845.759  56196.0163504792194    0.00   23.85        1
 guppi_56195_1816+45_00    793.437  56196.0163505024576    0.00   14.25        1
 guppi_56195_1816+45_00    745.781  56196.0163504869832    0.00   10.57        1
 guppi_56195_1816+45_00    889.727  56196.0184223364310    0.00   30.92        1
 guppi_56195_1816+45_00    845.781  56196.0184223290909    0.00   21.21        1
 guppi_56195_1816+45_00    793.437  56196.0184223523079    0.00   14.55        1
 guppi_56195_1816+45_00    745.781  56196.0184223369937    0.00   12.47        1
 guppi_56195_1816+45_00    889.626  56196.0204950679892    0.00   42.72        1
 guppi_56195_1816+45_00    845.759  56196.0204950603948    0.00   18.80        1
 guppi_56195_1816+45_00    793.437  56196.0204950836389    0.00   16.85        1
 guppi_56195_1816+45_00    745.781  56196.0204950683556    0.00    9.36        1
 guppi_56195_1816+45_00    890.585  56196.0225726668293    0.00   27.30        1
 guppi_56195_1816+45_00    845.609  56196.0225726655248    0.00   16.83        1
 guppi_56195_1816+45_00    793.645  56196.0225726859494    0.00   15.76        1
 guppi_56195_1816+45_00    745.781  56196.0225726724831    0.00   10.11        1
 guppi_56195_1816+45_00    890.312  56196.0237239588533    0.00   56.62        1
 guppi_56195_1816+45_00    845.780  56196.0237239555720    0.00   29.75        1
 guppi_56195_1816+45_00    745.780  56196.0237239630329    0.00   23.04        1
 guppi_56195_1816+45_00    889.626  56196.0248853411198    0.00   30.44        1
 guppi_56195_1816+45_00    845.423  56196.0248853356170    0.00   15.34        1
 guppi_56195_1816+45_00    793.437  56196.0248853564252    0.00   23.75        1
 guppi_56195_1816+45_00    745.781  56196.0248853413611    0.00   10.68        1
 guppi_56195_1816+45_00    889.814  56196.0269512198977    0.00   22.29        1
 guppi_56195_1816+45_00    845.697  56196.0269512505527    0.00   13.28        1
 guppi_56195_1816+45_00    793.437  56196.0269512362445    0.00   15.75        1
 guppi_56195_1816+45_00    745.781  56196.0269512207664    0.00    9.41        1
 guppi_56195_1816+45_00    891.667  56196.0290285413871    0.00   20.38        1
 guppi_56195_1816+45_00    845.511  56196.0290285090015    0.00   10.80        1
 guppi_56195_1816+45_00    793.484  56196.0290285301356    0.00   24.42        1
 guppi_56195_1816+45_00    745.781  56196.0290285152130    0.00   10.05        1
 guppi_56195_1816+45_00    890.256  56196.0311014411185    0.00   32.62        1
 guppi_56195_1816+45_00    845.423  56196.0311014392822    0.00   15.52        1
 guppi_56195_1816+45_00    793.437  56196.0311014601875    0.00   17.19        1
 guppi_56195_1816+45_00    745.781  56196.0311014449805    0.00    9.40        1
 guppi_56195_1816+45_00    890.863  56196.0331654211660    0.00   14.92        1
 guppi_56195_1816+45_00    845.759  56196.0331654571422    0.00   11.45        1
 guppi_56195_1816+45_00    793.437  56196.0331654435653    0.00   12.54        1
 guppi_56195_1816+45_00    745.781  56196.0331654279263    0.00   13.00        1
 guppi_56195_1816+45_00    890.400  56196.0352391962159    0.00   18.03        1
 guppi_56195_1816+45_00    845.486  56196.0352391946704    0.00    9.98        1
 guppi_56195_1816+45_00    793.437  56196.0352392154651    0.00   19.49        1
 guppi_56195_1816+45_00    745.781  56196.0352392005838    0.00   10.62        1
 guppi_56195_1816+45_00    890.677  56196.0373130379278    0.00   15.81        1
 guppi_56195_1816+45_00    845.656  56196.0373130733306    0.00    9.76        1
 guppi_56195_1816+45_00    793.437  56196.0373130593479    0.00   19.30        1
 guppi_56195_1816+45_00    745.781  56196.0373130436954    0.00   12.19        1
 guppi_56195_1816+45_00    890.516  56196.0393822601871    0.00   24.76        1
 guppi_56195_1816+45_00    845.740  56196.0393822573711    0.00   10.23        1
 guppi_56195_1816+45_00    793.437  56196.0393822805069    0.00   12.26        1
 guppi_56195_1816+45_00    745.781  56196.0393822651185    0.00   12.78        1
 guppi_56195_1816+45_00    890.337  56196.0414527363825    0.00   19.13        1
 guppi_56195_1816+45_00    845.694  56196.0414527697331    0.00   14.62        1
 guppi_56195_1816+45_00    793.437  56196.0414527554176    0.00   11.48        1
 guppi_56195_1816+45_00    745.781  56196.0414527403324    0.00   13.48        1
 guppi_56195_1816+45_00    890.312  56196.0435240963533    0.00   18.45        1
 guppi_56195_1816+45_00    845.781  56196.0435241290492    0.00    9.81        1
 guppi_56195_1816+45_00    793.437  56196.0435241152552    0.00   23.37        1
 guppi_56195_1816+45_00    745.781  56196.0435241000095    0.00   12.79        1
 guppi_56195_1816+45_00    889.977  56196.0455984491040    0.00   27.48        1
 guppi_56195_1816+45_00    845.400  56196.0455984457775    0.00   12.85        1
 guppi_56195_1816+45_00    793.437  56196.0455984665966    0.00   16.57        1
 guppi_56195_1816+45_00    745.781  56196.0455984516115    0.00   12.32        1
 guppi_56195_1816+45_00    890.929  56196.0476652552266    0.00   22.33        1
 guppi_56195_1816+45_00    845.614  56196.0476652552392    0.00   15.77        1
 guppi_56195_1816+45_00    793.437  56196.0476652771995    0.00   13.85        1
 guppi_56195_1816+45_00    745.781  56196.0476652624078    0.00   16.09        1
 guppi_56195_1816+45_00    890.602  56196.0497354294984    0.00   21.63        1
 guppi_56195_1816+45_00    845.567  56196.0497354285213    0.00   13.88        1
 guppi_56195_1816+45_00    793.437  56196.0497354503983    0.00   14.17        1
 guppi_56195_1816+45_00    745.781  56196.0497354354317    0.00   13.78        1
 guppi_56195_1816+45_00    890.338  56196.0518100372941    0.00   22.47        1
 guppi_56195_1816+45_00    845.678  56196.0518100710153    0.00   12.67        1
 guppi_56195_1816+45_00    793.437  56196.0518100561806    0.00   13.20        1
 guppi_56195_1816+45_00    745.781  56196.0518100413844    0.00    9.60        1
 guppi_56195_1816+45_00    890.286  56196.0538833496726    0.00   22.59        1
 guppi_56195_1816+45_00    845.781  56196.0538833823179    0.00   18.08        1
 guppi_56195_1816+45_00    793.437  56196.0538833688286    0.00   14.02        1
 guppi_56195_1816+45_00    745.781  56196.0538833536315    0.00    9.62        1
 guppi_56195_1816+45_00    890.319  56196.0559514879630    0.00   14.28        1
 guppi_56195_1816+45_00    845.781  56196.0559515210257    0.00   13.78        1
 guppi_56195_1816+45_00    793.437  56196.0559515069921    0.00   11.23        1
 guppi_56195_1816+45_00    745.781  56196.0559514918265    0.00   11.15        1
 guppi_56195_1816+45_00    889.998  56196.0580246535447    0.00   15.94        1
 guppi_56195_1816+45_00    845.781  56196.0580246851297    0.00   11.85        1
 guppi_56195_1816+45_00    793.437  56196.0580246714070    0.00   12.41        1
 guppi_56195_1816+45_00    745.781  56196.0580246558810    0.00    9.96        1
 guppi_56195_1816+45_00    889.814  56196.0600937172309    0.00   30.67        1
 guppi_56195_1816+45_00    845.781  56196.0600937109526    0.00   12.63        1
 guppi_56195_1816+45_00    793.437  56196.0600937339336    0.00   12.33        1
 guppi_56195_1816+45_00    745.781  56196.0600937184899    0.00   12.76        1
 guppi_56195_1816+45_00    889.640  56196.0621671054296    0.00   24.25        1
 guppi_56195_1816+45_00    845.781  56196.0621671347646    0.00   12.53        1
 guppi_56195_1816+45_00    793.437  56196.0621671207269    0.00   12.75        1
 guppi_56195_1816+45_00    745.781  56196.0621671057129    0.00   13.71        1
 guppi_56195_1816+45_00    889.578  56196.0642389046201    0.00   30.81        1
 guppi_56195_1816+45_00    845.781  56196.0642389334798    0.00    9.95        1
 guppi_56195_1816+45_00    793.437  56196.0642389201215    0.00   15.90        1
 guppi_56195_1816+45_00    745.781  56196.0642389048761    0.00   13.58        1
 guppi_56195_1816+45_00    889.531  56196.0663097813972    0.00   20.63        1
 guppi_56195_1816+45_00    845.781  56196.0663098100524    0.00    9.81        1
 guppi_56195_1816+45_00    793.437  56196.0663097963293    0.00   20.39        1
 guppi_56195_1816+45_00    745.781  56196.0663097812778    0.00   10.12        1
 guppi_56195_1816+45_00    889.767  56196.0683822097412    0.00   20.85        1
 guppi_56195_1816+45_00    845.781  56196.0683822402288    0.00    9.65        1
 guppi_56195_1816+45_00    793.437  56196.0683822263202    0.00   13.34        1
 guppi_56195_1816+45_00    745.781  56196.0683822112212    0.00   13.10        1
 guppi_56195_1816+45_00    890.356  56196.0704499830291    0.00   16.09        1
 guppi_56195_1816+45_00    845.781  56196.0704500161766    0.00   10.48        1
 guppi_56195_1816+45_00    793.437  56196.0704500025069    0.00   16.53        1
 guppi_56195_1816+45_00    745.781  56196.0704499872251    0.00   16.05        1
 guppi_56195_1816+45_00    889.628  56196.0725252295126    0.00   19.68        1
 guppi_56195_1816+45_00    845.697  56196.0725252225623    0.00   11.91        1
 guppi_56195_1816+45_00    793.437  56196.0725252456743    0.00   12.23        1
 guppi_56195_1816+45_00    745.781  56196.0725252301147    0.00   11.42        1
 guppi_56195_1816+45_00    891.234  56196.0745895280829    0.00   21.91        1
 guppi_56195_1816+45_00    845.781  56196.0745895292144    0.00   12.63        1
 guppi_56195_1816+45_00    793.437  56196.0745895156491    0.00   14.35        1
 guppi_56195_1816+45_00    745.781  56196.0745895003408    0.00   10.93        1
 guppi_56195_1816+45_00    890.327  56196.0766695856023    0.00   18.65        1
 guppi_56195_1816+45_00    845.781  56196.0766696185814    0.00   12.97        1
 guppi_56195_1816+45_00    793.437  56196.0766696048553    0.00   12.05        1
 guppi_56195_1816+45_00    745.781  56196.0766695895906    0.00   13.71        1
 guppi_56195_1816+45_00    891.790  56196.0787418361532    0.00   23.38        1
 guppi_56195_1816+45_00    845.781  56196.0787418402250    0.00   15.57        1
 guppi_56195_1816+45_00    793.437  56196.0787418261972    0.00   16.05        1
 guppi_56195_1816+45_00    745.781  56196.0787418110706    0.00    8.95        1
 guppi_56195_1816+45_00    892.374  56196.0808061498419    0.00   21.67        1
 guppi_56195_1816+45_00    845.781  56196.0808061565437    0.00   11.09        1
 guppi_56195_1816+45_00    793.626  56196.0808061419702    0.00   15.68        1
 guppi_56195_1816+45_00    745.877  56196.0808061268604    0.00   10.03        1
 guppi_56195_1816+45_00    892.374  56196.0828844764829    0.00   26.36        1
 guppi_56195_1816+45_00    845.781  56196.0828844830161    0.00   17.45        1
 guppi_56195_1816+45_00    793.532  56196.0828844686625    0.00   11.21        1
 guppi_56195_1816+45_00    745.947  56196.0828844524725    0.00   10.02        1
 guppi_56195_1816+45_00    892.202  56196.0849527560090    0.00   25.92        1
 guppi_56195_1816+45_00    845.653  56196.0849527624047    0.00   15.13        1
 guppi_56195_1816+45_00    793.484  56196.0849527477344    0.00   12.64        1
 guppi_56195_1816+45_00    745.785  56196.0849527326612    0.00    9.35        1
 guppi_56195_1816+45_00    891.998  56196.0865168295208    0.00   59.53        1
 guppi_56195_1816+45_00    844.859  56196.0865168025828    0.00   23.39        1
 guppi_56195_1816+45_00    793.615  56196.0865168191109    0.00   18.83        1
 guppi_56195_1816+45_00    745.789  56196.0865168047819    0.00   13.19        1
