FORMAT 1
MODE 1
 GUPPI_1816+45_55629_7122 375.17800000 55629.82540779292224897 2.90000 1 
 GUPPI_1816+45_55629_7122 324.79900000 55629.82540779385154650 1.89000 1 
 GUPPI_1816+45_55629_7122 375.18000000 55629.82744744892314870 3.40000 1 
 GUPPI_1816+45_55629_7122 324.82100000 55629.82744744749254906 1.92000 1 
 GUPPI_1816+45_55631_5453 375.38900000 55631.63220253641014779 3.09000 1 
 GUPPI_1816+45_55631_5453 324.75600000 55631.63220252011994660 2.09000 1 
 GUPPI_1816+45_55631_5453 375.37900000 55631.63424016202444733 3.06000 1 
 GUPPI_1816+45_55631_5453 324.78500000 55631.63424014177104837 2.16000 1 
 GUPPI_1816+45_55632_5720 375.34900000 55632.66473667305374917 2.25000 1 
 GUPPI_1816+45_55632_5720 324.69400000 55632.66473666044924684 1.38000 1 
 GUPPI_1816+45_55632_5720 375.30500000 55632.66991879200094928 2.16000 1 
 GUPPI_1816+45_55632_5720 324.72400000 55632.66991881000904741 1.33000 1 
 GUPPI_1816+45_55634_6583 375.24400000 55634.76283734054754859 3.50000 1 
 GUPPI_1816+45_55634_6583 324.81900000 55634.76283734332404762 2.38000 1 
 GUPPI_1816+45_55634_6583 375.24100000 55634.76452697585714802 4.24000 1 
 GUPPI_1816+45_55634_6583 324.82700000 55634.76452697758594823 2.35000 1 
 GUPPI_1816+45_55646_2630 375.22400000 55646.30501739057864796 2.78000 1 
 GUPPI_1816+45_55646_2630 324.67300000 55646.30501740788124820 2.02000 1 
 GUPPI_1816+45_55646_2630 375.24300000 55646.30688861093944908 2.78000 1 
 GUPPI_1816+45_55646_2630 324.66500000 55646.30688863046784931 1.93000 1 
 GUPPI_1816+45_55646_2638 375.32400000 55646.30622902873574986 3.05000 1 
 GUPPI_1816+45_55646_2638 323.79800000 55646.30622903888244934 2.27000 1 
 GUPPI_1816+45_55646_2638 375.35100000 55646.30797669634444702 2.68000 1 
 GUPPI_1816+45_55646_2638 323.77700000 55646.30797667368804937 2.47000 1 
 GUPPI_1816+45_55647_6485 375.08600000 55647.75239154115214646 2.92000 1 
 GUPPI_1816+45_55647_6485 325.09000000 55647.75239154027284982 1.96000 1 
 GUPPI_1816+45_55647_6485 375.05500000 55647.75582946904744830 3.10000 1 
 GUPPI_1816+45_55647_6485 325.09000000 55647.75582946594694889 2.18000 1 
 GUPPI_1816+45_55652_4944 374.72800000 55652.57292818677244739 4.23000 1 
 GUPPI_1816+45_55652_4944 325.55000000 55652.57292818508694765 2.44000 1 
 GUPPI_1816+45_55652_4944 374.59600000 55652.57323836958444829 3.43000 1 
 GUPPI_1816+45_55652_4944 324.82400000 55652.57323836342594703 2.16000 1 
 GUPPI_1816+45_55652_5168 374.47100000 55652.59876666646994892 4.72000 1 
 GUPPI_1816+45_55652_5168 324.30300000 55652.59876667209314860 3.84000 1 
 GUPPI_1816+45_55652_5168 374.56700000 55652.59982229554274724 4.45000 1 
 GUPPI_1816+45_55652_5168 324.64200000 55652.59982230778664913 3.33000 1 
 GUPPI_1816+45_55657_4930 375.24600000 55657.57156384651854708 3.77000 1 
 GUPPI_1816+45_55657_4930 324.84000000 55657.57156384766944868 2.49000 1 
 GUPPI_1816+45_55657_4930 375.26400000 55657.57325469801504880 3.46000 1 
 GUPPI_1816+45_55657_4930 324.86100000 55657.57325469828544939 2.36000 1 
 GUPPI_1816+45_55658_6462 375.10600000 55658.74887973183864887 3.81000 1 
 GUPPI_1816+45_55658_6462 324.96600000 55658.74887974617104902 2.34000 1 
 GUPPI_1816+45_55658_6462 375.12500000 55658.75056812160414665 4.40000 1 
 GUPPI_1816+45_55658_6462 324.90400000 55658.75056810706724875 2.35000 1 
 GUPPI_1816+45_55681_1041 374.93000000 55681.12315407883804852 2.04000 1 
 GUPPI_1816+45_55681_1041 324.40800000 55681.12315406773834781 1.52000 1 
 GUPPI_1816+45_55681_1041 374.91000000 55681.12833310181204993 1.99000 1 
 GUPPI_1816+45_55681_1041 324.42000000 55681.12833308789194930 1.78000 1 
 GUPPI_1816+45_55692_1639 376.77900000 55692.19059974644884647 8.90000 1 
 GUPPI_1816+45_55692_1639 324.33900000 55692.19059976229804931 6.47000 1 
 GUPPI_1816+45_55692_1639 376.02200000 55692.19228226257804693 6.80000 1 
 GUPPI_1816+45_55692_1639 324.28400000 55692.19228226836294837 4.93000 1 
 GUPPI_1816+45_55848_8571 375.09600000 55848.99258040768454947 7.33000 1 
 GUPPI_1816+45_55848_8571 324.96300000 55848.99258042084454701 4.41000 1 
 GUPPI_1816+45_55848_8571 375.10100000 55848.99362871761574922 7.31000 1 
 GUPPI_1816+45_55848_8571 325.00600000 55848.99362872613234998 4.92000 1 
 GUPPI_1816+45_56026_5139 375.32300000 56026.59570775119444974 9.51000 1 
 GUPPI_1816+45_56026_5139 324.78700000 56026.59570776274644999 6.22000 1 
 GUPPI_1816+45_56026_5139 375.32100000 56026.59745529897524818 10.93000 1 
 GUPPI_1816+45_56026_5139 324.79400000 56026.59745530978464956 5.47000 1 
 GUPPI_1816+45_56046_3414 375.19900000 56046.39611273954294646 6.46000 1 
 GUPPI_1816+45_56046_3414 324.67200000 56046.39611275529324885 4.06000 1 
 GUPPI_1816+45_56046_3414 375.21000000 56046.39780218960404667 6.38000 1 
 GUPPI_1816+45_56046_3414 324.65700000 56046.39780220769424801 4.55000 1 
 GUPPI_1816+45_56159_0787 375.33900000 56159.09205009919604734 4.94000 1 
 GUPPI_1816+45_56159_0787 324.95600000 56159.09205012989894712 3.68000 1 
 GUPPI_1816+45_56159_0787 375.34300000 56159.09379792495194650 5.00000 1 
 GUPPI_1816+45_56159_0787 324.97000000 56159.09379791762554746 3.99000 1 
 GUPPI_1816+45_56256_7316 375.27600000 56256.84766412787444878 5.11000 1 
 GUPPI_1816+45_56256_7316 324.78700000 56256.84766413583384903 3.57000 1 
 GUPPI_1816+45_56256_7316 375.22600000 56256.84941281096744703 5.67000 1 
 GUPPI_1816+45_56256_7316 324.78300000 56256.84941281580894668 3.46000 1 
 GUPPI_1816+45_56401_3435 375.34400000 56401.39942777268834817 3.03000 1 
 GUPPI_1816+45_56401_3435 324.72000000 56401.39942779419374830 2.03000 1 
 GUPPI_1816+45_56401_3435 375.33500000 56401.40286526346234908 2.97000 1 
 GUPPI_1816+45_56401_3435 324.70700000 56401.40286528567324709 2.11000 1 
 GUPPI_1816+45_57666_0704 378.18800000 57666.08333452431074662 17.12000 1 
 GUPPI_1816+45_57666_0704 324.82200000 57666.08333451009814752 6.48000 1 
 GUPPI_1816+45_57666_0704 378.14700000 57666.08678315962894700 16.06000 1 
 GUPPI_1816+45_57666_0704 324.81300000 57666.08678314389704767 7.10000 1 
 GUPPI_1816+45_58357_1338 378.35600000 58357.15583910459934813 8.20000 1 
 GUPPI_1816+45_58357_1338 324.50800000 58357.15583909965444676 5.65000 1 
 GUPPI_1816+45_58357_1338 378.55300000 58357.15758327388844862 7.67000 1 
 GUPPI_1816+45_58357_1338 324.50900000 58357.15758324563084969 5.25000 1 
 GUPPI_1816+45_58382_0577 378.78200000 58382.06766283858594946 9.78000 1 
 GUPPI_1816+45_58382_0577 324.67700000 58382.06766284453404836 3.92000 1 
 GUPPI_1816+45_58382_0577 378.96700000 58382.06941233682354664 8.67000 1 
 GUPPI_1816+45_58382_0577 324.63500000 58382.06941236018904817 4.28000 1 
 GUPPI_GBNCC21740_55508_6 375.09100000 55508.70632917616214996 29.12000 1 
 GUPPI_GBNCC21740_55508_6 324.81200000 55508.70632916765834963 16.84000 1 
 GUPPI_GBNCC21740_55508_6 375.07500000 55508.70697039675124884 35.30000 1 
 GUPPI_GBNCC21740_55508_6 324.80600000 55508.70697038742954987 16.61000 1 
 GUPPI_GBNCC21973_55508_6 375.16200000 55508.70792637934464864 14.21000 1 
 GUPPI_GBNCC21973_55508_6 324.90700000 55508.70792640256974693 6.46000 1 
 GUPPI_GBNCC21973_55508_6 375.17400000 55508.70856756171714963 19.19000 1 
 GUPPI_GBNCC21973_55508_6 324.89300000 55508.70856755050794717 8.94000 1 
 GUPPI_GBNCC22350_55526_5 375.47400000 55526.60534534625204728 11.33000 1 
 GUPPI_GBNCC22350_55526_5 325.04100000 55526.60534534143324947 6.64000 1 
 GUPPI_GBNCC22350_55526_5 375.45500000 55526.60604506252804669 9.97000 1 
 GUPPI_GBNCC22350_55526_5 324.94900000 55526.60604506633174893 7.08000 1 
 GUPPI_J1816+4454_55624_7 375.15000000 55624.84022171381964839 8.13000 1 
 GUPPI_J1816+4454_55624_7 324.85400000 55624.84022170632394833 5.90000 1 
 GUPPI_J1816+4454_55624_7 375.14900000 55624.84196995036314703 8.79000 1 
 GUPPI_J1816+4454_55624_7 324.88000000 55624.84196993989854718 4.75000 1 
 GUPPI_J1816+4454_55625_6 375.18800000 55625.70999035790484655 9.58000 1 
 GUPPI_J1816+4454_55625_6 324.80200000 55625.70999035846034886 5.24000 1 
 GUPPI_J1816+4454_55625_6 375.18900000 55625.71173878125774692 9.77000 1 
 GUPPI_J1816+4454_55625_6 324.82000000 55625.71173877973844668 4.57000 1 
 GUPPI_J1816+4454_55626_5 375.17000000 55626.62484102681714759 6.88000 1 
 GUPPI_J1816+4454_55626_5 324.95400000 55626.62484104716574862 3.50000 1 
 GUPPI_J1816+4454_55626_5 375.18900000 55626.62693759366384683 6.05000 1 
 GUPPI_J1816+4454_55626_5 324.94600000 55626.62693761593404673 3.95000 1 
 guppi_57169_1816+45_0014 379.03600000 57169.95950026749285655 10.27000 1 
 guppi_57169_1816+45_0014 324.81900000 57169.95950027553975659 4.85000 1 
 guppi_57169_1816+45_0014 378.73600000 57169.96115229417715398 10.59000 1 
 guppi_57169_1816+45_0014 324.51100000 57169.96115227817165660 4.90000 1 
 guppi_55913_1816+45_0010 868.21400000 55913.94328943435204593 4.98000 1 -i 820 
 guppi_55913_1816+45_0010 768.61800000 55913.94328941583104609 6.27000 1 -i 820 
 guppi_55913_1816+45_0010 867.85800000 55913.94598897147264438 5.20000 1 -i 820 
 guppi_55913_1816+45_0010 767.26600000 55913.94598896200954385 6.07000 1 -i 820 
 guppi_55946_1816+45_0005 867.36200000 55946.76049567705534571 6.47000 1 -i 820 
 guppi_55946_1816+45_0005 769.29100000 55946.76049564818844573 4.69000 1 -i 820 
 guppi_55946_1816+45_0005 867.64700000 55946.76323360154554365 5.96000 1 -i 820 
 guppi_55946_1816+45_0005 769.20500000 55946.76323357496284316 5.08000 1 -i 820 
 guppi_57079_1816+45_0018 867.16500000 57079.51346122761734492 10.55000 1 -i 820 
 guppi_57079_1816+45_0018 769.21500000 57079.51346119845504390 11.04000 1 -i 820 
 guppi_57079_1816+45_0018 866.32300000 57079.51687952092844469 11.22000 1 -i 820 
 guppi_57079_1816+45_0018 768.53100000 57079.51687952931754566 12.12000 1 -i 820 
 guppi_57100_1816+45_0016 867.65600000 57100.30670986725054306 8.01000 1 -i 820 
 guppi_57100_1816+45_0016 769.18000000 57100.30670984075864283 10.16000 1 -i 820 
 guppi_57100_1816+45_0016 867.31900000 57100.31010146334144295 8.77000 1 -i 820 
 guppi_57100_1816+45_0016 769.23900000 57100.31010143433504567 12.62000 1 -i 820 
 guppi_57130_1816+45_0022 867.66300000 57130.29049648056454558 28.35000 1 -i 820 
 guppi_57130_1816+45_0022 769.18000000 57130.29049645360614562 19.59000 1 -i 820 
 guppi_57130_1816+45_0022 867.66300000 57130.29354369446344464 24.24000 1 -i 820 
 guppi_57130_1816+45_0022 769.18000000 57130.29354366801634413 27.29000 1 -i 820 
 guppi_57163_1816+45_0015 867.65600000 57163.21074308622544535 5.71000 1 -i 820 
 guppi_57163_1816+45_0015 767.58900000 57163.21074307310784590 5.68000 1 -i 820 
 guppi_57163_1816+45_0015 867.65600000 57163.21379775203624618 6.56000 1 -i 820 
 guppi_57163_1816+45_0015 767.20600000 57163.21379774217354353 5.40000 1 -i 820 
 guppi_57193_1816+45_0015 866.41400000 57193.18659708797984464 4.85000 1 -i 820 
 guppi_57193_1816+45_0015 767.58900000 57193.18659710492724457 4.93000 1 -i 820 
 guppi_57193_1816+45_0015 866.27700000 57193.19176041109544428 4.56000 1 -i 820 
 guppi_57193_1816+45_0015 767.58900000 57193.19176042724114595 5.18000 1 -i 820 
 guppi_57222_1816+45_0016 867.65500000 57222.99591072461504382 5.75000 1 -i 820 
 guppi_57222_1816+45_0016 767.58900000 57222.99591071132124398 5.60000 1 -i 820 
 guppi_57222_1816+45_0016 867.57300000 57223.00114849758624302 5.47000 1 -i 820 
 guppi_57222_1816+45_0016 767.58900000 57223.00114848372974308 4.84000 1 -i 820 
 guppi_57248_1816+45_0015 867.61400000 57248.96493968161884425 2.38000 1 -i 820 
 guppi_57248_1816+45_0015 767.58900000 57248.96493966810604448 2.55000 1 -i 820 
 guppi_57248_1816+45_0015 867.43300000 57248.97009543795414288 2.63000 1 -i 820 
 guppi_57248_1816+45_0015 767.61000000 57248.97009542318244613 3.23000 1 -i 820 
 guppi_57278_1816+45_0015 867.56600000 57278.82101479703864300 6.72000 1 -i 820 
 guppi_57278_1816+45_0015 769.17500000 57278.82101477030044379 5.29000 1 -i 820 
 guppi_57278_1816+45_0015 867.45500000 57278.82617373137414418 4.96000 1 -i 820 
 guppi_57278_1816+45_0015 769.07700000 57278.82617370469624518 6.13000 1 -i 820 
 guppi_57307_1816+45_0015 869.22700000 57307.74745454577064407 3.03000 1 -i 820 
 guppi_57307_1816+45_0015 769.25700000 57307.74745452774064347 2.66000 1 -i 820 
 guppi_57307_1816+45_0015 869.85800000 57307.75258893005664618 3.34000 1 -i 820 
 guppi_57307_1816+45_0015 769.24000000 57307.75258891579704468 2.26000 1 -i 820 
 guppi_57340_1816+45_0015 867.58300000 57340.66688198742734528 2.99000 1 -i 820 
 guppi_57340_1816+45_0015 768.43700000 57340.66688196669994326 2.81000 1 -i 820 
 guppi_57340_1816+45_0015 867.37500000 57340.67204704511834379 2.97000 1 -i 820 
 guppi_57340_1816+45_0015 768.41700000 57340.67204702340374567 3.13000 1 -i 820 
 guppi_57369_1816+45_0015 867.62400000 57369.63495151864524502 5.46000 1 -i 820 
 guppi_57369_1816+45_0015 767.58900000 57369.63495150559494462 8.81000 1 -i 820 
 guppi_57369_1816+45_0015 867.79200000 57369.64011365516554619 5.49000 1 -i 820 
 guppi_57369_1816+45_0015 767.62900000 57369.64011364254794501 7.11000 1 -i 820 
 guppi_57399_1816+45_0015 867.54100000 57399.61406821812234469 5.18000 1 -i 820 
 guppi_57399_1816+45_0015 767.12500000 57399.61406820817034458 4.26000 1 -i 820 
 guppi_57399_1816+45_0015 867.35300000 57399.61923450930364510 5.41000 1 -i 820 
 guppi_57399_1816+45_0015 767.00900000 57399.61923449916044504 4.36000 1 -i 820 
 guppi_55996_1816+45_0009 866.03600000 55996.51652494490173595 6.92000 1 -i 820 
 guppi_55996_1816+45_0009 769.44100000 55996.51652494424813611 4.52000 1 -i 820 
 guppi_55996_1816+45_0009 865.76200000 55996.51990793226493537 7.95000 1 -i 820 
 guppi_55996_1816+45_0009 769.43400000 55996.51990793008093661 4.95000 1 -i 820 
 guppi_56128_1816+45_0004 863.75000000 56128.26714903784343846 13.10000 1 -i 820 
 guppi_56128_1816+45_0004 769.23000000 56128.26714902561673881 9.95000 1 -i 820 
 guppi_56128_1816+45_0004 864.75800000 56128.27053017944793822 14.46000 1 -i 820 
 guppi_56128_1816+45_0004 769.15900000 56128.27053017340493568 10.67000 1 -i 820 
 GUPPI_J1816+45_56332_606 867.26600000 56332.70269431827673756 5.89000 1 -i 820 
 GUPPI_J1816+45_56332_606 769.73500000 56332.70269432208193550 4.55000 1 -i 820 
 GUPPI_J1816+45_56332_606 867.19000000 56332.70438483709733646 5.44000 1 -i 820 
 GUPPI_J1816+45_56332_606 769.69700000 56332.70438484084073849 4.84000 1 -i 820 
 GUPPI_J1816+45_56348_667 866.43700000 56348.77367591028423632 17.11000 1 -i 820 
 GUPPI_J1816+45_56348_667 769.46800000 56348.77367587500143742 10.21000 1 -i 820 
 GUPPI_J1816+45_56348_667 866.14400000 56348.77536640219983610 11.33000 1 -i 820 
 GUPPI_J1816+45_56348_667 769.46300000 56348.77536640201923746 9.94000 1 -i 820 
 GUPPI_J1816+45_56365_639 864.89200000 56365.74064271868903830 13.44000 1 -i 820 
 GUPPI_J1816+45_56365_639 769.66500000 56365.74064274655113849 8.47000 1 -i 820 
 GUPPI_J1816+45_56365_639 865.03300000 56365.74233214655573576 15.51000 1 -i 820 
 GUPPI_J1816+45_56365_639 769.63000000 56365.74233213844933843 9.07000 1 -i 820 
 GUPPI_J1816+45_56389_523 866.05700000 56389.60662726291503688 9.45000 1 -i 820 
 GUPPI_J1816+45_56389_523 768.64000000 56389.60662726935053612 10.18000 1 -i 820 
 GUPPI_J1816+45_56389_523 865.80400000 56389.60831474981133837 10.66000 1 -i 820 
 GUPPI_J1816+45_56389_523 768.62200000 56389.60831475452443584 11.92000 1 -i 820 
 GUPPI_J1816+45_56406_500 865.99500000 56406.57990285760553562 14.64000 1 -i 820 
 GUPPI_J1816+45_56406_500 768.69800000 56406.57990286268433877 13.76000 1 -i 820 
 GUPPI_J1816+45_56406_500 866.03900000 56406.58159208505073678 24.84000 1 -i 820 
 GUPPI_J1816+45_56406_500 768.71300000 56406.58159209009763657 13.98000 1 -i 820 
 GUPPI_J1816+45_56426_462 864.62700000 56426.53636360239093861 18.14000 1 -i 820 
 GUPPI_J1816+45_56426_462 770.24200000 56426.53636362408443716 9.57000 1 -i 820 
 GUPPI_J1816+45_56426_462 865.38100000 56426.53805059278973744 19.39000 1 -i 820 
 GUPPI_J1816+45_56426_462 770.20200000 56426.53805061922883723 10.31000 1 -i 820 
 GUPPI_J1816+45_56451_388 864.37200000 56451.45101657303653653 14.59000 1 -i 820 
 GUPPI_J1816+45_56451_388 768.73300000 56451.45101656867073814 12.99000 1 -i 820 
 GUPPI_J1816+45_56451_388 864.58900000 56451.45270406497763815 18.92000 1 -i 820 
 GUPPI_J1816+45_56451_388 768.89300000 56451.45270406032753741 14.83000 1 -i 820 
 GUPPI_J1816+45_56472_323 864.58600000 56472.37548881600953621 5.09000 1 -i 820 
 GUPPI_J1816+45_56472_323 769.97900000 56472.37548883925723686 4.77000 1 -i 820 
 GUPPI_J1816+45_56472_323 864.56300000 56472.37718148971573839 5.39000 1 -i 820 
 GUPPI_J1816+45_56472_323 769.78700000 56472.37718151453023552 5.38000 1 -i 820 
 GUPPI_J1816+45_56494_328 866.67800000 56494.38116506779193671 26.74000 1 -i 820 
 GUPPI_J1816+45_56494_328 767.99200000 56494.38116504538803753 19.31000 1 -i 820 
 GUPPI_J1816+45_56494_328 866.71900000 56494.38285405583853560 16.55000 1 -i 820 
 GUPPI_J1816+45_56494_328 767.94300000 56494.38285403470583645 14.28000 1 -i 820 
 GUPPI_J1816+45_56520_179 865.32900000 56520.20828326890093862 16.14000 1 -i 820 
 GUPPI_J1816+45_56520_179 769.65600000 56520.20828329886203534 15.76000 1 -i 820 
 GUPPI_J1816+45_56520_179 865.58900000 56520.20962321072343570 15.13000 1 -i 820 
 GUPPI_J1816+45_56520_179 769.16100000 56520.20962320966413728 11.14000 1 -i 820 
 GUPPI_J1816+45_56551_141 865.24100000 56551.16435706077743717 14.35000 1 -i 820 
 GUPPI_J1816+45_56551_141 769.14200000 56551.16435705833233882 11.93000 1 -i 820 
 GUPPI_J1816+45_56551_141 865.26800000 56551.16569864484733543 15.05000 1 -i 820 
 GUPPI_J1816+45_56551_141 769.16300000 56551.16569864222603670 13.14000 1 -i 820 
 GUPPI_J1816+45_56586_118 865.10300000 56586.13741340523983681 29.22000 1 -i 820 
 GUPPI_J1816+45_56586_118 768.76100000 56586.13741340456133599 19.13000 1 -i 820 
 GUPPI_J1816+45_56586_118 865.02400000 56586.13875514354203844 20.88000 1 -i 820 
 GUPPI_J1816+45_56586_118 768.94300000 56586.13875514085993856 24.21000 1 -i 820 
 GUPPI_J1816+45_56608_033 864.99600000 56608.03994902092103558 16.97000 1 -i 820 
 GUPPI_J1816+45_56608_033 768.63200000 56608.03994902102683540 41.79000 1 -i 820 
 GUPPI_J1816+45_56608_033 865.00800000 56608.04129027249293671 21.14000 1 -i 820 
 GUPPI_J1816+45_56608_033 768.68700000 56608.04129027159433818 18.14000 1 -i 820 
 GUPPI_J1816+45_56637_809 865.48800000 56637.93769242559333676 23.08000 1 -i 820 
 GUPPI_J1816+45_56637_809 768.64100000 56637.93769242790193630 14.53000 1 -i 820 
 GUPPI_J1816+45_56637_809 864.94000000 56637.93903235143193697 21.04000 1 -i 820 
 GUPPI_J1816+45_56637_809 768.68200000 56637.93903235072293612 15.59000 1 -i 820 
 GUPPI_J1816+45_56670_751 865.57500000 56670.87035513319783675 21.42000 1 -i 820 
 GUPPI_J1816+45_56670_751 768.48000000 56670.87035513794063846 23.52000 1 -i 820 
 GUPPI_J1816+45_56670_751 865.44000000 56670.87169328109843747 27.03000 1 -i 820 
 GUPPI_J1816+45_56670_751 768.45100000 56670.87169328549443748 18.52000 1 -i 820 
 guppi_56178_1816+45_0004 1478.26400000 56178.80865247615379943 28.24000 1 
 guppi_56178_1816+45_0004 1483.56000000 56178.81028314278259828 38.33000 1 
 guppi_56178_1816+45_0004 1480.57900000 56178.81191452704149825 59.31000 1 
C guppi_56178_1816+45_0004 1481.23000000 56178.81354795112419964 38.03000 1 
 guppi_56178_1816+45_0004 1478.25500000 56178.81518632509569855 32.41000 1 
 guppi_56178_1816+45_0004 1486.28500000 56178.81680067597709893 18.71000 1 
C guppi_56178_1816+45_0009 1478.30000000 56178.84165356868879826 38.17000 1 
 guppi_56178_1816+45_0009 1477.87600000 56178.84421827444889885 28.41000 1 
 guppi_56178_1816+45_0009 1478.77300000 56178.84677798688559847 22.41000 1 
 guppi_56178_1816+45_0009 1478.09400000 56178.84935475182500042 24.90000 1 
 guppi_56178_1816+45_0009 1478.66800000 56178.85191378717189892 38.99000 1 
 guppi_56178_1816+45_0009 1479.13100000 56178.85448081817909838 19.04000 1 
 guppi_56178_1816+45_0009 1479.08400000 56178.85704956164829937 38.00000 1 
C guppi_56178_1816+45_0009 1479.08000000 56178.85961005540880109 51.11000 1 
 guppi_56178_1816+45_0009 1479.53900000 56178.86217820977530124 20.38000 1 
 guppi_56178_1816+45_0009 1479.70000000 56178.86474369708509968 26.99000 1 
 guppi_56178_1816+45_0009 1478.39100000 56178.86731436897790104 40.36000 1 
 guppi_56178_1816+45_0009 1479.55500000 56178.86987566138969896 16.80000 1 
 guppi_56178_1816+45_0009 1476.74900000 56178.87243996087340037 27.48000 1 
 guppi_56178_1816+45_0009 1478.50300000 56178.87500810835879861 33.19000 1 
 guppi_56178_1816+45_0009 1480.43400000 56178.87757522897329920 17.90000 1 
 guppi_56178_1816+45_0009 1478.60700000 56178.88013326891789845 21.80000 1 
 guppi_56178_1816+45_0009 1479.50700000 56178.88270273422200063 32.27000 1 
 guppi_56178_1816+45_0009 1478.81900000 56178.88526618407919955 29.23000 1 
 guppi_56178_1816+45_0009 1479.13700000 56178.88783813980689885 23.92000 1 
 guppi_56178_1816+45_0009 1479.19000000 56178.89039905002439923 32.25000 1 
 guppi_56178_1816+45_0009 1478.72000000 56178.89297386435039883 29.26000 1 
C guppi_56178_1816+45_0009 1479.14400000 56178.89553337255350129 38.24000 1 
 guppi_56178_1816+45_0009 1480.25300000 56178.89809677956770173 33.70000 1 
 guppi_56178_1816+45_0009 1479.14800000 56178.90066691174629909 24.95000 1 
 guppi_56178_1816+45_0009 1480.36500000 56178.90323272051159975 21.01000 1 
 guppi_56178_1816+45_0009 1479.94500000 56178.90580263630059932 54.51000 1 
 guppi_56178_1816+45_0009 1487.83000000 56178.90793985636599928 35.82000 1 
C guppi_56178_1816+45_0011 1478.47200000 56178.91446025031600087 42.90000 1 
 guppi_56178_1816+45_0011 1479.50300000 56178.91726009180199952 37.35000 1 
 guppi_56178_1816+45_0011 1478.95400000 56178.92006657198900044 29.52000 1 
 guppi_56178_1816+45_0011 1477.38800000 56178.92285978088860077 32.54000 1 
 guppi_56178_1816+45_0011 1478.62300000 56178.92566026567400073 45.50000 1 
 guppi_56178_1816+45_0011 1479.08300000 56178.92845974977189982 25.11000 1 
 guppi_56178_1816+45_0011 1478.85700000 56178.93125882266379989 20.07000 1 
 guppi_56178_1816+45_0011 1475.35600000 56178.93406292300279858 17.38000 1 
 guppi_56178_1816+45_0011 1478.58100000 56178.93685359067350049 24.90000 1 
 guppi_56178_1816+45_0011 1477.95200000 56178.93965930059039948 17.82000 1 
 guppi_56178_1816+45_0011 1477.62300000 56178.94246123377610047 24.17000 1 
 guppi_56178_1816+45_0011 1477.99500000 56178.94526104880910111 23.32000 1 
C guppi_56178_1816+45_0011 1478.37100000 56178.94805533882500015 35.24000 1 
 guppi_56178_1816+45_0011 1477.80500000 56178.95085625695309872 27.23000 1 
 guppi_56178_1816+45_0011 1477.40100000 56178.95365194281210108 46.40000 1 
 guppi_56178_1816+45_0011 1477.99900000 56178.95645050059179937 19.15000 1 
 guppi_56178_1816+45_0011 1477.55700000 56178.95925244834630163 36.62000 1 
 guppi_56178_1816+45_0011 1478.40500000 56178.96205338480070068 28.14000 1 
C guppi_56178_1816+45_0011 1479.66400000 56178.96485053034509960 30.84000 1 
 guppi_56178_1816+45_0011 1478.21200000 56178.96764631424100145 53.48000 1 
 guppi_56178_1816+45_0011 1477.76900000 56178.97044802751910098 32.06000 1 
 guppi_56178_1816+45_0011 1478.29100000 56178.97324521506779860 35.55000 1 
 guppi_56178_1816+45_0011 1478.35100000 56178.97604745459570097 33.85000 1 
 guppi_56178_1816+45_0011 1478.39500000 56178.97883563359879844 21.30000 1 
 guppi_56178_1816+45_0011 1478.15300000 56178.98166471297220070 24.53000 1 
 guppi_56178_1816+45_0011 1480.36400000 56178.98444313981620013 49.85000 1 
 guppi_56178_1816+45_0011 1480.33100000 56178.98724498550199868 36.47000 1 
 guppi_56178_1816+45_0011 1478.70000000 56178.99003636035029885 28.78000 1 
 guppi_56178_1816+45_0011 1479.92500000 56178.99284120044929836 23.04000 1 
C guppi_56178_1816+45_0011 1478.25300000 56178.99563289161330104 34.66000 1 
C guppi_56178_1816+45_0011 1478.34000000 56178.99844107848790031 42.02000 1 
C guppi_56178_1816+45_0011 1478.99700000 56179.00123339181480020 37.20000 1 
C guppi_56178_1816+45_0011 1478.28300000 56179.00404309413839954 33.96000 1 
C guppi_56178_1816+45_0011 1480.15700000 56179.00683349447550086 43.69000 1 
C guppi_56178_1816+45_0011 1479.16000000 56179.00963320749509933 27.35000 1 
C guppi_56178_1816+45_0011 1480.26900000 56179.01242084958660072 52.47000 1 
C guppi_56178_1816+45_0011 1485.06000000 56179.01523830853929908 43.83000 1 
C guppi_56178_1816+45_0011 1477.77200000 56179.01803471398190126 32.94000 1 
C guppi_56178_1816+45_0011 1476.47900000 56179.02082999534910002 41.91000 1 
C guppi_56178_1816+45_0011 1478.02800000 56179.02362130010299879 46.48000 1 
 guppi_56178_1816+45_0011 1478.05800000 56179.02642527052379862 27.61000 1 
 guppi_56178_1816+45_0011 1478.70300000 56179.02922824527760071 34.07000 1 
C guppi_56178_1816+45_0011 1478.01000000 56179.03202211676689970 77.96000 1 
 guppi_56178_1816+45_0011 1478.29200000 56179.03482302514850133 43.80000 1 
 guppi_56178_1816+45_0011 1477.05600000 56179.03762189240340064 34.26000 1 
 guppi_56178_1816+45_0011 1477.26600000 56179.04041852678129843 38.09000 1 
 guppi_56178_1816+45_0011 1475.50700000 56179.04323462763050046 29.48000 1 
 guppi_56178_1816+45_0011 1475.22800000 56179.04600588606820111 27.50000 1 
 guppi_56178_1816+45_0011 1476.84700000 56179.04883016139470087 29.38000 1 
 guppi_56178_1816+45_0011 1476.66700000 56179.05161858186979984 49.34000 1 
 guppi_56178_1816+45_0011 1477.26700000 56179.05441718908300075 28.05000 1 
 guppi_56178_1816+45_0011 1476.85100000 56179.05722960939689870 39.17000 1 
 guppi_56178_1816+45_0011 1476.37400000 56179.06002110284210005 26.55000 1 
 guppi_56178_1816+45_0011 1477.39000000 56179.06282030953200035 30.69000 1 
 guppi_56178_1816+45_0011 1476.58000000 56179.06562132071060134 27.98000 1 
 guppi_56178_1816+45_0011 1476.55800000 56179.06841803790900158 42.23000 1 
 guppi_56178_1816+45_0011 1476.04700000 56179.07120979543680050 23.78000 1 
 guppi_56178_1816+45_0011 1476.62000000 56179.07401780705820116 33.68000 1 
 guppi_56178_1816+45_0011 1476.07300000 56179.07680848173560051 19.48000 1 
 guppi_56178_1816+45_0011 1477.45600000 56179.07961637036730096 33.82000 1 
 guppi_56178_1816+45_0011 1475.73800000 56179.08240914528759902 34.09000 1 
 guppi_56178_1816+45_0011 1478.18100000 56179.08521008004580111 35.09000 1 
 guppi_56178_1816+45_0011 1479.21600000 56179.08800864712720013 19.77000 1 
C guppi_56178_1816+45_0011 1477.95800000 56179.09081125823340130 28.84000 1 
 guppi_56178_1816+45_0011 1477.38600000 56179.09360445330529998 27.80000 1 
C guppi_56178_1816+45_0011 1477.25300000 56179.09641393894660055 62.08000 1 
 guppi_56178_1816+45_0011 1478.19600000 56179.09921278510919862 28.40000 1 
 guppi_56178_1816+45_0011 1477.34500000 56179.10199982609890057 38.53000 1 
 guppi_56178_1816+45_0011 1477.47600000 56179.10480645583340120 38.19000 1 
 guppi_56178_1816+45_0011 1477.93300000 56179.10760255437250166 35.36000 1 
 guppi_56178_1816+45_0011 1478.10900000 56179.11040649284300130 49.08000 1 
 guppi_56178_1816+45_0011 1477.53500000 56179.11320441311379881 33.20000 1 
 guppi_56178_1816+45_0011 1478.57100000 56179.11600370500439894 31.22000 1 
 guppi_56178_1816+45_0011 1478.16400000 56179.11879228743460146 34.03000 1 
C guppi_56178_1816+45_0011 1477.20500000 56179.12160500755609860 56.97000 1 
 guppi_56178_1816+45_0011 1477.98200000 56179.12440288058819959 24.74000 1 
 guppi_56178_1816+45_0011 1479.12700000 56179.12719026634130159 51.95000 1 
C guppi_56178_1816+45_0011 1481.55400000 56179.13000041170500154 26.12000 1 
 guppi_56178_1816+45_0011 1482.41400000 56179.13279658412680106 32.11000 1 
 guppi_56178_1816+45_0011 1481.99800000 56179.13559833868529836 52.17000 1 
 guppi_56178_1816+45_0011 1482.76400000 56179.13838890538189830 32.07000 1 
C guppi_56178_1816+45_0011 1481.68900000 56179.14119417745349949 38.63000 1 
C guppi_56178_1816+45_0011 1480.08000000 56179.14399252491610071 45.40000 1 
 guppi_56178_1816+45_0011 1478.65800000 56179.14679342740809886 55.10000 1 
 guppi_56178_1816+45_0011 1477.59400000 56179.14958541193740160 31.15000 1 
C guppi_56178_1816+45_0011 1474.29000000 56179.15237960982269882 50.16000 1 
 guppi_56178_1816+45_0011 1476.50200000 56179.15519048898699950 31.25000 1 
C guppi_56178_1816+45_0011 1479.15500000 56179.15799493784099994 76.08000 1 
 guppi_56178_1816+45_0011 1480.28800000 56179.16079151635549849 36.29000 1 
 guppi_56178_1816+45_0011 1477.93000000 56179.16358010200699979 39.62000 1 
 guppi_56178_1816+45_0011 1476.94500000 56179.16638950746289893 56.42000 1 
 guppi_56178_1816+45_0011 1474.44800000 56179.16918300174059908 31.19000 1 
C guppi_56178_1816+45_0011 1476.93600000 56179.17198333240170172 54.42000 1 
 guppi_56178_1816+45_0011 1475.27500000 56179.17478089657720020 37.97000 1 
 guppi_56178_1816+45_0011 1476.17800000 56179.17758788844150075 58.61000 1 
C guppi_56178_1816+45_0011 1474.31300000 56179.18037181428589832 51.39000 1 
 guppi_56178_1816+45_0011 1476.98600000 56179.18318710191600118 44.29000 1 
 guppi_56178_1816+45_0011 1476.34200000 56179.18596945538369880 30.90000 1 
 guppi_56178_1816+45_0011 1477.24000000 56179.18878944747550008 29.24000 1 
C guppi_56178_1816+45_0011 1477.45600000 56179.19157698585329896 51.81000 1 
C guppi_56178_1816+45_0011 1475.43600000 56179.19437754991340128 37.59000 1 
 guppi_56178_1816+45_0011 1477.80800000 56179.19717738206630031 38.55000 1 
C guppi_56178_1816+45_0011 1479.31500000 56179.19997159402630160 32.79000 1 
 guppi_56178_1816+45_0011 1478.12800000 56179.20277268265369841 37.71000 1 
 guppi_56178_1816+45_0011 1477.80800000 56179.20487079442570177 35.91000 1 
 guppi_56195_1816+45_00 816.43900000 56195.71221864446760108 16.14000 1 
 guppi_56195_1816+45_00 817.08100000 56195.71282953135640170 12.68000 1 
 guppi_56195_1816+45_00 818.02900000 56195.71343649927850095 19.14000 1 
 guppi_56195_1816+45_00 817.75400000 56195.71404676524349853 14.20000 1 
 guppi_56195_1816+45_00 816.75400000 56195.71465396853029972 15.55000 1 
 guppi_56195_1816+45_00 817.23400000 56195.71526382322269910 14.66000 1 
 guppi_56195_1816+45_00 816.75700000 56195.71587224311319986 15.89000 1 
 guppi_56195_1816+45_00 817.23400000 56195.71648272661199996 12.77000 1 
 guppi_56195_1816+45_00 817.75800000 56195.71709154689959931 15.64000 1 
 guppi_56195_1816+45_00 818.16400000 56195.71770243774929909 21.73000 1 
 guppi_56195_1816+45_00 817.59500000 56195.71831126613950147 16.11000 1 
 guppi_56195_1816+45_00 817.77800000 56195.71891927650329990 15.51000 1 
 guppi_56195_1816+45_00 817.72500000 56195.71952828642260158 14.48000 1 
 guppi_56195_1816+45_00 816.45200000 56195.72013431245520110 12.70000 1 
 guppi_56195_1816+45_00 817.54900000 56195.72074763937180109 16.48000 1 
 guppi_56195_1816+45_00 816.73700000 56195.72135772711229862 16.78000 1 
 guppi_56195_1816+45_00 816.96100000 56195.72196485217629913 14.25000 1 
 guppi_56195_1816+45_00 816.06800000 56195.72257146788049909 18.56000 1 
 guppi_56195_1816+45_00 817.22600000 56195.72318586742920132 13.39000 1 
 guppi_56195_1816+45_00 816.39400000 56195.72379300030970128 13.82000 1 
 guppi_56195_1816+45_00 817.09700000 56195.72440285805269866 13.11000 1 
 guppi_56195_1816+45_00 817.55300000 56195.72501149880969962 15.57000 1 
 guppi_56195_1816+45_00 814.92700000 56195.72562156487670038 14.89000 1 
 guppi_56195_1816+45_00 814.32500000 56195.72623146971509911 19.15000 1 
 guppi_56195_1816+45_00 814.69800000 56195.72684007496869896 17.36000 1 
 guppi_56195_1816+45_00 814.93600000 56195.72744953118759881 13.92000 1 
 guppi_56195_1816+45_00 814.93600000 56195.72805876826069849 17.74000 1 
 guppi_56195_1816+45_00 814.06600000 56195.72866734629119989 14.15000 1 
 guppi_56195_1816+45_00 813.67800000 56195.72927725131210153 16.64000 1 
 guppi_56195_1816+45_00 814.84200000 56195.72988877275570019 14.30000 1 
 guppi_56195_1816+45_00 817.06300000 56195.73049470698880015 13.74000 1 
 guppi_56195_1816+45_00 816.47600000 56195.73110376530030052 15.42000 1 
 guppi_56195_1816+45_00 817.44900000 56195.73171259202059957 14.94000 1 
 guppi_56195_1816+45_00 816.71200000 56195.73232372140629920 11.67000 1 
 guppi_56195_1816+45_00 816.46400000 56195.73293022840089961 16.02000 1 
 guppi_56195_1816+45_00 817.27600000 56195.73354242037559914 19.29000 1 
 guppi_56195_1816+45_00 816.00700000 56195.73414974860159887 14.03000 1 
 guppi_56195_1816+45_00 816.85700000 56195.73476027819269873 17.04000 1 
 guppi_56195_1816+45_00 816.27300000 56195.73536993082939972 14.47000 1 
 guppi_56195_1816+45_00 816.52500000 56195.73598046538069894 12.65000 1 
 guppi_56195_1816+45_00 816.22800000 56195.73658845430589892 14.45000 1 
 guppi_56195_1816+45_00 816.63800000 56195.73719529305679998 14.84000 1 
 guppi_56195_1816+45_00 817.61600000 56195.73780878048760101 14.39000 1 
 guppi_56195_1816+45_00 817.91600000 56195.73841780170199911 21.27000 1 
 guppi_56195_1816+45_00 818.04300000 56195.73902493995759855 14.89000 1 
 guppi_56195_1816+45_00 817.72000000 56195.73963400313170169 13.17000 1 
 guppi_56195_1816+45_00 817.08400000 56195.74024428879529935 11.71000 1 
 guppi_56195_1816+45_00 817.56000000 56195.74085249776230100 9.57000 1 
 guppi_56195_1816+45_00 817.41100000 56195.74146359424749875 14.66000 1 
 guppi_56195_1816+45_00 817.88200000 56195.74207158283419972 13.44000 1 
 guppi_56195_1816+45_00 817.88200000 56195.74268079437300116 16.96000 1 
 guppi_56195_1816+45_00 815.46300000 56195.74329135371300126 13.35000 1 
 guppi_56195_1816+45_00 815.95600000 56195.74389805009879950 13.01000 1 
 guppi_56195_1816+45_00 816.95100000 56195.74450773768269940 14.22000 1 
 guppi_56195_1816+45_00 817.39500000 56195.74511739214980111 12.73000 1 
 guppi_56195_1816+45_00 817.18200000 56195.74572498231410123 12.23000 1 
 guppi_56195_1816+45_00 816.76200000 56195.74633586353759895 12.37000 1 
 guppi_56195_1816+45_00 816.27500000 56195.74694345686090102 12.24000 1 
 guppi_56195_1816+45_00 816.44100000 56195.74755518497050133 16.41000 1 
 guppi_56195_1816+45_00 816.42000000 56195.74816358919029824 14.65000 1 
 guppi_56195_1816+45_00 816.10000000 56195.74877243966890106 12.24000 1 
 guppi_56195_1816+45_00 816.42000000 56195.74938209920779997 13.95000 1 
 guppi_56195_1816+45_00 816.11000000 56195.74998962052200113 17.25000 1 
 guppi_56195_1816+45_00 815.45200000 56195.75060180120280151 13.03000 1 
 guppi_56195_1816+45_00 815.71100000 56195.75120895016420164 14.18000 1 
 guppi_56195_1816+45_00 817.08600000 56195.75181941792990159 12.77000 1 
 guppi_56195_1816+45_00 817.36400000 56195.75242701148090063 15.11000 1 
 guppi_56195_1816+45_00 817.29200000 56195.75303604947560032 12.44000 1 
 guppi_56195_1816+45_00 816.43100000 56195.75364550010460007 13.48000 1 
 guppi_56195_1816+45_00 816.70000000 56195.75425512844120135 16.29000 1 
 guppi_56195_1816+45_00 818.11800000 56195.75486482359999840 16.03000 1 
 guppi_56195_1816+45_00 818.18400000 56195.75547633910790069 10.92000 1 
 guppi_56195_1816+45_00 817.07300000 56195.75608390914290169 12.85000 1 
 guppi_56195_1816+45_00 817.72000000 56195.75669316805869968 16.92000 1 
 guppi_56195_1816+45_00 816.60000000 56195.75730114591090114 12.70000 1 
 guppi_56195_1816+45_00 816.91900000 56195.75791040865179937 10.32000 1 
 guppi_56195_1816+45_00 816.10800000 56195.75852027058940052 12.57000 1 
 guppi_56195_1816+45_00 816.10000000 56195.75913075612880121 12.99000 1 
 guppi_56195_1816+45_00 816.43300000 56195.75973998340939985 14.03000 1 
 guppi_56195_1816+45_00 815.78800000 56195.76035006862969823 11.87000 1 
 guppi_56195_1816+45_00 817.07800000 56195.76095825592129884 14.11000 1 
 guppi_56195_1816+45_00 816.27200000 56195.76156690175299957 17.63000 1 
 guppi_56195_1816+45_00 816.43600000 56195.76217631817220166 16.36000 1 
 guppi_56195_1816+45_00 816.71100000 56195.76278303643729828 10.96000 1 
 guppi_56195_1816+45_00 818.17900000 56195.76339458884010014 16.26000 1 
 guppi_56195_1816+45_00 817.69900000 56195.76400408539770126 13.70000 1 
 guppi_56195_1816+45_00 817.35800000 56195.76461520804690153 13.25000 1 
 guppi_56195_1816+45_00 816.11700000 56195.76522190261459855 14.86000 1 
 guppi_56195_1816+45_00 816.76500000 56195.76583265013449875 12.78000 1 
 guppi_56195_1816+45_00 816.71000000 56195.76644037255490005 12.70000 1 
 guppi_56195_1816+45_00 816.25100000 56195.76704817290800165 12.05000 1 
 guppi_56195_1816+45_00 818.06800000 56195.76766013479860007 14.05000 1 
 guppi_56195_1816+45_00 818.02800000 56195.76826686157640012 13.92000 1 
 guppi_56195_1816+45_00 817.58300000 56195.76887798973540100 17.47000 1 
 guppi_56195_1816+45_00 817.53400000 56195.76948682508770005 14.64000 1 
 guppi_56195_1816+45_00 817.64100000 56195.77009562261550002 14.47000 1 
 guppi_56195_1816+45_00 817.19400000 56195.77070594067789955 12.14000 1 
 guppi_56195_1816+45_00 817.05700000 56195.77131562833659828 13.66000 1 
 guppi_56195_1816+45_00 816.58400000 56195.77192657618180149 15.64000 1 
 guppi_56195_1816+45_00 817.22400000 56195.77253371027110163 11.89000 1 
 guppi_56195_1816+45_00 816.78200000 56195.77314295908789887 17.22000 1 
 guppi_56195_1816+45_00 816.66900000 56195.77375198450310023 15.90000 1 
 guppi_56195_1816+45_00 814.38500000 56195.77417823319959922 29.73000 1 
 guppi_56195_1816+45_00 815.55700000 56195.77460323874910131 11.58000 1 
 guppi_56195_1816+45_00 816.18900000 56195.77521266744389905 11.70000 1 
 guppi_56195_1816+45_00 817.04700000 56195.77582361119790022 15.18000 1 
 guppi_56195_1816+45_00 817.41300000 56195.77643245170810005 17.71000 1 
 guppi_56195_1816+45_00 817.25200000 56195.77704229488130139 14.29000 1 
 guppi_56195_1816+45_00 817.21900000 56195.77764921828280009 12.47000 1 
 guppi_56195_1816+45_00 816.15800000 56195.77825906909210119 12.73000 1 
 guppi_56195_1816+45_00 816.23800000 56195.77886917158710034 11.15000 1 
 guppi_56195_1816+45_00 816.01300000 56195.77947824218090034 11.29000 1 
 guppi_56195_1816+45_00 816.39900000 56195.78008723538589919 11.55000 1 
 guppi_56195_1816+45_00 816.13900000 56195.78069756418570080 10.41000 1 
 guppi_56195_1816+45_00 816.03100000 56195.78130656258580089 12.54000 1 
 guppi_56195_1816+45_00 816.00500000 56195.78191389766400121 10.15000 1 
 guppi_56195_1816+45_00 816.22600000 56195.78252485372249936 11.02000 1 
 guppi_56195_1816+45_00 816.23300000 56195.78313407530989920 14.41000 1 
 guppi_56195_1816+45_00 816.27900000 56195.78374377753529956 11.55000 1 
 guppi_56195_1816+45_00 816.46700000 56195.78435451486409846 14.32000 1 
 guppi_56195_1816+45_00 816.18000000 56195.78496266873050047 15.51000 1 
 guppi_56195_1816+45_00 816.21700000 56195.78557041489609958 14.31000 1 
 guppi_56195_1816+45_00 816.24000000 56195.78618030522969917 12.45000 1 
 guppi_56195_1816+45_00 815.44500000 56195.78678998034819969 13.18000 1 
 guppi_56195_1816+45_00 815.21400000 56195.78739880203649903 13.56000 1 
 guppi_56195_1816+45_00 815.62500000 56195.78800695529340103 18.37000 1 
 guppi_56195_1816+45_00 815.63300000 56195.78861751410479997 14.84000 1 
 guppi_56195_1816+45_00 816.01800000 56195.78922607534670064 12.24000 1 
 guppi_56195_1816+45_00 816.20000000 56195.78983574741139861 12.45000 1 
 guppi_56195_1816+45_00 817.61400000 56195.79044519058049900 15.05000 1 
 guppi_56195_1816+45_00 817.50800000 56195.79105423786459994 15.26000 1 
 guppi_56195_1816+45_00 817.27400000 56195.79166387873840094 14.39000 1 
 guppi_56195_1816+45_00 817.65500000 56195.79227266525100148 12.22000 1 
 guppi_56195_1816+45_00 817.75800000 56195.79288130749189989 18.86000 1 
 guppi_56195_1816+45_00 817.93200000 56195.79349201898439858 13.18000 1 
 guppi_56195_1816+45_00 818.00200000 56195.79410040372169988 18.34000 1 
 guppi_56195_1816+45_00 817.17300000 56195.79471197411239913 13.58000 1 
 guppi_56195_1816+45_00 816.83100000 56195.79531910661659921 17.29000 1 
 guppi_56195_1816+45_00 816.21100000 56195.79592772067989870 17.01000 1 
 guppi_56195_1816+45_00 816.35200000 56195.79653758641790162 17.79000 1 
 guppi_56195_1816+45_00 815.94100000 56195.79714727176769884 14.58000 1 
 guppi_56195_1816+45_00 816.53100000 56195.79775521446410025 17.49000 1 
 guppi_56195_1816+45_00 816.57000000 56195.79836449123169828 19.97000 1 
 guppi_56195_1816+45_00 816.44600000 56195.79897351179370091 17.95000 1 
 guppi_56195_1816+45_00 816.38800000 56195.79958316127209983 15.72000 1 
 guppi_56195_1816+45_00 816.70300000 56195.80019306739459850 14.66000 1 
 guppi_56195_1816+45_00 817.00500000 56195.80080249386179858 14.24000 1 
 guppi_56195_1816+45_00 816.76000000 56195.80141340311709897 15.15000 1 
 guppi_56195_1816+45_00 814.79500000 56195.80202055538410022 18.81000 1 
 guppi_56195_1816+45_00 815.32000000 56195.80262979782710175 14.93000 1 
 guppi_56195_1816+45_00 815.46300000 56195.80323738034750036 14.46000 1 
 guppi_56195_1816+45_00 814.79500000 56195.80384829543219993 17.70000 1 
 guppi_56195_1816+45_00 816.77000000 56195.80445753015819932 18.35000 1 
 guppi_56195_1816+45_00 815.46300000 56195.80506593775080049 14.07000 1 
 guppi_56195_1816+45_00 814.79500000 56195.80567600539750117 14.48000 1 
 guppi_56195_1816+45_00 814.79500000 56195.80628525561030173 14.94000 1 
 guppi_56195_1816+45_00 814.79500000 56195.80689450700250021 14.17000 1 
 guppi_56195_1816+45_00 814.79500000 56195.80750375879020098 13.70000 1 
 guppi_56195_1816+45_00 815.78800000 56195.80811089737159847 17.37000 1 
 guppi_56195_1816+45_00 816.77000000 56195.80872472692859887 15.11000 1 
 guppi_56195_1816+45_00 814.79500000 56195.80933148132680088 11.30000 1 
 guppi_56195_1816+45_00 814.79500000 56195.80994069896389931 13.21000 1 
 guppi_56195_1816+45_00 814.79500000 56195.81054995444389988 22.11000 1 
 guppi_56195_1816+45_00 815.78800000 56195.81116086701609902 14.65000 1 
 guppi_56195_1816+45_00 816.74900000 56195.81176926710080011 15.49000 1 
 guppi_56195_1816+45_00 817.07600000 56195.81237726547550082 11.43000 1 
 guppi_56195_1816+45_00 816.44100000 56195.81298693475699935 17.18000 1 
 guppi_56195_1816+45_00 817.26700000 56195.81359493111860104 14.01000 1 
 guppi_56195_1816+45_00 816.37100000 56195.81420393830470061 13.58000 1 
 guppi_56195_1816+45_00 817.26700000 56195.81481337690679823 10.09000 1 
 guppi_56195_1816+45_00 817.65300000 56195.81542429861670129 13.14000 1 
 guppi_56195_1816+45_00 817.39600000 56195.81603293357949980 11.09000 1 
 guppi_56195_1816+45_00 816.12100000 56195.81664072606610105 10.81000 1 
 guppi_56195_1816+45_00 816.77000000 56195.81725327379680124 19.33000 1 
 guppi_56195_1816+45_00 817.41100000 56195.81786168334679843 13.14000 1 
 guppi_56195_1816+45_00 815.78800000 56195.81847007120019910 15.39000 1 
 guppi_56195_1816+45_00 817.08600000 56195.81907932738840117 14.99000 1 
 guppi_56195_1816+45_00 816.62300000 56195.81968900235879971 14.63000 1 
 guppi_56195_1816+45_00 817.72200000 56195.82029863069559994 13.16000 1 
 guppi_56195_1816+45_00 818.04300000 56195.82090704507029955 10.59000 1 
 guppi_56195_1816+45_00 817.72200000 56195.82151631486679833 13.99000 1 
 guppi_56195_1816+45_00 817.20300000 56195.82212469931129917 13.46000 1 
 guppi_56195_1816+45_00 816.87100000 56195.82273459860569886 13.37000 1 
 guppi_56195_1816+45_00 817.13400000 56195.82334360719600141 16.03000 1 
 guppi_56195_1816+45_00 817.41800000 56195.82395572122259964 16.58000 1 
 guppi_56195_1816+45_00 817.92300000 56195.82456291868360054 16.86000 1 
 guppi_56195_1816+45_00 817.37500000 56195.82517012384969846 17.51000 1 
 guppi_56195_1816+45_00 818.04300000 56195.82578101694009831 14.83000 1 
 guppi_56195_1816+45_00 816.59600000 56195.82638941232260166 16.94000 1 
 guppi_56195_1816+45_00 818.04300000 56195.82699948822750002 21.04000 1 
 guppi_56195_1816+45_00 816.11300000 56195.82761110332009835 14.70000 1 
 guppi_56195_1816+45_00 817.40000000 56195.82821925929360063 15.21000 1 
 guppi_56195_1816+45_00 818.04300000 56195.82882705126850098 20.69000 1 
 guppi_56195_1816+45_00 818.04300000 56195.82943654840250147 14.45000 1 
 guppi_56195_1816+45_00 818.04300000 56195.83004578692809972 20.52000 1 
 guppi_56195_1816+45_00 818.04300000 56195.83065480434359884 17.81000 1 
 guppi_56195_1816+45_00 818.27200000 56195.83126733255280172 14.19000 1 
 guppi_56195_1816+45_00 817.83000000 56195.83187694524700007 17.07000 1 
 guppi_56195_1816+45_00 819.09800000 56195.83248225975280121 18.13000 1 
 guppi_56195_1816+45_00 818.89600000 56195.83309050481850022 16.48000 1 
 guppi_56195_1816+45_00 818.93600000 56195.83370129823680017 15.43000 1 
 guppi_56195_1816+45_00 817.37800000 56195.83431154986200085 18.49000 1 
 guppi_56195_1816+45_00 817.93500000 56195.83491801655450004 14.06000 1 
 guppi_56195_1816+45_00 814.99300000 56195.83553204818739957 14.89000 1 
 guppi_56195_1816+45_00 817.38400000 56195.83613591633190154 22.61000 1 
 guppi_56195_1816+45_00 817.86800000 56195.83656267627250003 21.73000 1 
 guppi_56195_1816+45_00 817.16200000 56195.83699011006689972 16.31000 1 
 guppi_56195_1816+45_00 817.83500000 56195.83759975654130159 13.54000 1 
 guppi_56195_1816+45_00 818.01800000 56195.83820925995620144 16.62000 1 
 guppi_56195_1816+45_00 818.02000000 56195.83881869044130042 21.13000 1 
 guppi_56195_1816+45_00 816.58500000 56195.83942713395040158 12.86000 1 
 guppi_56195_1816+45_00 818.04300000 56195.84003722134280068 13.44000 1 
 guppi_56195_1816+45_00 818.02000000 56195.84064646859339831 17.94000 1 
 guppi_56195_1816+45_00 818.02900000 56195.84125508809379923 20.32000 1 
 guppi_56195_1816+45_00 818.04300000 56195.84186496458600146 15.68000 1 
 guppi_56195_1816+45_00 818.02000000 56195.84247399212370055 15.71000 1 
 guppi_56195_1816+45_00 818.66100000 56195.84308604591970138 16.94000 1 
 guppi_56195_1816+45_00 818.27600000 56195.84369075162659968 16.08000 1 
 guppi_56195_1816+45_00 817.02200000 56195.84429952962420174 15.90000 1 
 guppi_56195_1816+45_00 817.37600000 56195.84491790733610017 19.47000 1 
 guppi_56195_1816+45_00 817.54100000 56195.84552172386609925 19.73000 1 
 guppi_56195_1816+45_00 817.72800000 56195.84612439408579831 13.20000 1 
 guppi_56195_1816+45_00 818.11400000 56195.84673519587299850 15.81000 1 
 guppi_56195_1816+45_00 818.03800000 56195.84734766376359971 17.56000 1 
 guppi_56195_1816+45_00 817.41100000 56195.84795592201789916 11.74000 1 
 guppi_56195_1816+45_00 818.04300000 56195.84856661215430051 15.24000 1 
 guppi_56195_1816+45_00 815.29500000 56195.84917588383540021 11.33000 1 
 guppi_56195_1816+45_00 814.79500000 56195.84978514066019883 12.11000 1 
 guppi_56195_1816+45_00 815.62400000 56195.85039542369230148 17.31000 1 
 guppi_56195_1816+45_00 816.28000000 56195.85100404470760083 14.78000 1 
 guppi_56195_1816+45_00 817.73900000 56195.85161269771190007 15.25000 1 
 guppi_56195_1816+45_00 818.02400000 56195.85222150662579921 12.64000 1 
 guppi_56195_1816+45_00 816.59700000 56195.85282955144829842 13.82000 1 
 guppi_56195_1816+45_00 814.95900000 56195.85344003795430012 12.32000 1 
 guppi_56195_1816+45_00 814.79500000 56195.85404995968229969 11.78000 1 
 guppi_56195_1816+45_00 814.79500000 56195.85465903085890105 20.00000 1 
 guppi_56195_1816+45_00 814.79500000 56195.85526828695400070 13.56000 1 
 guppi_56195_1816+45_00 814.79500000 56195.85587776502620017 15.59000 1 
 guppi_56195_1816+45_00 814.79500000 56195.85648679983070153 14.18000 1 
 guppi_56195_1816+45_00 814.79500000 56195.85709605679850043 12.53000 1 
 guppi_56195_1816+45_00 814.79500000 56195.85770531383170123 17.12000 1 
 guppi_56195_1816+45_00 814.79500000 56195.85831434943739993 22.22000 1 
 guppi_56195_1816+45_00 814.79500000 56195.85892382888970076 16.17000 1 
 guppi_56195_1816+45_00 814.79500000 56195.85953308655319915 13.08000 1 
 guppi_56195_1816+45_00 814.79500000 56195.86014212269270018 11.10000 1 
 guppi_56195_1816+45_00 814.79500000 56195.86075160218119962 14.49000 1 
 guppi_56195_1816+45_00 814.79500000 56195.86136063931769868 15.08000 1 
 guppi_56195_1816+45_00 814.51800000 56195.86196927135980062 14.59000 1 
 guppi_56195_1816+45_00 814.79500000 56195.86257915655090045 11.90000 1 
 guppi_56195_1816+45_00 814.79500000 56195.86318841560359871 13.13000 1 
 guppi_56195_1816+45_00 814.79500000 56195.86379789636630022 13.08000 1 
 guppi_56195_1816+45_00 814.79500000 56195.86440693379590172 11.85000 1 
 guppi_56195_1816+45_00 814.79500000 56195.86501619333339974 14.15000 1 
 guppi_56195_1816+45_00 814.79500000 56195.86562545271990032 15.84000 1 
 guppi_56195_1816+45_00 814.79500000 56195.86623471280569930 12.79000 1 
 guppi_56195_1816+45_00 814.79500000 56195.86684397229360144 17.03000 1 
 guppi_56195_1816+45_00 814.79500000 56195.86745323245580153 16.99000 1 
 guppi_56195_1816+45_00 814.79500000 56195.86806227039249961 13.75000 1 
 guppi_56195_1816+45_00 814.79500000 56195.86867175227390092 19.26000 1 
 guppi_56195_1816+45_00 814.79500000 56195.86928079039140016 19.14000 1 
 guppi_56195_1816+45_00 814.79500000 56195.86989027272710118 17.24000 1 
 guppi_56195_1816+45_00 814.79500000 56195.87049931149190130 11.82000 1 
 guppi_56195_1816+45_00 814.79500000 56195.87110853480859873 16.22000 1 
 guppi_56195_1816+45_00 814.79500000 56195.87171805449069950 11.74000 1 
 guppi_56195_1816+45_00 814.79500000 56195.87232705591609871 13.14000 1 
 guppi_56195_1816+45_00 814.79500000 56195.87293635359549882 12.65000 1 
 guppi_56195_1816+45_00 814.79500000 56195.87354557717720027 15.59000 1 
 guppi_56195_1816+45_00 814.79500000 56195.87415483796399940 12.50000 1 
 guppi_56195_1816+45_00 814.79500000 56195.87476409807119992 12.04000 1 
 guppi_56195_1816+45_00 814.79500000 56195.87537332214429853 11.18000 1 
 guppi_56195_1816+45_00 814.79500000 56195.87598236088449966 13.21000 1 
 guppi_56195_1816+45_00 814.79500000 56195.87659184328479967 14.02000 1 
 guppi_56195_1816+45_00 814.79500000 56195.87720088232950033 11.26000 1 
 guppi_56195_1816+45_00 814.79500000 56195.87781036471560014 12.05000 1 
 guppi_56195_1816+45_00 814.79500000 56195.87841940358950055 12.51000 1 
 guppi_56195_1816+45_00 814.79500000 56195.87902866407990032 12.64000 1 
 guppi_56195_1816+45_00 814.95900000 56195.87963855184209905 14.03000 1 
 guppi_56195_1816+45_00 813.95800000 56195.88024848450239901 12.75000 1 
 guppi_56195_1816+45_00 814.79500000 56195.88085640838420076 15.71000 1 
 guppi_56195_1816+45_00 814.79500000 56195.88146570573049843 14.36000 1 
 guppi_56195_1816+45_00 814.79500000 56195.88207492932109943 15.23000 1 
 guppi_56195_1816+45_00 814.79500000 56195.88268422611249875 12.05000 1 
 guppi_56195_1816+45_00 814.79500000 56195.88329344907370100 12.75000 1 
 guppi_56195_1816+45_00 814.79500000 56195.88390270896499956 13.59000 1 
 guppi_56195_1816+45_00 814.79500000 56195.88451200588630030 12.43000 1 
 guppi_56195_1816+45_00 813.94100000 56195.88512230628110089 16.39000 1 
 guppi_56195_1816+45_00 814.23900000 56195.88572923496809963 21.58000 1 
 guppi_56195_1816+45_00 814.18800000 56195.88633845793989963 18.95000 1 
 guppi_56195_1816+45_00 813.72700000 56195.88694942077470174 15.61000 1 
 guppi_56195_1816+45_00 814.23900000 56195.88755701274759957 15.31000 1 
 guppi_56195_1816+45_00 814.51800000 56195.88816645512499903 14.29000 1 
 guppi_56195_1816+45_00 814.51800000 56195.88877700706759910 14.05000 1 
 guppi_56195_1816+45_00 814.79500000 56195.88938582077160078 12.89000 1 
 guppi_56195_1816+45_00 814.79500000 56195.88999507894019914 15.48000 1 
 guppi_56195_1816+45_00 814.79500000 56195.89060433744479894 16.71000 1 
 guppi_56195_1816+45_00 814.79500000 56195.89121359519300114 17.97000 1 
 guppi_56195_1816+45_00 814.79500000 56195.89182285316719856 13.87000 1 
 guppi_56195_1816+45_00 814.79500000 56195.89243211051449833 19.58000 1 
 guppi_56195_1816+45_00 814.23900000 56195.89304070668140056 15.53000 1 
 guppi_56195_1816+45_00 814.95900000 56195.89365043956799894 15.88000 1 
 guppi_56195_1816+45_00 814.79500000 56195.89425966025940085 14.09000 1 
 guppi_56195_1816+45_00 814.79500000 56195.89486891705029947 17.07000 1 
 guppi_56195_1816+45_00 814.51800000 56195.89547758396210142 12.48000 1 
 guppi_56195_1816+45_00 814.40500000 56195.89608687786149943 12.05000 1 
 guppi_56195_1816+45_00 814.51800000 56195.89669591087919898 15.87000 1 
 guppi_56195_1816+45_00 814.01000000 56195.89730668581369954 16.25000 1 
 guppi_56195_1816+45_00 813.67500000 56195.89791446497400074 19.90000 1 
 guppi_56195_1816+45_00 813.39000000 56195.89852453510049912 16.52000 1 
 guppi_56195_1816+45_00 813.38900000 56195.89895078730469891 34.35000 1 
 guppi_56195_1816+45_00 814.79500000 56195.89937758511590005 14.71000 1 
 guppi_56195_1816+45_00 814.79500000 56195.89998683996099871 16.03000 1 
 guppi_56195_1816+45_00 814.79500000 56195.90059583490879902 11.47000 1 
 guppi_56195_1816+45_00 814.78600000 56195.90120364719750157 13.44000 1 
 guppi_56195_1816+45_00 815.03400000 56195.90181696428290081 14.43000 1 
 guppi_56195_1816+45_00 814.79500000 56195.90242385347870169 15.41000 1 
 guppi_56195_1816+45_00 814.79500000 56195.90303288408220084 15.10000 1 
 guppi_56195_1816+45_00 814.79500000 56195.90364213662590132 13.71000 1 
 guppi_56195_1816+45_00 814.82000000 56195.90425120322430175 13.99000 1 
 guppi_56195_1816+45_00 814.79500000 56195.90486067676640047 16.08000 1 
 guppi_56195_1816+45_00 815.44700000 56195.90547036694740157 16.04000 1 
 guppi_56195_1816+45_00 815.04800000 56195.90607984232419980 16.21000 1 
 guppi_56195_1816+45_00 814.65600000 56195.90668865167819845 16.46000 1 
 guppi_56195_1816+45_00 814.79500000 56195.90729771606989829 17.25000 1 
 guppi_56195_1816+45_00 814.79500000 56195.90790696526180170 13.46000 1 
 guppi_56195_1816+45_00 814.95900000 56195.90851599124880167 14.74000 1 
 guppi_56195_1816+45_00 814.79500000 56195.90912549997030112 17.85000 1 
 guppi_56195_1816+45_00 814.79500000 56195.90973452665290111 18.72000 1 
 guppi_56195_1816+45_00 814.95900000 56195.91034381017610144 14.57000 1 
 guppi_56195_1816+45_00 814.79500000 56195.91095302187800087 14.14000 1 
 guppi_56195_1816+45_00 814.79500000 56195.91156226866030110 13.30000 1 
 guppi_56195_1816+45_00 814.79500000 56195.91217155256600080 14.42000 1 
 guppi_56195_1816+45_00 814.57000000 56195.91278017170580128 14.59000 1 
 guppi_56195_1816+45_00 814.73400000 56195.91339070949560153 12.79000 1 
 guppi_56195_1816+45_00 814.95900000 56195.91399888121960160 11.48000 1 
 guppi_56195_1816+45_00 814.95900000 56195.91460834755229925 12.51000 1 
 guppi_56195_1816+45_00 814.95900000 56195.91521825706709947 13.19000 1 
 guppi_56195_1816+45_00 815.28500000 56195.91582709164519827 16.68000 1 
 guppi_56195_1816+45_00 814.79500000 56195.91643611640349931 15.61000 1 
 guppi_56195_1816+45_00 814.79500000 56195.91704558082309973 17.82000 1 
 guppi_56195_1816+45_00 814.79500000 56195.91765460101110108 23.68000 1 
 guppi_56195_1816+45_00 814.79500000 56195.91826410115429979 14.86000 1 
 guppi_56195_1816+45_00 814.95900000 56195.91887293500040101 18.10000 1 
 guppi_56195_1816+45_00 815.28500000 56195.91948283816919840 14.66000 1 
 guppi_56195_1816+45_00 814.88500000 56195.92009104593619995 13.27000 1 
 guppi_56195_1816+45_00 815.44700000 56195.92070050337349940 18.05000 1 
 guppi_56195_1816+45_00 815.12200000 56195.92130996618880090 11.31000 1 
 guppi_56195_1816+45_00 815.44700000 56195.92191983071570149 13.69000 1 
 guppi_56195_1816+45_00 815.28500000 56195.92252866311250159 11.16000 1 
 guppi_56195_1816+45_00 815.60800000 56195.92313793485449835 16.26000 1 
 guppi_56195_1816+45_00 815.44700000 56195.92374698788420062 11.63000 1 
 guppi_56195_1816+45_00 815.60800000 56195.92435622260439843 13.40000 1 
 guppi_56195_1816+45_00 815.60800000 56195.92496571739280142 12.48000 1 
 guppi_56195_1816+45_00 816.05300000 56195.92557539222820040 13.31000 1 
 guppi_56195_1816+45_00 815.05400000 56195.92618529870640032 17.34000 1 
 guppi_56195_1816+45_00 816.01000000 56195.92679367650620037 18.36000 1 
 guppi_56195_1816+45_00 814.95900000 56195.92740210312119942 17.32000 1 
 guppi_56195_1816+45_00 815.28500000 56195.92801181390879961 18.09000 1 
 guppi_56195_1816+45_00 815.04800000 56195.92862211892629887 12.13000 1 
 guppi_56195_1816+45_00 814.79500000 56195.92923031712770054 14.03000 1 
 guppi_56195_1816+45_00 815.21100000 56195.92983913866439849 14.35000 1 
 guppi_56195_1816+45_00 814.82900000 56195.93044711459170060 13.18000 1 
 guppi_56195_1816+45_00 815.12200000 56195.93105763525479901 17.76000 1 
 guppi_56195_1816+45_00 814.79500000 56195.93166734677519969 14.16000 1 
 guppi_56195_1816+45_00 814.79500000 56195.93227635300269895 10.33000 1 
 guppi_56195_1816+45_00 814.79500000 56195.93288587635720077 11.57000 1 
 guppi_56195_1816+45_00 814.79500000 56195.93349488148849957 15.24000 1 
 guppi_56195_1816+45_00 814.95900000 56195.93410458677940156 14.92000 1 
 guppi_56195_1816+45_00 815.12200000 56195.93471277634679950 11.03000 1 
 guppi_56195_1816+45_00 815.28500000 56195.93532248054550138 19.43000 1 
 guppi_56195_1816+45_00 815.12200000 56195.93593214977169836 17.48000 1 
 guppi_56195_1816+45_00 814.68000000 56195.93654011924689939 13.99000 1 
 guppi_56195_1816+45_00 815.14600000 56195.93715151935809970 17.97000 1 
 guppi_56195_1816+45_00 815.28500000 56195.93775952100930127 18.01000 1 
 guppi_56195_1816+45_00 815.12200000 56195.93836878023750003 20.19000 1 
 guppi_56195_1816+45_00 815.77100000 56195.93897866205979952 16.04000 1 
 guppi_56195_1816+45_00 815.28500000 56195.93958688749760100 16.86000 1 
 guppi_56195_1816+45_00 815.01300000 56195.94019655234430033 16.25000 1 
 guppi_56195_1816+45_00 815.93500000 56195.94080646667709900 12.83000 1 
 guppi_56195_1816+45_00 816.25900000 56195.94141527610999987 20.04000 1 
 guppi_56195_1816+45_00 815.34100000 56195.94202372334349960 14.76000 1 
 guppi_56195_1816+45_00 816.98000000 56195.94263233730569951 20.83000 1 
 guppi_56195_1816+45_00 814.56600000 56195.94324349161760068 11.48000 1 
 guppi_56195_1816+45_00 815.25700000 56195.94385277581359972 18.55000 1 
 guppi_56195_1816+45_00 814.97500000 56195.94446051355840055 11.92000 1 
 guppi_56195_1816+45_00 816.74900000 56195.94507060249459940 12.76000 1 
 guppi_56195_1816+45_00 816.67900000 56195.94568029636440087 12.78000 1 
 guppi_56195_1816+45_00 816.15300000 56195.94628954894470141 15.35000 1 
 guppi_56195_1816+45_00 815.96400000 56195.94689798569239869 13.55000 1 
 guppi_56195_1816+45_00 816.10000000 56195.94750763934939997 16.30000 1 
 guppi_56195_1816+45_00 815.21400000 56195.94811541318910031 15.03000 1 
 guppi_56195_1816+45_00 814.98000000 56195.94872787722239948 14.09000 1 
 guppi_56195_1816+45_00 815.56300000 56195.94933394010219985 12.44000 1 
 guppi_56195_1816+45_00 815.49300000 56195.94994555045419915 9.89000 1 
 guppi_56195_1816+45_00 816.25900000 56195.95055331108019914 12.98000 1 
 guppi_56195_1816+45_00 816.15300000 56195.95116214857689840 13.28000 1 
 guppi_56195_1816+45_00 815.49300000 56195.95177331724530134 13.27000 1 
 guppi_56195_1816+45_00 816.42000000 56195.95238148097680053 10.79000 1 
 guppi_56195_1816+45_00 815.61300000 56195.95298991452549942 15.01000 1 
 guppi_56195_1816+45_00 815.68900000 56195.95359959814580009 17.44000 1 
 guppi_56195_1816+45_00 815.54100000 56195.95421013178020075 14.42000 1 
 guppi_56195_1816+45_00 814.95900000 56195.95481811806540051 15.82000 1 
 guppi_56195_1816+45_00 815.04800000 56195.95542802065709864 12.53000 1 
 guppi_56195_1816+45_00 815.28500000 56195.95603685056600085 22.23000 1 
 guppi_56195_1816+45_00 815.28500000 56195.95664612457800047 20.53000 1 
 guppi_56195_1816+45_00 815.12200000 56195.95725473625050128 33.27000 1 
 guppi_56195_1816+45_00 815.28700000 56195.95786441420139923 52.96000 1 
 guppi_56195_1816+45_00 814.95900000 56195.95847343235060123 56.27000 1 
 guppi_56195_1816+45_00 815.12200000 56195.95908370019200007 48.22000 1 
 guppi_56195_1816+45_00 817.08400000 56195.95969196061439987 41.79000 1 
 guppi_56195_1816+45_00 814.95900000 56195.97516668119340011 25.36000 1 
 guppi_56195_1816+45_00 814.79500000 56195.97577637254569893 35.62000 1 
 guppi_56195_1816+45_00 815.44700000 56195.97638543105119879 40.93000 1 
 guppi_56195_1816+45_00 815.60800000 56195.97699489956119834 21.43000 1 
 guppi_56195_1816+45_00 815.60800000 56195.97760414590759837 19.14000 1 
 guppi_56195_1816+45_00 815.60800000 56195.97821342828790137 20.31000 1 
 guppi_56195_1816+45_00 815.60800000 56195.97882245201320117 15.69000 1 
 guppi_56195_1816+45_00 815.60800000 56195.97943195532930005 15.84000 1 
 guppi_56195_1816+45_00 815.60800000 56195.98004123588859926 18.84000 1 
 guppi_56195_1816+45_00 815.60800000 56195.98065025627980162 10.85000 1 
 guppi_56195_1816+45_00 815.60800000 56195.98125975708660107 14.55000 1 
 guppi_56195_1816+45_00 815.60800000 56195.98186877772860015 17.06000 1 
 guppi_56195_1816+45_00 815.60800000 56195.98247827621669970 19.00000 1 
 guppi_56195_1816+45_00 815.60800000 56195.98308729490889846 13.79000 1 
 guppi_56195_1816+45_00 815.60800000 56195.98369653469010032 14.28000 1 
 guppi_56195_1816+45_00 815.60800000 56195.98430580984620164 15.03000 1 
 guppi_56195_1816+45_00 815.60800000 56195.98491508464940125 13.13000 1 
 guppi_56195_1816+45_00 815.60800000 56195.98552432189579875 10.48000 1 
 guppi_56195_1816+45_00 815.60800000 56195.98613359459460170 14.67000 1 
 guppi_56195_1816+45_00 815.60800000 56195.98674260804369851 8.92000 1 
 guppi_56195_1816+45_00 815.56500000 56195.98735210199370016 9.66000 1 
 guppi_56195_1816+45_00 816.61700000 56195.98795944468869834 15.55000 1 
 guppi_56195_1816+45_00 816.32100000 56195.98857038048589985 10.69000 1 
 guppi_56195_1816+45_00 816.66200000 56195.98917986964400129 11.05000 1 
 guppi_56195_1816+45_00 816.56000000 56195.98978954629900073 10.54000 1 
 guppi_56195_1816+45_00 815.60800000 56195.99039837782429885 10.06000 1 
 guppi_56195_1816+45_00 815.60800000 56195.99100742346839965 9.99000 1 
 guppi_56195_1816+45_00 815.60800000 56195.99161669068480052 13.20000 1 
 guppi_56195_1816+45_00 815.88900000 56195.99222425504320100 18.15000 1 
 guppi_56195_1816+45_00 815.88900000 56195.99283710578750117 18.33000 1 
 guppi_56195_1816+45_00 815.60800000 56195.99344445097570144 10.79000 1 
 guppi_56195_1816+45_00 815.44700000 56195.99405330996249930 13.21000 1 
 guppi_56195_1816+45_00 815.28500000 56195.99466253793839954 12.58000 1 
 guppi_56195_1816+45_00 815.28500000 56195.99527161569190170 11.57000 1 
 guppi_56195_1816+45_00 815.44700000 56195.99588128375259899 12.47000 1 
 guppi_56195_1816+45_00 815.28500000 56195.99648988129840177 10.56000 1 
 guppi_56195_1816+45_00 815.12200000 56195.99710065851510166 13.97000 1 
 guppi_56195_1816+45_00 815.44700000 56195.99770862342100131 13.37000 1 
 guppi_56195_1816+45_00 815.60800000 56195.99831854714850010 12.30000 1 
 guppi_56195_1816+45_00 815.11900000 56195.99892673806759902 13.17000 1 
 guppi_56195_1816+45_00 815.01000000 56195.99953788155849921 14.41000 1 
 guppi_56195_1816+45_00 814.95900000 56196.00014628983980103 14.24000 1 
 guppi_56195_1816+45_00 815.12200000 56196.00075469578050047 12.45000 1 
 guppi_56195_1816+45_00 814.95900000 56196.00136413824609960 13.44000 1 
 guppi_56195_1816+45_00 814.95900000 56196.00197424428809967 13.28000 1 
 guppi_56195_1816+45_00 815.28500000 56196.00258224074629965 16.06000 1 
 guppi_56195_1816+45_00 815.44700000 56196.00319212222310128 11.64000 1 
 guppi_56195_1816+45_00 815.28500000 56196.00380137757720078 12.59000 1 
 guppi_56195_1816+45_00 815.37400000 56196.00441147987280033 13.32000 1 
 guppi_56195_1816+45_00 815.44700000 56196.00501991930940093 13.41000 1 
 guppi_56195_1816+45_00 815.44700000 56196.00562957795720109 13.60000 1 
 guppi_56195_1816+45_00 814.88600000 56196.00623757736120112 15.19000 1 
 guppi_56195_1816+45_00 814.73900000 56196.00684790107390043 20.61000 1 
 guppi_56195_1816+45_00 815.12200000 56196.00745755509310086 16.62000 1 
 guppi_56195_1816+45_00 815.44700000 56196.00806684001329927 12.74000 1 
 guppi_56195_1816+45_00 815.44700000 56196.00867501780529878 15.13000 1 
 guppi_56195_1816+45_00 815.31900000 56196.00928511726829839 25.37000 1 
 guppi_56195_1816+45_00 815.60800000 56196.00989395684240080 14.57000 1 
 guppi_56195_1816+45_00 815.87400000 56196.01050490248410085 15.61000 1 
 guppi_56195_1816+45_00 815.28500000 56196.01111249046009988 12.20000 1 
 guppi_56195_1816+45_00 815.28500000 56196.01172110877369903 14.18000 1 
 guppi_56195_1816+45_00 814.79500000 56196.01233076450839832 14.87000 1 
 guppi_56195_1816+45_00 815.28500000 56196.01294089362020046 14.75000 1 
 guppi_56195_1816+45_00 815.60800000 56196.01354928662910027 13.53000 1 
 guppi_56195_1816+45_00 815.60800000 56196.01415875238160069 13.45000 1 
 guppi_56195_1816+45_00 816.13800000 56196.01476758621469898 14.93000 1 
 guppi_56195_1816+45_00 815.23300000 56196.01537772315079877 13.68000 1 
 guppi_56195_1816+45_00 815.60800000 56196.01598655687299910 15.11000 1 
 guppi_56195_1816+45_00 815.28500000 56196.01659495159119828 16.02000 1 
 guppi_56195_1816+45_00 814.95900000 56196.01720441729089828 13.02000 1 
 guppi_56195_1816+45_00 814.79500000 56196.01781410367389924 15.69000 1 
 guppi_56195_1816+45_00 815.12200000 56196.01842356388599953 13.38000 1 
 guppi_56195_1816+45_00 814.34300000 56196.01903306862909915 17.86000 1 
 guppi_56195_1816+45_00 814.79500000 56196.01964189851920040 13.79000 1 
 guppi_56195_1816+45_00 814.79500000 56196.02025091665160161 15.14000 1 
 guppi_56195_1816+45_00 814.79500000 56196.02086041438250064 18.37000 1 
 guppi_56195_1816+45_00 815.37400000 56196.02146946446109865 16.55000 1 
 guppi_56195_1816+45_00 815.37400000 56196.02207896078740035 12.62000 1 
 guppi_56195_1816+45_00 814.58900000 56196.02268883237220010 14.34000 1 
 guppi_56195_1816+45_00 816.89500000 56196.02330215635570099 18.17000 1 
 guppi_56195_1816+45_00 815.60700000 56196.02372396713590064 19.76000 1 
 guppi_56195_1816+45_00 814.20100000 56196.02415021358470071 16.32000 1 
 guppi_56195_1816+45_00 814.12700000 56196.02475993120140174 12.29000 1 
 guppi_56195_1816+45_00 815.12200000 56196.02536816258070118 16.37000 1 
 guppi_56195_1816+45_00 814.95900000 56196.02597847057030123 18.92000 1 
 guppi_56195_1816+45_00 814.95900000 56196.02658726295500102 12.43000 1 
 guppi_56195_1816+45_00 815.28500000 56196.02719690192060042 12.18000 1 
 guppi_56195_1816+45_00 814.51600000 56196.02780433098979884 10.11000 1 
 guppi_56195_1816+45_00 814.82400000 56196.02841566935509832 13.78000 1 
 guppi_56195_1816+45_00 816.74000000 56196.02902407696110032 11.81000 1 
 guppi_56195_1816+45_00 816.66800000 56196.02963334771590098 16.06000 1 
 guppi_56195_1816+45_00 813.66300000 56196.03024348857830006 11.70000 1 
 guppi_56195_1816+45_00 815.57100000 56196.03085333621880082 15.13000 1 
 guppi_56195_1816+45_00 814.95600000 56196.03146386654360001 17.62000 1 
 guppi_56195_1816+45_00 816.10500000 56196.03207161273089909 11.41000 1 
 guppi_56195_1816+45_00 816.49200000 56196.03267940065149944 13.92000 1 
 guppi_56195_1816+45_00 815.12200000 56196.03328886339890147 10.76000 1 
 guppi_56195_1816+45_00 816.19600000 56196.03389834588890039 11.62000 1 
 guppi_56195_1816+45_00 815.70200000 56196.03450739518079970 10.90000 1 
 guppi_56195_1816+45_00 814.44400000 56196.03511497177660061 12.91000 1 
 guppi_56195_1816+45_00 815.19200000 56196.03572844708460110 11.53000 1 
 guppi_56195_1816+45_00 815.83100000 56196.03633264677520032 13.83000 1 
 guppi_56195_1816+45_00 815.89900000 56196.03694675394089941 10.73000 1 
 guppi_56195_1816+45_00 815.77100000 56196.03755328694650117 12.52000 1 
 guppi_56195_1816+45_00 816.19900000 56196.03816269822929996 11.16000 1 
 guppi_56195_1816+45_00 815.60800000 56196.03877219047789993 11.35000 1 
 guppi_56195_1816+45_00 815.77100000 56196.03938086375800154 12.22000 1 
 guppi_56195_1816+45_00 815.80400000 56196.03999242016740112 12.30000 1 
 guppi_56195_1816+45_00 815.96800000 56196.04059872840219825 12.74000 1 
 guppi_56195_1816+45_00 815.37400000 56196.04120991923149830 14.36000 1 
 guppi_56195_1816+45_00 815.37400000 56196.04181866711309823 11.25000 1 
 guppi_56195_1816+45_00 815.60800000 56196.04242752368660163 15.12000 1 
 guppi_56195_1816+45_00 815.60800000 56196.04303656690899871 11.26000 1 
 guppi_56195_1816+45_00 815.60800000 56196.04364605319319992 13.42000 1 
 guppi_56195_1816+45_00 815.60800000 56196.04425528025589998 14.38000 1 
 guppi_56195_1816+45_00 814.68200000 56196.04486285125319966 13.08000 1 
 guppi_56195_1816+45_00 814.12700000 56196.04547422567589976 17.65000 1 
 guppi_56195_1816+45_00 815.39500000 56196.04608344380149987 16.03000 1 
 guppi_56195_1816+45_00 815.49300000 56196.04669278088169904 13.06000 1 
 guppi_56195_1816+45_00 816.51900000 56196.04730092857100132 16.35000 1 
 guppi_56195_1816+45_00 815.12600000 56196.04790935176979971 13.53000 1 
 guppi_56195_1816+45_00 815.86300000 56196.04852053194479922 19.51000 1 
 guppi_56195_1816+45_00 815.69900000 56196.04912890972720163 12.50000 1 
 guppi_56195_1816+45_00 815.31100000 56196.04973839764869936 14.68000 1 
 guppi_56195_1816+45_00 815.41200000 56196.05034721658190122 15.75000 1 
 guppi_56195_1816+45_00 814.94000000 56196.05095751753709976 15.36000 1 
 guppi_56195_1816+45_00 815.66400000 56196.05156577823910169 14.94000 1 
 guppi_56195_1816+45_00 815.60800000 56196.05217541080899935 11.46000 1 
 guppi_56195_1816+45_00 814.67600000 56196.05278490202779906 12.26000 1 
 guppi_56195_1816+45_00 814.95300000 56196.05339353483930154 15.49000 1 
 guppi_56195_1816+45_00 815.60800000 56196.05400297817620014 11.31000 1 
 guppi_56195_1816+45_00 815.60800000 56196.05461249941770063 15.04000 1 
 guppi_56195_1816+45_00 815.93500000 56196.05522109511770168 12.28000 1 
 guppi_56195_1816+45_00 815.60800000 56196.05583076677169885 11.26000 1 
 guppi_56195_1816+45_00 815.28500000 56196.05644084465179944 13.77000 1 
 guppi_56195_1816+45_00 815.60800000 56196.05704925543090056 10.27000 1 
 guppi_56195_1816+45_00 814.95900000 56196.05765874456529829 16.53000 1 
 guppi_56195_1816+45_00 815.12200000 56196.05826822807949839 13.07000 1 
 guppi_56195_1816+45_00 815.60800000 56196.05887678573639832 10.37000 1 
 guppi_56195_1816+45_00 815.44700000 56196.05948586548320023 14.75000 1 
 guppi_56195_1816+45_00 814.95900000 56196.06009601804879949 13.94000 1 
 guppi_56195_1816+45_00 814.79500000 56196.06070461732479870 10.96000 1 
 guppi_56195_1816+45_00 814.79500000 56196.06131410224369915 14.72000 1 
 guppi_56195_1816+45_00 814.48100000 56196.06192248094430042 10.97000 1 
 guppi_56195_1816+45_00 814.79500000 56196.06253266574999827 18.04000 1 
 guppi_56195_1816+45_00 814.79500000 56196.06314170757709903 10.94000 1 
 guppi_56195_1816+45_00 814.79500000 56196.06375097118949924 15.04000 1 
 guppi_56195_1816+45_00 814.79500000 56196.06436041967490169 14.79000 1 
 guppi_56195_1816+45_00 814.95900000 56196.06496990403130098 12.39000 1 
 guppi_56195_1816+45_00 814.79500000 56196.06557872570899903 12.33000 1 
 guppi_56195_1816+45_00 814.79500000 56196.06618798959669903 11.01000 1 
 guppi_56195_1816+45_00 814.79500000 56196.06679703206049936 13.72000 1 
 guppi_56195_1816+45_00 814.95900000 56196.06740666478950175 11.53000 1 
 guppi_56195_1816+45_00 814.79500000 56196.06801578241460149 11.27000 1 
 guppi_56195_1816+45_00 814.95900000 56196.06862478741119915 13.06000 1 
 guppi_56195_1816+45_00 815.44700000 56196.06923467694840113 12.58000 1 
 guppi_56195_1816+45_00 816.10500000 56196.06984452868559998 13.28000 1 
 guppi_56195_1816+45_00 815.94500000 56196.07045109754750101 11.41000 1 
 guppi_56195_1816+45_00 814.79500000 56196.07106181207999995 13.95000 1 
 guppi_56195_1816+45_00 814.73900000 56196.07166959968940034 12.12000 1 
 guppi_56195_1816+45_00 814.77300000 56196.07228078700050133 11.52000 1 
 guppi_56195_1816+45_00 814.68300000 56196.07289001681250085 12.75000 1 
 guppi_56195_1816+45_00 815.18200000 56196.07349946418030129 14.26000 1 
 guppi_56195_1816+45_00 816.84700000 56196.07410790620410168 11.18000 1 
 guppi_56195_1816+45_00 815.96100000 56196.07471570110340053 13.92000 1 
 guppi_56195_1816+45_00 814.20100000 56196.07532660633490096 10.77000 1 
 guppi_56195_1816+45_00 814.20100000 56196.07593587334120144 10.76000 1 
 guppi_56195_1816+45_00 814.20100000 56196.07654495593019917 12.74000 1 
 guppi_56195_1816+45_00 815.55200000 56196.07715524917719918 14.97000 1 
 guppi_56195_1816+45_00 814.87300000 56196.07776389369839976 13.71000 1 
 guppi_56195_1816+45_00 815.55200000 56196.07837463549899937 11.94000 1 
 guppi_56195_1816+45_00 816.71400000 56196.07898193785990060 15.31000 1 
 guppi_56195_1816+45_00 816.31800000 56196.07959058123449836 15.10000 1 
 guppi_56195_1816+45_00 816.30300000 56196.08020051578790088 15.22000 1 
 guppi_56195_1816+45_00 816.42500000 56196.08080930427300004 11.88000 1 
 guppi_56195_1816+45_00 817.34000000 56196.08141901140989916 12.43000 1 
 guppi_56195_1816+45_00 817.34000000 56196.08202824508580164 13.98000 1 
 guppi_56195_1816+45_00 817.34000000 56196.08263751531049834 15.14000 1 
 guppi_56195_1816+45_00 817.20800000 56196.08324630678060174 13.61000 1 
 guppi_56195_1816+45_00 816.36000000 56196.08385617519779842 11.63000 1 
 guppi_56195_1816+45_00 816.10500000 56196.08446500515319855 12.39000 1 
 guppi_56195_1816+45_00 816.11100000 56196.08507571865159846 12.85000 1 
 guppi_56195_1816+45_00 815.85100000 56196.08568355166750052 13.30000 1 
 guppi_56195_1816+45_00 816.02800000 56196.08629156698640017 16.58000 1 
 guppi_56195_1816+45_00 809.94900000 56196.08682386839009837 15.07000 1 
