 -1436.68250      0.000549      0.01308 55508.705756980874867 -1436.294243019123769   350.012000 NOT stovall14_350
 -1436.68225     -0.028769      0.01225 55508.706024948391132 -1436.293975051607276   350.012000 NOT stovall14_350
 -1436.68201      0.040669      0.01618 55508.706292917122482 -1436.293707082874334   350.012000 NOT stovall14_350
 -1436.68176     -0.015737      0.01098 55508.706560884471401 -1436.293439115525871   350.012000 NOT stovall14_350
 -1436.68140      0.005657      0.01290 55508.706828852795297 -1436.293171147204703   350.012000 NOT stovall14_350
 -1418.78394      0.018402      0.00720 55526.604332346905721 -1418.395667653094279   350.012000 NOT stovall14_350
 -1418.78369     -0.012386      0.00634 55526.604600291306269 -1418.395399708697141   350.012000 NOT stovall14_350
 -1418.78345     -0.003917      0.00699 55526.604868273119791 -1418.395131726879754   350.012000 NOT stovall14_350
 -1418.78308     -0.009820      0.00714 55526.605136217833206 -1418.394863782167477   350.012000 NOT stovall14_350
 -1418.78284     -0.000703      0.00702 55526.605404199683107 -1418.394595800313709   350.012000 NOT stovall14_350
 -1355.67126      0.019786      0.00957 55589.716973408561898 -1355.283026591438329   350.024000 NOT stovall14_350
 -1355.66992      0.002560      0.00610 55589.718348234920995 -1355.281651765081961   350.024000 NOT stovall14_350
 -1355.66858      0.025348      0.00738 55589.719723059337412 -1355.280276940663043   350.024000 NOT stovall14_350
 -1355.66724      0.014451      0.00787 55589.721097881039896 -1355.278902118958513   350.024000 NOT stovall14_350
 -1355.66577      0.020193      0.00878 55589.722472700690560 -1355.277527299309213   350.024000 NOT stovall14_350
 -1353.59460      0.023536      0.00841 55591.793667931087839 -1353.206332068910115   350.024000 NOT stovall14_350
 -1353.59326      0.009411      0.00881 55591.795042763784295 -1353.204957236219343   350.024000 NOT stovall14_350
 -1353.59192      0.028609      0.00802 55591.796417593657679 -1353.203582406340729   350.024000 NOT stovall14_350
 -1353.59045      0.027749      0.00830 55591.797792420053156 -1353.202207579947071   350.024000 NOT stovall14_350
 -1353.58911      0.012842      0.00767 55591.799167242978001 -1353.200832757021089   350.024000 NOT stovall14_350
 -1353.52490      0.042664      0.00788 55591.863341130469053 -1353.136658869532539   350.024000 NOT stovall14_350
 -1353.52209      0.032436      0.00574 55591.866183986145188 -1353.133816013854130   350.024000 NOT stovall14_350
 -1353.51929      0.031317      0.00750 55591.869026865068008 -1353.130973134929945   350.024000 NOT stovall14_350
 -1340.52405      0.038341      0.01291 55604.864262533745205 -1340.135737466258206   820.049000 NOT stovall14_820
 -1340.52258      0.028603      0.01072 55604.865651977219386 -1340.134348022781069   820.049000 NOT stovall14_820
 -1340.52124      0.024008      0.01068 55604.867041380821320 -1340.132958619178453   820.049000 NOT stovall14_820
 -1340.51990      0.022354      0.01803 55604.868430781541974 -1340.131569218455070   820.049000 NOT stovall14_820
 -1340.51843     -0.003382      0.01272 55604.869820179141243 -1340.130179820855346   820.049000 NOT stovall14_820
 -1338.47693      0.008788      0.00963 55606.911395892966539 -1338.088604107036417   820.049000 NOT stovall14_820
 -1338.47546      0.012925      0.01348 55606.912776553806907 -1338.087223446193775   820.049000 NOT stovall14_820
 -1338.47412      0.023445      0.01155 55606.914157176768640 -1338.085842823230223   820.049000 NOT stovall14_820
 -1338.47278     -0.004274      0.01285 55606.915537872133427 -1338.084462127870211   820.049000 NOT stovall14_820
 -1338.47131      0.008632      0.01352 55606.916918529823306 -1338.083081470176921   820.049000 NOT stovall14_820
 -1334.53235      0.010856      0.00725 55610.855938611028250 -1334.144061388971295   820.049000 NOT stovall14_820
 -1334.53101     -0.009215      0.00531 55610.857319273010944 -1334.142680726990420   820.049000 NOT stovall14_820
 -1334.52954      0.013192      0.00598 55610.858699936230551 -1334.141300063772178   820.049000 NOT stovall14_820
 -1334.52820      0.012693      0.00573 55610.860080599835783 -1334.139919400167628   820.049000 NOT stovall14_820
 -1334.52686      0.011037      0.00692 55610.861461263979436 -1334.138538736019427   820.049000 NOT stovall14_820
 -1332.49170      0.019921      0.00922 55612.896559846478340 -1332.103440153524161   820.049000 NOT stovall14_820
 -1332.49097      0.039759      0.01160 55612.897258905795752 -1332.102741094202202   820.049000 NOT stovall14_820
 -1332.49036      0.019276      0.00935 55612.897958002315136 -1332.102041997682591   820.049000 NOT stovall14_820
 -1332.48962      0.035655      0.00985 55612.898657063029532 -1332.101342936970923   820.049000 NOT stovall14_820
 -1332.48889      0.015869      0.00730 55612.899356124049518 -1332.100643875949800   820.049000 NOT stovall14_820
 -1330.58813      0.020724      0.01002 55614.800181411192170 -1330.199818588810103   820.049000 NOT stovall14_820
 -1330.58740     -0.002960      0.01109 55614.800880486400274 -1330.199119513599044   820.049000 NOT stovall14_820
 -1330.58667      0.008664      0.00745 55614.801579525672423 -1330.198420474325985   820.049000 NOT stovall14_820
 -1330.58606      0.020658      0.01119 55614.802278602517617 -1330.197721397483519   820.049000 NOT stovall14_820
 -1330.58533      0.010707      0.00948 55614.802977679697506 -1330.197022320301130   820.049000 NOT stovall14_820
 -1325.55359      0.015947      0.01406 55619.834677790902788 -1325.165322209099259   820.049000 NOT stovall14_820
 -1325.55286      0.005294      0.00977 55619.835376884278958 -1325.164623115721042   820.049000 NOT stovall14_820
 -1325.55225      0.039072      0.00786 55619.836075942046591 -1325.163924057952499   820.049000 NOT stovall14_820
 -1325.55151      0.009553      0.01046 55619.836774999908812 -1325.163225000088232   820.049000 NOT stovall14_820
 -1325.55078      0.026916      0.01069 55619.837474096100777 -1325.162525903900132   820.049000 NOT stovall14_820
 -1324.86316      0.034916      0.01138 55620.525070353527553 -1324.474929646469491   820.049000 NOT stovall14_820
 -1324.86255      0.012890      0.00994 55620.525769440937438 -1324.474230559061425   820.049000 NOT stovall14_820
 -1324.86182      0.016733      0.00968 55620.526468529664271 -1324.473531470335274   820.049000 NOT stovall14_820
 -1324.86108      0.011246      0.00801 55620.527167582346010 -1324.472832417657173   820.049000 NOT stovall14_820
 -1324.86035      0.006022      0.00955 55620.527866673000972 -1324.472133327001529   820.049000 NOT stovall14_820
 -1322.08118     -0.006078      0.00419 55623.307095551717794 -1321.692904448281752   350.012000 NOT stovall14_350
 -1322.08057      0.000095      0.00374 55623.307771308973315 -1321.692228691025548   350.012000 NOT stovall14_350
 -1322.07983     -0.006938      0.00404 55623.308447102848731 -1321.691552897154224   350.012000 NOT stovall14_350
 -1322.07910      0.000324      0.00392 55623.309122859755007 -1321.690877140243856   350.012000 NOT stovall14_350
 -1322.07849      0.001058      0.00346 55623.309798616428452 -1321.690201383572003   350.012000 NOT stovall14_350
 -1322.01514     -0.005097      0.00559 55623.373195888947521 -1321.626804111052252   350.012000 NOT stovall14_350
 -1322.01477      0.007735      0.00468 55623.373452206375077 -1321.626547793621285   350.012000 NOT stovall14_350
 -1322.01453     -0.002177      0.00521 55623.373708523657115 -1321.626291476342203   350.012000 NOT stovall14_350
 -1322.01428     -0.001699      0.00351 55623.373964878126571 -1321.626035121876157   350.012000 NOT stovall14_350
 -1322.01404      0.002485      0.00512 55623.374221195786959 -1321.625778804209631   350.012000 NOT stovall14_350
 -1321.10022     -0.005907      0.00390 55624.288076515498688 -1320.711923484498811   350.012000 NOT stovall14_350
 -1321.09961     -0.013159      0.00415 55624.288612457188719 -1320.711387542814236   350.012000 NOT stovall14_350
 -1321.09912     -0.013753      0.00477 55624.289148435353127 -1320.710851564646873   350.012000 NOT stovall14_350
 -1321.09863     -0.005222      0.00344 55624.289684376111836 -1320.710315623887936   350.012000 NOT stovall14_350
 -1321.09802     -0.004008      0.00464 55624.290220316230261 -1320.709779683771330   350.012000 NOT stovall14_350
 -1321.00195      0.005839      0.00413 55624.386367332095688 -1320.613632667905676   350.012000 NOT stovall14_350
 -1321.00122      0.000178      0.00331 55624.387043127266224 -1320.612956872733776   350.012000 NOT stovall14_350
 -1321.00061     -0.004631      0.00360 55624.387718885256618 -1320.612281114745201   350.012000 NOT stovall14_350
 -1320.99988      0.004144      0.00407 55624.388394643174252 -1320.611605356828477   350.012000 NOT stovall14_350
 -1320.99927     -0.002926      0.00358 55624.389070437639020 -1320.610929562360525   350.012000 NOT stovall14_350
 -1320.97375     -0.000129      0.00458 55624.414527087450551 -1320.585472912552405   350.012000 NOT stovall14_350
 -1320.97339     -0.001019      0.00460 55624.414923222502694 -1320.585076777495715   350.012000 NOT stovall14_350
 -1320.97290      0.000898      0.00486 55624.415319394618564 -1320.584680605378708   350.012000 NOT stovall14_350
 -1320.97253      0.001049      0.00536 55624.415715529845329 -1320.584284470157627   350.012000 NOT stovall14_350
 -1320.97217      0.006853      0.00506 55624.416111665210337 -1320.583888334791482   350.012000 NOT stovall14_350
 -1320.54846     -0.004133      0.00540 55624.839767726174614 -1320.160232273829024   350.012000 NOT stovall14_350
 -1320.54785     -0.007313      0.00647 55624.840455149322224 -1320.159544850677548   350.012000 NOT stovall14_350
 -1320.54712      0.006193      0.00621 55624.841142573633988 -1320.158857426368741   350.012000 NOT stovall14_350
 -1320.54639      0.010861      0.00469 55624.841829998804315 -1320.158170001195003   350.012000 NOT stovall14_350
 -1320.54578      0.003742      0.00490 55624.842517424811376 -1320.157482575188396   350.012000 NOT stovall14_350
 -1319.67871     -0.001527      0.00660 55625.709565444471082 -1319.290434555527099   350.012000 NOT stovall14_350
 -1319.67798      0.003622      0.00522 55625.710252870121622 -1319.289747129878833   350.012000 NOT stovall14_350
 -1319.67737     -0.006635      0.00551 55625.710940294891770 -1319.289059705110958   350.012000 NOT stovall14_350
 -1319.67664     -0.011548      0.00464 55625.711627719007083 -1319.288372280991553   350.012000 NOT stovall14_350
 -1319.67590     -0.006441      0.00442 55625.712315142525767 -1319.287684857474915   350.012000 NOT stovall14_350
 -1318.76392     -0.000928      0.00376 55626.624342106100812 -1318.375657893901462   350.012000 NOT stovall14_350
 -1318.76306     -0.009585      0.00408 55626.625169340142747 -1318.374830659857707   350.012000 NOT stovall14_350
 -1318.76233      0.000092      0.00397 55626.625996575610770 -1318.374003424389457   350.012000 NOT stovall14_350
 -1318.76147     -0.001861      0.00466 55626.626823812170187 -1318.373176187832314   350.012000 NOT stovall14_350
 -1318.76062     -0.007865      0.00485 55626.627651049915585 -1318.372348950088053   350.012000 NOT stovall14_350
 -1317.98853     -0.002587      0.00411 55627.399715073283005 -1317.600284926717677   350.012000 NOT stovall14_350
 -1317.98792     -0.000835      0.00376 55627.400402470135305 -1317.599597529865150   350.012000 NOT stovall14_350
 -1317.98718     -0.010897      0.00344 55627.401089904727996 -1317.598910095271094   350.012000 NOT stovall14_350
 -1317.98645     -0.005541      0.00372 55627.401777340419358 -1317.598222659583598   350.012000 NOT stovall14_350
 -1317.98584     -0.005160      0.00427 55627.402464740000141 -1317.597535260002360   350.012000 NOT stovall14_350
 -1315.56323      0.003880      0.00374 55629.825018261537480 -1315.174981738463657   350.012000 NOT stovall14_350
 -1315.56238      0.003246      0.00377 55629.825845488157938 -1315.174154511839788   350.012000 NOT stovall14_350
 -1315.56165     -0.000824      0.00316 55629.826672715011227 -1315.173327284988318   350.012000 NOT stovall14_350
 -1315.56079      0.007733      0.00375 55629.827499979248387 -1315.172500020750476   350.012000 NOT stovall14_350
 -1315.55994     -0.003460      0.00374 55629.828327206610993 -1315.171672793386733   350.012000 NOT stovall14_350
 -1313.75635     -0.003163      0.00349 55631.631875012695673 -1313.368124987301826   350.012000 NOT stovall14_350
 -1313.75562      0.000033      0.00395 55631.632702240196522 -1313.367297759806888   350.012000 NOT stovall14_350
 -1313.75476     -0.005641      0.00316 55631.633529504862963 -1313.366470495136582   350.012000 NOT stovall14_350
 -1313.75391      0.001490      0.00358 55631.634356733076856 -1313.365643266925417   350.012000 NOT stovall14_350
 -1313.75305     -0.005915      0.00438 55631.635183961479925 -1313.364816038517347   350.012000 NOT stovall14_350
 -1312.72473     -0.005190      0.00384 55632.663489183156344 -1312.336510816845248   350.012000 NOT stovall14_350
 -1312.72278     -0.000979      0.00388 55632.665551458580012 -1312.334448541416350   350.012000 NOT stovall14_350
 -1312.72070     -0.000772      0.00391 55632.667613728670403 -1312.332386271326413   350.012000 NOT stovall14_350
 -1312.71863     -0.000084      0.00383 55632.669675993733108 -1312.330324006263481   350.012000 NOT stovall14_350
 -1312.71655     -0.001472      0.00362 55632.671738254008233 -1312.328261745991313   350.012000 NOT stovall14_350
 -1311.84167     -0.004699      0.00370 55633.546640700762509 -1311.453359299240446   350.012000 NOT stovall14_350
 -1311.84009     -0.007025      0.00342 55633.548213629153906 -1311.451786370844047   350.012000 NOT stovall14_350
 -1311.83850     -0.007831      0.00353 55633.549786561859946 -1311.450213438142555   350.012000 NOT stovall14_350
 -1311.83691     -0.007685      0.00372 55633.551359461816901 -1311.448640538183326   350.012000 NOT stovall14_350
 -1311.83533     -0.006516      0.00387 55633.552932402868464 -1311.447067597129262   350.012000 NOT stovall14_350
 -1310.62561     -0.009634      0.00383 55634.762725114946079 -1310.237274885053694   350.012000 NOT stovall14_350
 -1310.62488     -0.004255      0.00395 55634.763412539541605 -1310.236587460455667   350.012000 NOT stovall14_350
 -1310.62415     -0.006362      0.00379 55634.764099963096669 -1310.235900036902649   350.012000 NOT stovall14_350
 -1310.62354     -0.000870      0.00338 55634.764787385778618 -1310.235212614222291   350.012000 NOT stovall14_350
 -1310.62280      0.002745      0.00365 55634.765474807471037 -1310.234525192527371   350.012000 NOT stovall14_350
 -1310.13110     -0.001932      0.00375 55635.257116683009372 -1309.742883316992902   350.012000 NOT stovall14_350
 -1310.13074      0.000452      0.00465 55635.257524500004365 -1309.742475499993361   350.012000 NOT stovall14_350
 -1310.13037     -0.001747      0.00465 55635.257932280168461 -1309.742067719831994   350.012000 NOT stovall14_350
 -1310.12988     -0.003528      0.00541 55635.258340060507180 -1309.741659939495094   350.012000 NOT stovall14_350
 -1310.12952      0.001089      0.00362 55635.258747878040595 -1309.741252121958041   350.012000 NOT stovall14_350
 -1310.07678     -0.002170      0.00389 55635.311505482866778 -1309.688494517130493   350.012000 NOT stovall14_350
 -1310.07629     -0.003288      0.00378 55635.311983184954443 -1309.688016815044193   350.012000 NOT stovall14_350
 -1310.07581     -0.012582      0.00373 55635.312460887420457 -1309.687539112578861   350.012000 NOT stovall14_350
 -1310.07532     -0.005648      0.00345 55635.312938590548583 -1309.687061409452099   350.012000 NOT stovall14_350
 -1310.07483     -0.000837      0.00377 55635.313416294127819 -1309.686583705875364   350.012000 NOT stovall14_350
 -1299.08179     -0.007051      0.00398 55646.306532208145654 -1298.693467791852299   350.012000 NOT stovall14_350
 -1299.08105     -0.004941      0.00352 55646.307219639289542 -1298.692780360711595   350.012000 NOT stovall14_350
 -1299.08032     -0.004216      0.00354 55646.307907069480279 -1298.692092930522222   350.012000 NOT stovall14_350
 -1299.07971     -0.008020      0.00363 55646.308594498674211 -1298.691405501323970   350.012000 NOT stovall14_350
 -1299.07898     -0.000026      0.00387 55646.309281927067786 -1298.690718072931531   350.012000 NOT stovall14_350
 -1297.63611     -0.004776      0.00407 55647.752217889283202 -1297.247782110718390   350.012000 NOT stovall14_350
 -1297.63464      0.000748      0.00393 55647.753592744862544 -1297.246407255136319   350.012000 NOT stovall14_350
 -1297.63330     -0.001098      0.00320 55647.754967596563802 -1297.245032403436880   350.012000 NOT stovall14_350
 -1297.63196      0.000517      0.00355 55647.756342444481561 -1297.243657555519349   350.012000 NOT stovall14_350
 -1297.63062      0.002954      0.00437 55647.757717288564891 -1297.242282711436928   350.012000 NOT stovall14_350
 -1292.81433      0.009602      0.00423 55652.573996565006382 -1292.426003434992708   374.728000 GUPPI_1816+45_55652_49 fiore23
 -1292.81433     -0.010899      0.00244 55652.573992241254018 -1292.426007758745527   325.550000 GUPPI_1816+45_55652_49 fiore23
 -1292.81396      0.009913      0.00343 55652.574306749571406 -1292.425693250426548   374.596000 GUPPI_1816+45_55652_49 fiore23
 -1292.81396     -0.015377      0.00216 55652.574302351858933 -1292.425697648141977   324.824000 GUPPI_1816+45_55652_49 fiore23
 -1292.78845     -0.028991      0.00472 55652.599835952307330 -1292.400164047696308   374.471000 GUPPI_1816+45_55652_51 fiore23
 -1292.78845      0.018086      0.00384 55652.599831518338760 -1292.400168481664195   324.303000 GUPPI_1816+45_55652_51 fiore23
 -1292.78735     -0.020754      0.00445 55652.600891625974327 -1292.399108374022717   374.567000 GUPPI_1816+45_55652_51 fiore23
 -1292.78735      0.019134      0.00333 55652.600887228873034 -1292.399112771126738   324.642000 GUPPI_1816+45_55652_51 fiore23
 -1288.97107      0.003383      0.00377 55656.417172614899755 -1288.582827385103428   350.012000 NOT stovall14_350
 -1288.97046     -0.001138      0.00397 55656.417848396369664 -1288.582151603628063   350.012000 NOT stovall14_350
 -1288.96973     -0.006943      0.00412 55656.418524176900974 -1288.581475823096753   350.012000 NOT stovall14_350
 -1288.96912     -0.006138      0.00424 55656.419199956580997 -1288.580800043420368   350.012000 NOT stovall14_350
 -1288.96838      0.000771      0.00480 55656.419875735395181 -1288.580124264607548   350.012000 NOT stovall14_350
 -1287.81604      0.002797      0.00426 55657.572278075756913 -1287.427721924241268   350.012000 NOT stovall14_350
 -1287.81531     -0.000550      0.00358 55657.572965520252183 -1287.427034479748727   350.012000 NOT stovall14_350
 -1287.81458     -0.000037      0.00386 55657.573652927327203 -1287.426347072670524   350.012000 NOT stovall14_350
 -1287.81396     -0.000125      0.00326 55657.574340370862046 -1287.425659629141364   350.012000 NOT stovall14_350
 -1287.81323      0.000254      0.00375 55657.575027776954812 -1287.424972223045415   350.012000 NOT stovall14_350
 -1286.63867     -0.003284      0.00352 55658.749635263040545 -1286.250364736959682   350.012000 NOT stovall14_350
 -1286.63794      0.001197      0.00440 55658.750322667234286 -1286.249677332765941   350.012000 NOT stovall14_350
 -1286.63721     -0.000678      0.00408 55658.751010109197523 -1286.248989890806115   350.012000 NOT stovall14_350
 -1286.63660     -0.002404      0.00407 55658.751697515086562 -1286.248302484910027   350.012000 NOT stovall14_350
 -1286.63586     -0.004100      0.00336 55658.752384958839684 -1286.247615041163499   350.012000 NOT stovall14_350
 -1273.91321      0.011855      0.00674 55671.475068061437923 -1273.524931938564350   820.049000 NOT stovall14_820
 -1273.91248     -0.003506      0.00706 55671.475755467625277 -1273.524244532378361   820.049000 NOT stovall14_820
 -1273.91187      0.009011      0.00795 55671.476442911465710 -1273.523557088531561   820.049000 NOT stovall14_820
 -1273.91113      0.010604      0.00615 55671.477130318591662 -1273.522869681406974   820.049000 NOT stovall14_820
 -1273.91040      0.004060      0.00738 55671.477817725979548 -1273.522182274021816   820.049000 NOT stovall14_820
 -1264.26465     -0.003888      0.00386 55681.123612644565583 -1263.876387355431461   350.012000 NOT stovall14_350
 -1264.26257     -0.002485      0.00271 55681.125686569022946 -1263.874313430977054   350.012000 NOT stovall14_350
 -1264.26050     -0.001103      0.00339 55681.127760501527518 -1263.872239498474983   350.012000 NOT stovall14_350
 -1264.25842     -0.000303      0.00324 55681.129834405248403 -1263.870165594748414   350.012000 NOT stovall14_350
 -1264.25635     -0.001208      0.00329 55681.131908280316566 -1263.868091719682752   350.012000 NOT stovall14_350
 -1243.95374      0.027205      0.01006 55701.434549987308856 -1243.565450012694555   820.049000 NOT stovall14_820
 -1243.95300      0.007726      0.01128 55701.435237396071898 -1243.564762603928102   820.049000 NOT stovall14_820
 -1243.95239      0.019892      0.01102 55701.435924805497052 -1243.564075194504767   820.049000 NOT stovall14_820
 -1243.95166      0.023313      0.01254 55701.436612215096829 -1243.563387784903171   820.049000 NOT stovall14_820
 -1243.95093     -0.011658      0.01486 55701.437299661483848 -1243.562700338516834   820.049000 NOT stovall14_820
 -1223.97327      0.001759      0.00418 55721.415031801567238 -1223.584968198433899   350.012000 NOT stovall14_350
 -1223.97253      0.001098      0.00405 55721.415707568870857 -1223.584292431129143   350.012000 NOT stovall14_350
 -1223.97192      0.008359      0.00428 55721.416383335395949 -1223.583616664604961   350.012000 NOT stovall14_350
 -1223.97119      0.012708      0.00424 55721.417059064064233 -1223.582940935937586   350.012000 NOT stovall14_350
 -1223.97058      0.007720      0.00427 55721.417734828712128 -1223.582265171285826   350.012000 NOT stovall14_350
 -1190.18799     -0.004201      0.00580 55755.200296702350897 -1189.799703297647056   820.049000 NOT stovall14_820
 -1190.18628     -0.006930      0.00697 55755.201965687891061 -1189.798034312110758   820.049000 NOT stovall14_820
 -1190.18469     -0.010451      0.00582 55755.203634638775839 -1189.796365361224389   820.049000 NOT stovall14_820
 -1190.18298      0.005975      0.00668 55755.205303629016271 -1189.794696370981001   820.049000 NOT stovall14_820
 -1190.18127     -0.005569      0.00546 55755.206972583982861 -1189.793027416016002   820.049000 NOT stovall14_820
 -1190.17944     -0.008356      0.00610 55755.208781403074681 -1189.791218596927138   820.049000 NOT stovall14_820
 -1190.17761     -0.012351      0.00605 55755.210642598562117 -1189.789357401437883   820.049000 NOT stovall14_820
 -1190.17578      0.017989      0.00654 55755.212503833266965 -1189.787496166734854   820.049000 NOT stovall14_820
 -1190.17395     -0.005356      0.00636 55755.214365032014030 -1189.785634967987107   820.049000 NOT stovall14_820
 -1190.17200      0.003721      0.00527 55755.216226232536428 -1189.783773767465846   820.049000 NOT stovall14_820
 -1190.17053      0.002649      0.00665 55755.217787416695501 -1189.782212583305864   820.049000 NOT stovall14_820
 -1190.16931      0.000103      0.00832 55755.219019458258117 -1189.780980541744157   820.049000 NOT stovall14_820
 -1190.16797     -0.001691      0.00615 55755.220251537146396 -1189.779748462852922   820.049000 NOT stovall14_820
 -1190.16675      0.010885      0.00780 55755.221483616493060 -1189.778516383503984   820.049000 NOT stovall14_820
 -1190.16553     -0.011882      0.00825 55755.222715658695961 -1189.777284341302220   820.049000 NOT stovall14_820
 -1174.37561      0.018831      0.00801 55771.012635324594157 -1173.987364675407662   820.049000 NOT stovall14_820
 -1174.37427      0.010585      0.00655 55771.014021770766703 -1173.985978229232614   820.049000 NOT stovall14_820
 -1174.37292     -0.009584      0.00844 55771.015408183862746 -1173.984591816138163   820.049000 NOT stovall14_820
 -1174.37146     -0.000417      0.00705 55771.016794601309812 -1173.983205398689734   820.049000 NOT stovall14_820
 -1174.37012     -0.003737      0.00837 55771.018181022627687 -1173.981818977373905   820.049000 NOT stovall14_820
 -1174.36865     -0.000148      0.00994 55771.019567484989238 -1173.980432515013490   820.049000 NOT stovall14_820
 -1174.36731     -0.016247      0.00873 55771.020953914157872 -1173.979046085838490   820.049000 NOT stovall14_820
 -1174.36597     -0.015636      0.00746 55771.022340310562868 -1173.977659689437587   820.049000 NOT stovall14_820
 -1174.36450      0.019727      0.00840 55771.023726748302579 -1173.976273251698103   820.049000 NOT stovall14_820
 -1174.36316     -0.003200      0.00613 55771.025113189331023 -1173.974886810668977   820.049000 NOT stovall14_820
 -1174.33679     -0.019247      0.00792 55771.051511990161089 -1173.948488009836638   820.049000 NOT stovall14_820
 -1174.33533     -0.012300      0.00806 55771.052898430614732 -1173.947101569385950   820.049000 NOT stovall14_820
 -1174.33398     -0.002883      0.00938 55771.054284874247969 -1173.945715125751121   820.049000 NOT stovall14_820
 -1174.33264      0.008752      0.00911 55771.055671284040727 -1173.944328715955862   820.049000 NOT stovall14_820
 -1174.33118      0.004272      0.00851 55771.057057733647525 -1173.942942266354976   820.049000 NOT stovall14_820
 -1174.32983     -0.022548      0.00779 55771.058444148991839 -1173.941555851005205   820.049000 NOT stovall14_820
 -1174.32849      0.008096      0.00674 55771.059830567908648 -1173.940169432088624   820.049000 NOT stovall14_820
 -1174.32703      0.007985      0.00821 55771.061216989306558 -1173.938783010694351   820.049000 NOT stovall14_820
 -1174.32568     -0.004620      0.00645 55771.062603413316538 -1173.937396586680279   820.049000 NOT stovall14_820
 -1174.32434     -0.005743      0.00625 55771.063989840156864 -1173.936010159839952   820.049000 NOT stovall14_820
 -1173.37256      0.003176      0.00803 55772.015748537894979 -1172.984251462107068   820.049000 NOT stovall14_820
 -1173.37134      0.012795      0.00788 55772.016960221670161 -1172.983039778329157   820.049000 NOT stovall14_820
 -1173.37012      0.004339      0.00688 55772.018171868810896 -1172.981828131188877   820.049000 NOT stovall14_820
 -1173.36890     -0.024639      0.00651 55772.019383553255466 -1172.980616446744534   820.049000 NOT stovall14_820
 -1173.36768      0.011844      0.01063 55772.020595202156983 -1172.979404797844154   820.049000 NOT stovall14_820
 -1173.36646      0.018414      0.00651 55772.021806888376886 -1172.978193111621977   820.049000 NOT stovall14_820
 -1173.36523     -0.006385      0.00635 55772.023018538064207 -1172.976981461938294   820.049000 NOT stovall14_820
 -1173.36401     -0.004353      0.00655 55772.024230225848441 -1172.975769774151104   820.049000 NOT stovall14_820
 -1173.36279     -0.014661      0.00552 55772.025441877442063 -1172.974558122557482   820.049000 NOT stovall14_820
 -1173.36157      0.002252      0.00767 55772.026653530316253 -1172.973346469685339   820.049000 NOT stovall14_820
 -1172.35266     -0.026101      0.01145 55773.035647775250254 -1171.964352224752929   820.049000 NOT stovall14_820
 -1172.34851     -0.010359      0.01269 55773.039795398857677 -1171.960204601144596   820.049000 NOT stovall14_820
 -1172.34436     -0.017357      0.00789 55773.043943031698291 -1171.956056968304665   820.049000 NOT stovall14_820
 -1172.34021     -0.009764      0.00787 55773.048090675940330 -1171.951909324059216   820.049000 NOT stovall14_820
 -1172.33606     -0.035374      0.00881 55773.052238295960706 -1171.947761704039067   820.049000 NOT stovall14_820
 -1171.27832      0.010443      0.00498 55774.109919600115973 -1170.890080399886756   820.049000 NOT stovall14_820
 -1171.27588      0.004042      0.00514 55774.112348768278025 -1170.887651231719019   820.049000 NOT stovall14_820
 -1171.27356      0.003697      0.00517 55774.114777925846283 -1170.885222074150761   820.049000 NOT stovall14_820
 -1171.27112      0.001476      0.00444 55774.117207072995370 -1170.882792927003038   820.049000 NOT stovall14_820
 -1171.26868     -0.001263      0.00493 55774.119636210030876 -1170.880363789971170   820.049000 NOT stovall14_820
 -1171.26624     -0.002181      0.00570 55774.122065374234808 -1170.877934625766557   820.049000 NOT stovall14_820
 -1171.26379     -0.014226      0.00668 55774.124494528834475 -1170.875505471169163   820.049000 NOT stovall14_820
 -1171.26135      0.007287      0.00599 55774.126923711635754 -1170.873076288365837   820.049000 NOT stovall14_820
 -1171.25891      0.003146      0.00619 55774.129352848409326 -1170.870647151592493   820.049000 NOT stovall14_820
 -1171.25647      0.018684      0.00612 55774.131782013959310 -1170.868217986042509   820.049000 NOT stovall14_820
 -1171.24329     -0.001673      0.00897 55774.145000039439765 -1170.854999960563418   820.049000 NOT stovall14_820
 -1171.24255      0.011118      0.00944 55774.145693245940492 -1170.854306754056552   820.049000 NOT stovall14_820
 -1171.24194      0.010770      0.00789 55774.146386451844592 -1170.853613548152907   820.049000 NOT stovall14_820
 -1171.24121     -0.018180      0.00787 55774.147079693932028 -1170.852920306067062   820.049000 NOT stovall14_820
 -1171.24048      0.001505      0.01198 55774.147772899195843 -1170.852227100800746   820.049000 NOT stovall14_820
 -1171.23987      0.006301      0.00787 55774.148466103877581 -1170.851533896124920   820.049000 NOT stovall14_820
 -1171.23914      0.000548      0.00942 55774.149159308020899 -1170.850840691978419   820.049000 NOT stovall14_820
 -1171.23840     -0.017449      0.00980 55774.149852548580384 -1170.850147451416433   820.049000 NOT stovall14_820
 -1171.23767      0.013037      0.00888 55774.150545752367179 -1170.849454247631229   820.049000 NOT stovall14_820
 -1171.23706      0.000029      0.00743 55774.151238955273584 -1170.848761044723233   820.049000 NOT stovall14_820
 -1170.37769     -0.001866      0.00582 55775.010584558716801 -1169.989415441283199   820.049000 NOT stovall14_820
 -1170.37561      0.005224      0.00513 55775.012664181187574 -1169.987335818812880   820.049000 NOT stovall14_820
 -1170.37354      0.001597      0.00463 55775.014743848456419 -1169.985256151543126   820.049000 NOT stovall14_820
 -1170.37146     -0.007257      0.00578 55775.016823486512294 -1169.983176513488843   820.049000 NOT stovall14_820
 -1170.36938      0.001751      0.00658 55775.018903095449787 -1169.981096904552260   820.049000 NOT stovall14_820
 -1170.36731      0.009337      0.00668 55775.020982748785173 -1169.979017251217556   820.049000 NOT stovall14_820
 -1170.36523      0.003318      0.00694 55775.023062372267304 -1169.976937627734287   820.049000 NOT stovall14_820
 -1170.36316      0.002934      0.00717 55775.025142002879875 -1169.974857997119216   820.049000 NOT stovall14_820
 -1170.36108     -0.000208      0.00792 55775.027221640324569 -1169.972778359677477   820.049000 NOT stovall14_820
 -1170.35901     -0.002583      0.00587 55775.029301284412213 -1169.970698715585741   820.049000 NOT stovall14_820
 -1170.34143     -0.001550      0.00893 55775.046833439540933 -1169.953166560462023   820.049000 NOT stovall14_820
 -1170.33948     -0.016001      0.00908 55775.048773272712424 -1169.951226727290305   820.049000 NOT stovall14_820
 -1170.33752      0.007329      0.00846 55775.050713072785584 -1169.949286927217372   820.049000 NOT stovall14_820
 -1170.33557      0.004330      0.00716 55775.052652912694612 -1169.947347087303797   820.049000 NOT stovall14_820
 -1170.33374     -0.002856      0.00994 55775.054592755499471 -1169.945407244498710   820.049000 NOT stovall14_820
 -1170.33179     -0.000767      0.00689 55775.056532564143708 -1169.943467435855609   820.049000 NOT stovall14_820
 -1170.32983     -0.003946      0.00523 55775.058472412129049 -1169.941527587870496   820.049000 NOT stovall14_820
 -1170.32788     -0.005028      0.00690 55775.060412225364416 -1169.939587774634674   820.049000 NOT stovall14_820
 -1170.32593     -0.007263      0.00614 55775.062352077482501 -1169.937647922518863   820.049000 NOT stovall14_820
 -1170.32397     -0.011318      0.00541 55775.064291894290363 -1169.935708105712138   820.049000 NOT stovall14_820
 -1165.41455      0.003195      0.00850 55779.973679268608976 -1165.026320731391252   820.049000 NOT stovall14_820
 -1165.41248     -0.006886      0.00875 55779.975758889333520 -1165.024241110668754   820.049000 NOT stovall14_820
 -1165.41040      0.024924      0.01033 55779.977838514911127 -1165.022161485088418   820.049000 NOT stovall14_820
 -1165.40833      0.008825      0.00958 55779.979918144592375 -1165.020081855406715   820.049000 NOT stovall14_820
 -1165.40625      0.006331      0.00921 55779.981997779366793 -1165.018002220634116   820.049000 NOT stovall14_820
 -1165.40417      0.020537      0.00952 55779.984077419532696 -1165.015922580464121   820.049000 NOT stovall14_820
 -1165.40210      0.012207      0.01121 55779.986157064915460 -1165.013842935086814   820.049000 NOT stovall14_820
 -1165.40002      0.022543      0.01098 55779.988236679280817 -1165.011763320722821   820.049000 NOT stovall14_820
 -1165.39795     -0.012774      0.00926 55779.990316336043179 -1165.009683663959095   820.049000 NOT stovall14_820
 -1165.39587     -0.008872      0.00688 55779.992395962523005 -1165.007604037480178   820.049000 NOT stovall14_820
 -1165.38416      0.020343      0.00822 55780.004129815628403 -1164.995870184373871   820.049000 NOT stovall14_820
 -1165.38208      0.020370      0.00907 55780.006139533121313 -1164.993860466881188   820.049000 NOT stovall14_820
 -1165.38013      0.007549      0.00904 55780.008149257715559 -1164.991850742286260   820.049000 NOT stovall14_820
 -1165.37817      0.000414      0.00844 55780.010158989774936 -1164.989841010228020   820.049000 NOT stovall14_820
 -1165.37610     -0.014746      0.00659 55780.012168729270343 -1164.987831270728066   820.049000 NOT stovall14_820
 -1165.37415      0.017061      0.00893 55780.014178440025717 -1164.985821559976785   820.049000 NOT stovall14_820
 -1165.37207      0.014319      0.00888 55780.016188158158911 -1164.983811841844044   820.049000 NOT stovall14_820
 -1165.37012     -0.013689      0.00597 55780.018197920842795 -1164.981802079156978   820.049000 NOT stovall14_820
 -1165.36804      0.000311      0.00816 55780.020207618093991 -1164.979792381905099   820.049000 NOT stovall14_820
 -1165.36609     -0.013678      0.00631 55780.022217360055947 -1164.977782639941324   820.049000 NOT stovall14_820
 -1155.44141      0.014509      0.01080 55789.946846088590974 -1155.053153911408572   820.049000 NOT stovall14_820
 -1155.44019     -0.005617      0.01172 55789.948092691593047 -1155.051907308407408   820.049000 NOT stovall14_820
 -1155.43896      0.016746      0.00936 55789.949339328886708 -1155.050660671113519   820.049000 NOT stovall14_820
 -1155.43774     -0.029589      0.00968 55789.950585925253108 -1155.049414074745528   820.049000 NOT stovall14_820
 -1155.40771      0.035747      0.00866 55789.980603472991788 -1155.019396527011168   820.049000 NOT stovall14_820
 -1155.40515      0.000196      0.00726 55789.983169527178688 -1155.016830472822903   820.049000 NOT stovall14_820
 -1155.40259      0.007365      0.00778 55789.985735532114631 -1155.014264467885369   820.049000 NOT stovall14_820
 -1155.40002      0.005108      0.00703 55789.988301561344997 -1155.011698438652274   820.049000 NOT stovall14_820
 -1155.39746     -0.008919      0.00893 55789.990867615109892 -1155.009132384887835   820.049000 NOT stovall14_820
 -1155.39490     -0.001396      0.00791 55789.993433657124115 -1155.006566342873384   820.049000 NOT stovall14_820
 -1155.39233      0.018179      0.00718 55789.995999687591393 -1155.004000312407015   820.049000 NOT stovall14_820
 -1155.38977     -0.011978      0.00776 55789.998565706133377 -1155.001434293868442   820.049000 NOT stovall14_820
 -1155.38708     -0.007423      0.00671 55790.001131751036155 -1154.998868248967256   820.049000 NOT stovall14_820
 -1146.36121     -0.011131      0.00752 55799.027033294994908 -1145.972966705005774   820.049000 NOT stovall14_820
 -1146.36023     -0.020008      0.00986 55799.028070191721781 -1145.971929808278674   820.049000 NOT stovall14_820
 -1146.35913      0.000879      0.00639 55799.029107087182638 -1145.970892912820545   820.049000 NOT stovall14_820
 -1146.35815     -0.003690      0.00680 55799.030143980759021 -1145.969856019242116   820.049000 NOT stovall14_820
 -1146.35706      0.003498      0.00650 55799.031180872916593 -1145.968819127083634   820.049000 NOT stovall14_820
 -1146.35608     -0.013550      0.00699 55799.032217763269728 -1145.967782236732319   820.049000 NOT stovall14_820
 -1146.35498      0.000360      0.00821 55799.033254652480537 -1145.966745347519236   820.049000 NOT stovall14_820
 -1146.35400      0.009283      0.00713 55799.034291540170670 -1145.965708459829784   820.049000 NOT stovall14_820
 -1146.35291      0.016574      0.00711 55799.035328463360202 -1145.964671536640708   820.049000 NOT stovall14_820
 -1146.35193     -0.014770      0.00635 55799.036365347747051 -1145.963634652256360   820.049000 NOT stovall14_820
 -1146.34534      0.001333      0.00743 55799.042971166112693 -1145.957028833889353   820.049000 NOT stovall14_820
 -1146.34363     -0.004459      0.00718 55799.044704168947646 -1145.955295831052581   820.049000 NOT stovall14_820
 -1146.34180     -0.001743      0.00882 55799.046437205761322 -1145.953562794236859   820.049000 NOT stovall14_820
 -1146.34009      0.025172      0.00917 55799.048170203001064 -1145.951829797000755   820.049000 NOT stovall14_820
 -1146.33838     -0.008265      0.00635 55799.049903233753867 -1145.950096766247270   820.049000 NOT stovall14_820
 -1146.33667     -0.001173      0.00990 55799.051636225456605 -1145.948363774543850   820.049000 NOT stovall14_820
 -1146.33496      0.019730      0.00710 55799.053369251880213 -1145.946630748119333   820.049000 NOT stovall14_820
 -1146.33313     -0.002624      0.00818 55799.055102238635300 -1145.944897761364018   820.049000 NOT stovall14_820
 -1146.33142     -0.003513      0.00668 55799.056835260555090 -1145.943164739445137   820.049000 NOT stovall14_820
 -1146.32971      0.007081      0.00882 55799.058568280750478 -1145.941431719251113   820.049000 NOT stovall14_820
 -1116.41284     -0.009858      0.00746 55828.975474322789523 -1116.024525677207976   820.049000 NOT stovall14_820
 -1116.41211     -0.006287      0.00616 55828.976164596067974 -1116.023835403930434   820.049000 NOT stovall14_820
 -1116.41138     -0.018422      0.00550 55828.976854905333312 -1116.023145094664187   820.049000 NOT stovall14_820
 -1116.41077     -0.013928      0.00491 55828.977545177061984 -1116.022454822936652   820.049000 NOT stovall14_820
 -1116.41003     -0.002010      0.00708 55828.978235485061305 -1116.021764514938013   820.049000 NOT stovall14_820
 -1116.40930     -0.004521      0.00576 55828.978925755174714 -1116.021074244822103   820.049000 NOT stovall14_820
 -1116.40869     -0.014203      0.00775 55828.979616061413253 -1116.020383938588793   820.049000 NOT stovall14_820
 -1116.40796     -0.009690      0.00698 55828.980306330107851 -1116.019693669891240   820.049000 NOT stovall14_820
 -1116.40723     -0.001615      0.00507 55828.980996635065821 -1116.019003364935998   820.049000 NOT stovall14_820
 -1116.40662     -0.011750      0.00642 55828.981686902123329 -1116.018313097875534   820.049000 NOT stovall14_820
 -1116.38354     -0.014909      0.00448 55829.004779987350048 -1115.995220012650861   820.049000 NOT stovall14_820
 -1116.38293     -0.007502      0.00561 55829.005403312992712 -1115.994596687007743   820.049000 NOT stovall14_820
 -1116.38220     -0.016137      0.00481 55829.006026601178746 -1115.993973398818071   820.049000 NOT stovall14_820
 -1116.38159     -0.013864      0.00495 55829.006649889190157 -1115.993350110808706   820.049000 NOT stovall14_820
 -1116.38098     -0.009421      0.00674 55829.007273213879671 -1115.992726786119192   820.049000 NOT stovall14_820
 -1116.38037      0.000127      0.00431 55829.007896501389041 -1115.992103498613915   820.049000 NOT stovall14_820
 -1116.37976     -0.022737      0.00604 55829.008519788236299 -1115.991480211765293   820.049000 NOT stovall14_820
 -1116.37915     -0.010346      0.00623 55829.009143075214524 -1115.990856924782292   820.049000 NOT stovall14_820
 -1116.37854     -0.015292      0.00517 55829.009766398688953 -1115.990233601311957   820.049000 NOT stovall14_820
 -1116.37793     -0.006046      0.00538 55829.010389685114205 -1115.989610314887386   820.049000 NOT stovall14_820
 -1096.39551     -0.001880      0.01026 55848.992731653874216 -1096.007268346126466   350.012000 NOT stovall14_350
 -1096.39514      0.008698      0.01084 55848.993151065973507 -1096.006848934025584   350.012000 NOT stovall14_350
 -1096.39465      0.009271      0.01074 55848.993570515252941 -1096.006429484749788   350.012000 NOT stovall14_350
 -1096.39429      0.014163      0.01117 55848.993989927948860 -1096.006010072052732   350.012000 NOT stovall14_350
 -1096.39392      0.000673      0.01039 55848.994409340761194 -1096.005590659239033   350.012000 NOT stovall14_350
 -1081.50354      0.006732      0.00934 55863.884754649901879 -1081.115245350095847   820.049000 NOT stovall14_820
 -1081.50146      0.005330      0.01174 55863.886832302116090 -1081.113167697885729   820.049000 NOT stovall14_820
 -1081.49939      0.012770      0.00936 55863.888909986577346 -1081.111090013424700   820.049000 NOT stovall14_820
 -1081.49597     -0.004747      0.01381 55863.892267247043492 -1081.107732752954462   820.049000 NOT stovall14_820
 -1081.49426      0.004195      0.01373 55863.894000259744644 -1081.105999740253765   820.049000 NOT stovall14_820
 -1081.49158      0.010754      0.01301 55863.896689843968488 -1081.103310156031966   820.049000 NOT stovall14_820
 -1081.49023     -0.007278      0.01337 55863.897985973650066 -1081.102014026349480   820.049000 NOT stovall14_820
 -1081.48669      0.000998      0.01004 55863.901634218098479 -1081.098365781901975   820.049000 NOT stovall14_820
 -1081.48376      0.002293      0.01015 55863.904532263994042 -1081.095467736004139   820.049000 NOT stovall14_820
 -1053.44189      0.007485      0.01012 55891.946419025727664 -1053.053580974271654   820.049000 NOT stovall14_820
 -1053.43835      0.005612      0.01148 55891.949875386380882 -1053.050124613618436   820.049000 NOT stovall14_820
 -1053.43494     -0.002290      0.01022 55891.953331730226637 -1053.046668269776092   820.049000 NOT stovall14_820
 -1031.45447     -0.007348      0.00521 55913.933770943651325 -1031.066229056348448   869.999000 NOT stovall14_820
 -1031.45447     -0.017481      0.00648 55913.933770278294105 -1031.066229721702939   770.048000 NOT stovall14_820
 -1031.45117     -0.012039      0.00498 55913.937149621815479 -1031.062850378183839   869.999000 NOT stovall14_820
 -1031.45117      0.001368      0.00623 55913.937148956727469 -1031.062851043270712   770.048000 NOT stovall14_820
  -999.54523     -0.021821      0.00858 55945.843057851794583 -999.156942148204507   869.999000 NOT stovall14_820
  -999.54523     -0.004807      0.00690 55945.843057186728402 -999.156942813270462   770.048000 NOT stovall14_820
  -999.54187     -0.019230      0.00965 55945.846436600288143 -999.153563399710720   869.999000 NOT stovall14_820
  -999.54187     -0.010469      0.00662 55945.846435935134650 -999.153564064867965   770.048000 NOT stovall14_820
  -998.62872      0.000844      0.00647 55946.759527518173854 -998.240472481827965   867.362000 guppi_55946_1816+45_00 fiore23
  -998.62872      0.000638      0.00469 55946.759526816000289 -998.240473184002553   769.291000 guppi_55946_1816+45_00 fiore23
  -998.62604      0.006119      0.00596 55946.762265480218048 -998.237734519780815   867.647000 guppi_55946_1816+45_00 fiore23
  -998.62604      0.001754      0.00508 55946.762264777993551 -998.237735222007473   769.205000 guppi_55946_1816+45_00 fiore23
  -976.96582      0.010485      0.00765 55968.422456969085033 -976.577543030913262   869.999000 NOT stovall14_820
  -976.96582     -0.006700      0.00714 55968.422456303662329 -976.577543696340854   770.048000 NOT stovall14_820
  -976.96240     -0.011474      0.00863 55968.425856705893239 -976.574143294109263   869.999000 NOT stovall14_820
  -976.96240      0.003900      0.00672 55968.425856040834333 -976.574143959164758   770.048000 NOT stovall14_820
  -951.09747     -0.019681      0.00757 55994.290810974489432 -950.709189025511591   770.049000 NOT stovall14_820
  -951.09747     -0.023366      0.01130 55994.290811639606545 -950.709188360395729   870.049000 NOT stovall14_820
  -951.09576     -0.013362      0.00869 55994.292500402072619 -950.707499597926585   770.049000 NOT stovall14_820
  -951.09576     -0.036066      0.01017 55994.292501066971454 -950.707498933031843   870.049000 NOT stovall14_820
  -948.87146      0.003185      0.00509 55996.516847688333655 -948.483152311663730   770.048000 NOT stovall14_820
  -948.87140      0.004414      0.00668 55996.516848353516252 -948.483151646485794   869.999000 NOT stovall14_820
  -948.86804     -0.009681      0.00846 55996.520227243963745 -948.479772756032730   869.999000 NOT stovall14_820
  -948.86804     -0.005298      0.00562 55996.520226578853908 -948.479773421148479   770.048000 NOT stovall14_820
  -918.79126     -0.003396      0.00746 56026.597032379570010 -918.402967620427262   325.012000 NOT stovall14_350
  -918.79126      0.012427      0.00648 56026.597036778162874 -918.402963221840537   375.012000 NOT stovall14_350
  -918.78961     -0.002754      0.00526 56026.598663559911074 -918.401336440090972   325.012000 NOT stovall14_350
  -918.78961      0.014947      0.00998 56026.598667958525766 -918.401332041477417   375.012000 NOT stovall14_350
  -898.99017     -0.015869      0.00413 56046.398106319196813 -898.601893680805802   325.012000 NOT stovall14_350
  -898.99017     -0.010900      0.00582 56046.398110717353120 -898.601889282644265   375.012000 NOT stovall14_350
  -898.98853     -0.015366      0.00525 56046.399737500920310 -898.600262499077985   325.012000 NOT stovall14_350
  -898.98853     -0.003772      0.00616 56046.399741899171204 -898.600258100825954   375.012000 NOT stovall14_350
  -887.91809      0.002158      0.00350 56057.470168641280907 -887.529831358721026   869.999000 NOT stovall14_820
  -887.91809     -0.002753      0.00357 56057.470167976069206 -887.529832023928179   770.048000 NOT stovall14_820
  -887.91296      0.005201      0.00319 56057.475295175208885 -887.524704824789069   869.999000 NOT stovall14_820
  -887.91296     -0.007081      0.00426 56057.475294509917148 -887.524705490081374   770.048000 NOT stovall14_820
  -852.11157      0.000334      0.00403 56093.276684966062021 -851.723315033940708   869.999000 NOT stovall14_820
  -852.11157      0.000213      0.00375 56093.276684300850320 -851.723315699150362   770.048000 NOT stovall14_820
  -852.10645     -0.001419      0.00331 56093.281811382759770 -851.718188617243641   869.999000 NOT stovall14_820
  -852.10645      0.001370      0.00378 56093.281810717569897 -851.718189282426465   770.048000 NOT stovall14_820
  -817.11810      0.011036      0.01208 56128.270156274746114 -816.729843725253318   869.999000 NOT stovall14_820
  -817.11810      0.005983      0.01123 56128.270155609498033 -816.729844390502990   770.048000 NOT stovall14_820
  -817.11475      0.015433      0.01141 56128.273534976658993 -816.726465023338733   869.999000 NOT stovall14_820
  -817.11475      0.004878      0.01234 56128.273534311345429 -816.726465688656390   770.048000 NOT stovall14_820
  -786.29395      0.006001      0.00574 56159.094347049729549 -785.905652950267609   325.012000 NOT stovall14_350
  -786.29395      0.019721      0.00472 56159.094351448264206 -785.905648551738068   375.012000 NOT stovall14_350
  -786.29230      0.008572      0.00476 56159.095978141682281 -785.904021858317378   325.012000 NOT stovall14_350
  -786.29230      0.013804      0.00498 56159.095982540107798 -785.904017459893453   375.012000 NOT stovall14_350
  -766.57379     -0.010708      0.01539 56178.814476103951165 -766.185523896048380  1304.890000 guppi_56178_1816+45_00 fiore23
  -766.57379      0.013240      0.02027 56178.814476547704544 -766.185523452293637  1685.389000 guppi_56178_1816+45_00 fiore23
  -766.54242     -0.032464      0.01436 56178.845864767783496 -766.154135232218550  1304.758000 guppi_56178_1816+45_00 fiore23
  -766.54242      0.065500      0.03757 56178.845865212424542 -766.154134787578528  1683.742000 guppi_56178_1816+45_00 fiore23
  -766.53491      0.007201      0.01174 56178.853344109324098 -766.146655890673060  1304.896000 guppi_56178_1816+45_00 fiore23
  -766.53491      0.017753      0.03454 56178.853344552961062 -766.146655447038597  1683.599000 guppi_56178_1816+45_00 fiore23
  -766.52747      0.009685      0.01696 56178.860799454654625 -766.139200545345716  1304.895000 guppi_56178_1816+45_00 fiore23
  -766.52747      0.028842      0.04196 56178.860799898393452 -766.139200101605752  1683.806000 guppi_56178_1816+45_00 fiore23
  -766.52002     -0.009364      0.01786 56178.868269418380805 -766.131730581620445  1305.657000 guppi_56178_1816+45_00 fiore23
  -766.52002     -0.029267      0.01827 56178.868269861675799 -766.131730138327384  1682.029000 guppi_56178_1816+45_00 fiore23
  -766.51257      0.010953      0.01664 56178.875729634877644 -766.124270365119514  1304.610000 guppi_56178_1816+45_00 fiore23
  -766.51257      0.002831      0.02246 56178.875730078318156 -766.124269921685368  1683.706000 guppi_56178_1816+45_00 fiore23
  -766.50513      0.003188      0.02242 56178.883175989270967 -766.116824010729488  1305.076000 guppi_56178_1816+45_00 fiore23
  -766.50513      0.021322      0.02108 56178.883176433009794 -766.116823566987478  1686.539000 guppi_56178_1816+45_00 fiore23
  -766.49762     -0.003501      0.01330 56178.890652231391869 -766.109347768611428  1303.417000 guppi_56178_1816+45_00 fiore23
  -766.49017      0.003865      0.01935 56178.898107304783480 -766.101892695214019  1304.666000 guppi_56178_1816+45_00 fiore23
  -766.49017     -0.024056      0.03732 56178.898107747998438 -766.101892251999516  1687.150000 guppi_56178_1816+45_00 fiore23
  -766.48206      0.009448      0.01261 56178.906214228627505 -766.093785771370108  1305.073000 guppi_56178_1816+45_00 fiore23
  -766.48206     -0.023350      0.03852 56178.906214671791531 -766.093785328210515  1688.077000 guppi_56178_1816+45_00 fiore23
  -766.46973     -0.027819      0.01823 56178.918548401430598 -766.081451598569402  1303.183000 guppi_56178_1816+45_00 fiore23
  -766.46228      0.014785      0.02252 56178.926025106833549 -766.073974893165541  1303.050000 guppi_56178_1816+45_00 fiore23
  -766.46228      0.027876      0.03100 56178.926025550521445 -766.073974449475259  1684.987000 guppi_56178_1816+45_00 fiore23
  -766.45477      0.008731      0.01187 56178.933497944446572 -766.066502055553656  1304.493000 guppi_56178_1816+45_00 fiore23
  -766.45477     -0.032993      0.02788 56178.933498387501459 -766.066501612499792  1684.424000 guppi_56178_1816+45_00 fiore23
  -766.44733     -0.006811      0.01318 56178.940952891869529 -766.059047108131267  1305.246000 guppi_56178_1816+45_00 fiore23
  -766.44733      0.003566      0.02642 56178.940953335521044 -766.059046664476909  1681.671000 guppi_56178_1816+45_00 fiore23
  -766.43982      0.004187      0.01796 56178.948430925607681 -766.051569074391750  1303.288000 guppi_56178_1816+45_00 fiore23
  -766.43982     -0.027860      0.03685 56178.948431368771708 -766.051568631231930  1683.625000 guppi_56178_1816+45_00 fiore23
  -766.43237      0.003700      0.01696 56178.955877736516413 -766.044122263484496  1302.358000 guppi_56178_1816+45_00 fiore23
  -766.43237      0.002930      0.03410 56178.955878180029686 -766.044121819966790  1684.235000 guppi_56178_1816+45_00 fiore23
  -766.42493      0.019284      0.02821 56178.963346795244433 -766.036653204757727  1304.407000 guppi_56178_1816+45_00 fiore23
  -766.42493     -0.004780      0.04359 56178.963347238488495 -766.036652761514574  1684.948000 guppi_56178_1816+45_00 fiore23
  -766.41748     -0.001778      0.03492 56178.970802127980278 -766.029197872019154  1304.422000 guppi_56178_1816+45_00 fiore23
  -766.41748      0.004139      0.04531 56178.970802571566310 -766.029197428434486  1686.848000 guppi_56178_1816+45_00 fiore23
  -766.41003      0.008187      0.01715 56178.978268785183900 -766.021731214817464  1304.620000 guppi_56178_1816+45_00 fiore23
  -766.41003     -0.043424      0.02654 56178.978269228093268 -766.021730771904572  1684.973000 guppi_56178_1816+45_00 fiore23
  -766.40253     -0.001088      0.03065 56178.985765791934682 -766.014234208064067  1683.266000 guppi_56178_1816+45_00 fiore23
  -766.39508     -0.022679      0.02922 56178.993211278931994 -766.006788721064595  1304.644000 guppi_56178_1816+45_00 fiore23
  -766.39508     -0.001454      0.02831 56178.993211722678097 -766.006788277321675  1683.214000 guppi_56178_1816+45_00 fiore23
  -766.36523      0.038470      0.02879 56179.023054909885104 -765.976945090117056  1302.598000 guppi_56178_1816+45_00 fiore23
  -766.35773      0.057601      0.01888 56179.030532608318026 -765.969467391678904  1304.663000 guppi_56178_1816+45_00 fiore23
  -766.35028      0.023575      0.02260 56179.037987399970007 -765.962012600026583  1304.740000 guppi_56178_1816+45_00 fiore23
  -766.34283     -0.022860      0.01532 56179.045423210787703 -765.954576789211501  1302.034000 guppi_56178_1816+45_00 fiore23
  -766.34283      0.012617      0.04481 56179.045423654650222 -765.954576345348869  1683.766000 guppi_56178_1816+45_00 fiore23
  -766.33533     -0.047822      0.01899 56179.052928407640138 -765.947071592359862  1304.527000 guppi_56178_1816+45_00 fiore23
  -766.33533      0.030578      0.02852 56179.052928851997422 -765.947071148005534  1685.452000 guppi_56178_1816+45_00 fiore23
  -766.32788      0.049097      0.02873 56179.060383418378478 -765.939616581624705  1304.356000 guppi_56178_1816+45_00 fiore23
  -766.32788     -0.022443      0.02282 56179.060383860989532 -765.939616139009900  1690.247000 guppi_56178_1816+45_00 fiore23
  -766.32043     -0.007790      0.02329 56179.067856801375456 -765.932143198622953  1303.833000 guppi_56178_1816+45_00 fiore23
  -766.32043     -0.022949      0.02888 56179.067857244641345 -765.932142755359223  1687.523000 guppi_56178_1816+45_00 fiore23
  -766.31299      0.014582      0.02325 56179.075305299913452 -765.924694700083819  1302.768000 guppi_56178_1816+45_00 fiore23
  -766.31299     -0.010181      0.02187 56179.075305743062927 -765.924694256933890  1686.372000 guppi_56178_1816+45_00 fiore23
  -766.30548      0.017411      0.02136 56179.082778887379391 -765.917221112619018  1303.404000 guppi_56178_1816+45_00 fiore23
  -766.30548     -0.003739      0.02869 56179.082779330572521 -765.917220669429184  1685.409000 guppi_56178_1816+45_00 fiore23
  -766.29803      0.025772      0.01577 56179.090239295219362 -765.909760704780297  1681.263000 guppi_56178_1816+45_00 fiore23
  -766.29059      0.008545      0.04956 56179.097687942281482 -765.902312057720451  1304.482000 guppi_56178_1816+45_00 fiore23
  -766.29059     -0.049508      0.02131 56179.097688385038055 -765.902311614958762  1684.138000 guppi_56178_1816+45_00 fiore23
  -766.28314     -0.019728      0.03738 56179.105145093904866 -765.894854906097635  1686.747000 guppi_56178_1816+45_00 fiore23
  -766.27563     -0.018461      0.02659 56179.112631643998611 -765.887368355998660  1304.906000 guppi_56178_1816+45_00 fiore23
  -766.27563     -0.012205      0.03308 56179.112632087511884 -765.887367912490276  1683.616000 guppi_56178_1816+45_00 fiore23
  -766.26819      0.001562      0.02399 56179.120084565402067 -765.879915434597024  1682.430000 guppi_56178_1816+45_00 fiore23
  -766.26074      0.007884      0.04359 56179.127532584010623 -765.872467415989490  1684.471000 guppi_56178_1816+45_00 fiore23
  -766.25323     -0.007486      0.03378 56179.135030847864982 -765.864969152137633  1682.563000 guppi_56178_1816+45_00 fiore23
  -766.24579     -0.053124      0.02117 56179.142487169803644 -765.857512830194651  1308.418000 guppi_56178_1816+45_00 fiore23
  -766.23834      0.033947      0.03186 56179.149949306680355 -765.850050693318735  1305.223000 guppi_56178_1816+45_00 fiore23
  -766.23834     -0.064906      0.04151 56179.149949748993095 -765.850050251006792  1686.086000 guppi_56178_1816+45_00 fiore23
  -766.23083     -0.006788      0.02653 56179.157413606582850 -765.842586393418628  1305.191000 guppi_56178_1816+45_00 fiore23
  -766.22339     -0.021809      0.04044 56179.164876309747342 -765.835123690250725  1306.382000 guppi_56178_1816+45_00 fiore23
  -766.21594      0.024661      0.03386 56179.172344703030831 -765.827655296970534  1305.195000 guppi_56178_1816+45_00 fiore23
  -766.20850      0.010336      0.02644 56179.179793548049929 -765.820206451946888  1303.660000 guppi_56178_1816+45_00 fiore23
  -766.20105      0.017700      0.02199 56179.187255924094643 -765.812744075908768  1304.087000 guppi_56178_1816+45_00 fiore23
  -766.19354      0.012703      0.02721 56179.194717159494758 -765.805282840505583  1304.066000 guppi_56178_1816+45_00 fiore23
  -766.18536      0.014327      0.01832 56179.202889998312457 -765.797110001686065  1305.903000 guppi_56178_1816+45_00 fiore23
  -766.18536      0.001121      0.03402 56179.202890441665659 -765.797109558336160  1684.682000 guppi_56178_1816+45_00 fiore23
  -749.67175      0.008423      0.00857 56195.716495331129408 -749.283504668873661   866.890000 56195/guppi_56195_1816 fiore23
  -749.67175     -0.000231      0.00508 56195.716494628919463 -749.283505371082015   767.696000 56195/guppi_56195_1816 fiore23
  -749.66498      0.014513      0.00836 56195.723311416069919 -749.276688583932923   865.965000 56195/guppi_56195_1816 fiore23
  -749.66498     -0.005650      0.00493 56195.723310750676319 -749.276689249325159   767.954000 56195/guppi_56195_1816 fiore23
  -749.65808      0.004982      0.00716 56195.730167454974435 -749.269832545022155   864.733000 56195/guppi_56195_1816 fiore23
  -749.65808      0.011175      0.00634 56195.730166789886425 -749.269833210114371   768.052000 56195/guppi_56195_1816 fiore23
  -749.65131      0.008262      0.00607 56195.736984303948702 -749.263015696052662   866.221000 56195/guppi_56195_1816 fiore23
  -749.65131     -0.000639      0.00670 56195.736983638671518 -749.263016361325185   768.026000 56195/guppi_56195_1816 fiore23
  -749.64447      0.000651      0.00614 56195.743784402038727 -749.256215597962864   866.845000 56195/guppi_56195_1816 fiore23
  -749.64447     -0.004207      0.00565 56195.743783699850610 -749.256216300149504   767.589000 56195/guppi_56195_1816 fiore23
  -749.63763      0.015905      0.00741 56195.750614837532339 -749.249385162470389   866.133000 56195/guppi_56195_1816 fiore23
  -749.63763     -0.001467      0.00478 56195.750614172146015 -749.249385827855008   767.589000 56195/guppi_56195_1816 fiore23
  -749.63086     -0.005505      0.00688 56195.757436371713993 -749.242563628287485   866.613000 56195/guppi_56195_1816 fiore23
  -749.63086      0.001948      0.00444 56195.757435669649567 -749.242564330347818   767.571000 56195/guppi_56195_1816 fiore23
  -749.62402      0.000201      0.00625 56195.764258619579778 -749.235741380419768   866.455000 56195/guppi_56195_1816 fiore23
  -749.62402     -0.000597      0.00579 56195.764257954368077 -749.235742045629081   767.592000 56195/guppi_56195_1816 fiore23
  -749.61719     -0.002173      0.00681 56195.771076929224364 -749.228923070778251   868.426000 56195/guppi_56195_1816 fiore23
  -749.61719      0.002306      0.00516 56195.771076227109006 -749.228923772891562   767.628000 56195/guppi_56195_1816 fiore23
  -749.61328     -0.021930      0.01907 56195.774979910820548 -749.225020089182976   867.382000 56195/guppi_56195_1816 fiore23
  -749.61328      0.010161      0.01596 56195.774979209018056 -749.225020790982285   767.589000 56195/guppi_56195_1816 fiore23
  -749.60944     -0.002195      0.00557 56195.778866404441942 -749.221133595555557   868.152000 56195/guppi_56195_1816 fiore23
  -749.60944      0.004043      0.00491 56195.778865702341136 -749.221134297659660   767.452000 56195/guppi_56195_1816 fiore23
  -749.60260      0.006586      0.00572 56195.785697298255400 -749.214302701745737   868.003000 56195/guppi_56195_1816 fiore23
  -749.60260      0.007147      0.00492 56195.785696596074558 -749.214303403925555   767.679000 56195/guppi_56195_1816 fiore23
  -749.59576     -0.005552      0.00798 56195.792537565554085 -749.207462434447621   867.152000 56195/guppi_56195_1816 fiore23
  -749.59576      0.004136      0.00494 56195.792536863467831 -749.207463136531828   768.207000 56195/guppi_56195_1816 fiore23
  -749.58893     -0.003304      0.00848 56195.799354905080691 -749.200645094921015   867.107000 56195/guppi_56195_1816 fiore23
  -749.58893      0.007076      0.00607 56195.799354202994436 -749.200645797007041   767.603000 56195/guppi_56195_1816 fiore23
  -749.58209      0.002857      0.00761 56195.806172080388933 -749.193827919608566   865.038000 56195/guppi_56195_1816 fiore23
  -749.58209      0.011978      0.00587 56195.806171415242716 -749.193828584760126   767.589000 56195/guppi_56195_1816 fiore23
  -749.57526     -0.001132      0.00649 56195.813009341705765 -749.186990658297077   865.971000 56195/guppi_56195_1816 fiore23
  -749.57526     -0.006906      0.00554 56195.813008676370373 -749.186991323629627   767.589000 56195/guppi_56195_1816 fiore23
  -749.56848     -0.005796      0.00534 56195.819826103608648 -749.180173896390443   866.839000 56195/guppi_56195_1816 fiore23
  -749.56848      0.004099      0.00613 56195.819825401493290 -749.180174598509552   767.589000 56195/guppi_56195_1816 fiore23
  -749.56165      0.011400      0.00625 56195.826645090302918 -749.173354909696286   867.098000 56195/guppi_56195_1816 fiore23
  -749.56165     -0.009384      0.00808 56195.826644387823762 -749.173355612178511   767.762000 56195/guppi_56195_1816 fiore23
  -749.55481      0.003749      0.00710 56195.833476643339964 -749.166523356659127   868.185000 56195/guppi_56195_1816 fiore23
  -749.55481     -0.009745      0.00651 56195.833475940933567 -749.166524059064159   769.312000 56195/guppi_56195_1816 fiore23
  -749.55090      0.017769      0.02348 56195.837367999673006 -749.162632000329154   867.647000 56195/guppi_56195_1816 fiore23
  -749.55090     -0.024740      0.01824 56195.837367296924640 -749.162632703073768   769.451000 56195/guppi_56195_1816 fiore23
  -749.54700     -0.003817      0.00729 56195.841275970909919 -749.158724029089967   867.729000 56195/guppi_56195_1816 fiore23
  -749.54700      0.003341      0.00614 56195.841275268736354 -749.158724731263192   768.562000 56195/guppi_56195_1816 fiore23
  -749.54022      0.002450      0.00708 56195.848057129223889 -749.151942870778157   867.229000 56195/guppi_56195_1816 fiore23
  -749.54022      0.004552      0.00631 56195.848056426984840 -749.151943573015160   768.699000 56195/guppi_56195_1816 fiore23
  -749.53339     -0.006181      0.00632 56195.854891557253723 -749.145108442747755   865.484000 56195/guppi_56195_1816 fiore23
  -749.53339     -0.005759      0.00498 56195.854890891954710 -749.145109108046995   767.705000 56195/guppi_56195_1816 fiore23
  -749.52655     -0.006653      0.00824 56195.861734891914239 -749.138265108088262   864.512000 56195/guppi_56195_1816 fiore23
  -749.52655     -0.003883      0.00473 56195.861734226637054 -749.138265773363287   767.589000 56195/guppi_56195_1816 fiore23
  -749.51971      0.006603      0.00664 56195.868558661888528 -749.131441338109539   864.530000 56195/guppi_56195_1816 fiore23
  -749.51971     -0.005958      0.00474 56195.868557996436721 -749.131442003563961   767.589000 56195/guppi_56195_1816 fiore23
  -749.51288      0.015931      0.00688 56195.875381927726266 -749.124618072274416   864.530000 56195/guppi_56195_1816 fiore23
  -749.51288     -0.004675      0.00437 56195.875381262179872 -749.124618737822630   767.589000 56195/guppi_56195_1816 fiore23
  -749.50604      0.004373      0.00631 56195.882205860500108 -749.117794139500916   864.488000 56195/guppi_56195_1816 fiore23
  -749.50604      0.004549      0.00502 56195.882205195193819 -749.117794804808227   767.589000 56195/guppi_56195_1816 fiore23
  -749.49927     -0.016816      0.00892 56195.889034255858860 -749.110965744142618   864.257000 56195/guppi_56195_1816 fiore23
  -749.49927      0.000720      0.00525 56195.889033590749023 -749.110966409247453   767.589000 56195/guppi_56195_1816 fiore23
  -749.49243     -0.007771      0.00841 56195.895845369515882 -749.104154630481048   864.340000 56195/guppi_56195_1816 fiore23
  -749.49243     -0.002338      0.00596 56195.895844704275078 -749.104155295723331   767.589000 56195/guppi_56195_1816 fiore23
  -749.48853     -0.023567      0.03406 56195.899750668533670 -749.100249331464283   863.431000 56195/guppi_56195_1816 fiore23
  -749.48853      0.011172      0.01306 56195.899750003634836 -749.100249996365505   767.589000 56195/guppi_56195_1816 fiore23
  -749.48462      0.007181      0.00703 56195.903653294342803 -749.096346705655833   864.578000 56195/guppi_56195_1816 fiore23
  -749.48462      0.005512      0.00544 56195.903652629021963 -749.096347370976105   767.632000 56195/guppi_56195_1816 fiore23
  -749.47778      0.009272      0.00786 56195.910473049050779 -749.089526950950926   864.580000 56195/guppi_56195_1816 fiore23
  -749.47778      0.002618      0.00532 56195.910472383679007 -749.089527616324062   767.589000 56195/guppi_56195_1816 fiore23
  -749.47101      0.011780      0.00869 56195.917297850217437 -749.082702149785291   864.639000 56195/guppi_56195_1816 fiore23
  -749.47101      0.004326      0.00478 56195.917297184838390 -749.082702815162065   767.589000 56195/guppi_56195_1816 fiore23
  -749.46417     -0.005845      0.00819 56195.924121922500490 -749.075878077498714   865.161000 56195/guppi_56195_1816 fiore23
  -749.46417     -0.008770      0.00461 56195.924121257186926 -749.075878742816371   767.589000 56195/guppi_56195_1816 fiore23
  -749.45734      0.003209      0.00842 56195.930937755350897 -749.069062244651036   864.856000 56195/guppi_56195_1816 fiore23
  -749.45734     -0.008906      0.00481 56195.930937089935469 -749.069062910067828   767.589000 56195/guppi_56195_1816 fiore23
  -749.45050     -0.003050      0.00845 56195.937769069205387 -749.062230930796545   864.869000 56195/guppi_56195_1816 fiore23
  -749.45050      0.001765      0.00536 56195.937768403993687 -749.062231596009269   767.589000 56195/guppi_56195_1816 fiore23
  -749.44366     -0.003260      0.00751 56195.944593867039657 -749.055406132963299   865.668000 56195/guppi_56195_1816 fiore23
  -749.44366      0.000539      0.00495 56195.944593201820680 -749.055406798179206   767.589000 56195/guppi_56195_1816 fiore23
  -749.43689     -0.005729      0.00797 56195.951415322459070 -749.048584677542181   865.591000 56195/guppi_56195_1816 fiore23
  -749.43689      0.001567      0.00412 56195.951414657291025 -749.048585342708634   767.589000 56195/guppi_56195_1816 fiore23
  -749.43005      0.024071      0.01123 56195.958237091137562 -749.041762908860960   767.589000 56195/guppi_56195_1816 fiore23
  -749.39496      0.013006      0.00589 56195.993332528480096 -749.006667471523201   865.286000 56195/guppi_56195_1816 fiore23
  -749.39496      0.008669      0.00459 56195.993331863232015 -749.006668136767644   767.760000 56195/guppi_56195_1816 fiore23
  -749.38812     -0.009239      0.00675 56196.000147326863953 -748.999852673139458   864.935000 56195/guppi_56195_1816 fiore23
  -749.38812      0.009938      0.00482 56196.000146661899635 -748.999853338103549   767.589000 56195/guppi_56195_1816 fiore23
  -749.38129     -0.005459      0.00755 56196.006972613540711 -748.993027386458380   865.098000 56195/guppi_56195_1816 fiore23
  -749.38129     -0.000942      0.00528 56196.006971948416322 -748.993028051584474   767.589000 56195/guppi_56195_1816 fiore23
  -749.37451     -0.005627      0.00521 56196.013795830367599 -748.986204169631037   767.651000 56195/guppi_56195_1816 fiore23
  -749.37445     -0.002654      0.00881 56196.013796495572024 -748.986203504425134   865.291000 56195/guppi_56195_1816 fiore23
  -749.36768     -0.012600      0.00879 56196.020617983071133 -748.979382016932277   864.766000 56195/guppi_56195_1816 fiore23
  -749.36768     -0.004859      0.00494 56196.020617317990400 -748.979382682008236   767.589000 56195/guppi_56195_1816 fiore23
  -749.36377      0.009426      0.01924 56196.024522200284991 -748.975477799714668   866.213000 56195/guppi_56195_1816 fiore23
  -749.36377     -0.026309      0.01384 56196.024521534709493 -748.975478465290735   768.116000 56195/guppi_56195_1816 fiore23
  -749.35986      0.001071      0.00649 56196.028423111281882 -748.971576888721415   865.204000 56195/guppi_56195_1816 fiore23
  -749.35986     -0.009846      0.00523 56196.028422409042832 -748.971577590960806   767.604000 56195/guppi_56195_1816 fiore23
  -749.35986      0.001114      0.00647 56196.028423111281882 -748.971576888720847   865.204000 56195/guppi_56195_1816 fiore23
  -749.35986     -0.009843      0.00520 56196.028422445990145 -748.971577554007467   767.604000 56195/guppi_56195_1816 fiore23
  -749.35303     -0.000624      0.00547 56196.035240570701717 -748.964759429297487   865.612000 56195/guppi_56195_1816 fiore23
  -749.35303     -0.005330      0.00578 56196.035239868542703 -748.964760131460821   767.589000 56195/guppi_56195_1816 fiore23
  -749.35303     -0.000611      0.00550 56196.035240533747128 -748.964759466250484   865.612000 56195/guppi_56195_1816 fiore23
  -749.35303     -0.005425      0.00583 56196.035239868535427 -748.964760131461958   767.589000 56195/guppi_56195_1816 fiore23
  -749.34619      0.003137      0.00527 56196.042062835251272 -748.957937164748955   865.450000 56195/guppi_56195_1816 fiore23
  -749.34619      0.006614      0.00503 56196.042062133186846 -748.957937866814405   767.589000 56195/guppi_56195_1816 fiore23
  -749.34619      0.003066      0.00524 56196.042062798296683 -748.957937201702748   865.450000 56195/guppi_56195_1816 fiore23
  -749.34619      0.006545      0.00504 56196.042062133186846 -748.957937866815200   767.589000 56195/guppi_56195_1816 fiore23
  -749.33942     -0.001305      0.00610 56196.048890396043134 -748.951109603959935   865.462000 56195/guppi_56195_1816 fiore23
  -749.33942     -0.000522      0.00565 56196.048889693942328 -748.951110306054602   767.589000 56195/guppi_56195_1816 fiore23
  -749.33942     -0.001280      0.00612 56196.048890396043134 -748.951109603959594   865.462000 56195/guppi_56195_1816 fiore23
  -749.33942     -0.000537      0.00566 56196.048889730896917 -748.951110269101946   767.589000 56195/guppi_56195_1816 fiore23
  -749.33258      0.003031      0.00683 56196.055711624423566 -748.944288375577116   865.169000 56195/guppi_56195_1816 fiore23
  -749.33258     -0.003349      0.00488 56196.055710922242724 -748.944289077753865   767.589000 56195/guppi_56195_1816 fiore23
  -749.33258      0.003001      0.00683 56196.055711587468977 -748.944288412530227   865.169000 56195/guppi_56195_1816 fiore23
  -749.33258     -0.003401      0.00488 56196.055710922242724 -748.944289077754433   767.589000 56195/guppi_56195_1816 fiore23
  -749.32574      0.000627      0.00604 56196.062529820526834 -748.937470179470438   864.691000 56195/guppi_56195_1816 fiore23
  -749.32574     -0.002759      0.00520 56196.062529118389648 -748.937470881612967   767.589000 56195/guppi_56195_1816 fiore23
  -749.32574      0.000580      0.00603 56196.062529783579521 -748.937470216423776   864.691000 56195/guppi_56195_1816 fiore23
  -749.32574     -0.002768      0.00520 56196.062529118389648 -748.937470881613081   767.589000 56195/guppi_56195_1816 fiore23
  -749.31891     -0.002600      0.00506 56196.069362770263979 -748.930637229735453   864.861000 56195/guppi_56195_1816 fiore23
  -749.31891     -0.000797      0.00554 56196.069362068177725 -748.930637931819433   767.589000 56195/guppi_56195_1816 fiore23
  -749.31891     -0.002672      0.00506 56196.069362696354801 -748.930637303642015   864.861000 56195/guppi_56195_1816 fiore23
  -749.31891     -0.000819      0.00553 56196.069362031230412 -748.930637968772544   767.589000 56195/guppi_56195_1816 fiore23
  -749.31207     -0.013365      0.00547 56196.076178742441698 -748.923821257561940   864.962000 56195/guppi_56195_1816 fiore23
  -749.31207     -0.001104      0.00523 56196.076178040471859 -748.923821959527572   767.589000 56195/guppi_56195_1816 fiore23
  -749.31207     -0.013315      0.00544 56196.076178668532521 -748.923821331467366   864.962000 56195/guppi_56195_1816 fiore23
  -749.31207     -0.001131      0.00523 56196.076178003517271 -748.923821996480910   767.589000 56195/guppi_56195_1816 fiore23
  -749.30530     -0.007181      0.00761 56196.082997665995208 -748.917002334006042   866.340000 56195/guppi_56195_1816 fiore23
  -749.30530      0.000785      0.00454 56196.082996963974438 -748.917003036025335   768.041000 56195/guppi_56195_1816 fiore23
  -749.30530     -0.007208      0.00757 56196.082997592086031 -748.917002407912832   866.340000 56195/guppi_56195_1816 fiore23
  -749.30530      0.000767      0.00457 56196.082996927019849 -748.917003072978787   768.041000 56195/guppi_56195_1816 fiore23
  -749.30139      0.003340      0.01754 56196.086903482275375 -748.913096517721556   866.131000 56195/guppi_56195_1816 fiore23
  -749.30139      0.015064      0.01136 56196.086902817252849 -748.913097182746583   767.742000 56195/guppi_56195_1816 fiore23
  -749.30096      0.004600      0.01421 56196.087309119560814 -748.912690880437481   865.499000 56195/guppi_56195_1816 fiore23
  -749.30096      0.013495      0.00904 56196.087308417554596 -748.912691582448929   767.724000 56195/guppi_56195_1816 fiore23
  -688.54144     -0.008564      0.00428 56256.846837826262345 -688.153162173735723   325.012000 NOT stovall14_350
  -688.54144      0.003501      0.00575 56256.846842224804277 -688.153157775193222   375.012000 NOT stovall14_350
  -688.53979     -0.009017      0.00413 56256.848468932388641 -688.151531067609199   325.012000 NOT stovall14_350
  -688.53979     -0.009067      0.00538 56256.848473330799607 -688.151526669201871   375.012000 NOT stovall14_350
  -612.68616     -0.003223      0.00589 56332.702149252218078 -612.297850747780103   867.266000 GUPPI_J1816+45_56332_6 fiore23
  -612.68616     -0.006959      0.00455 56332.702148586889962 -612.297851413107765   769.735000 GUPPI_J1816+45_56332_6 fiore23
  -612.68445      0.000460      0.00544 56332.703839811751095 -612.296160188245494   867.190000 GUPPI_J1816+45_56332_6 fiore23
  -612.68445      0.001948      0.00484 56332.703839146488463 -612.296160853510969   769.697000 GUPPI_J1816+45_56332_6 fiore23
  -596.61389     -0.008074      0.01299 56348.774399720568908 -596.225600279429500   820.049000 NOT stovall14_820
  -579.64716      0.021869      0.01666 56365.741092752534314 -579.258907247468414   770.049000 NOT stovall14_820
  -579.64716     -0.007599      0.01441 56365.741093454344082 -579.258906545659215   870.049000 NOT stovall14_820
  -579.64551     -0.006082      0.01168 56365.742782202411036 -579.257217797587145   770.049000 NOT stovall14_820
  -579.64551     -0.001891      0.01813 56365.742782904613705 -579.257217095386068   870.049000 NOT stovall14_820
  -555.78033      0.029964      0.01349 56389.607940714573488 -555.392059285422874   770.049000 NOT stovall14_820
  -555.78033     -0.013312      0.01400 56389.607941416295944 -555.392058583705307   870.049000 NOT stovall14_820
  -555.77863      0.010624      0.01639 56389.609630143837421 -555.390369856163147   770.049000 NOT stovall14_820
  -555.77863     -0.003084      0.01615 56389.609630845901847 -555.390369154101109   870.049000 NOT stovall14_820
  -543.98828      0.009333      0.00493 56401.399999423483678 -543.600000576517459   325.012000 NOT stovall14_350
  -543.98828      0.009172      0.00494 56401.400003820861457 -543.599996179135815   375.012000 NOT stovall14_350
  -543.98712      0.025559      0.00583 56401.401164545415668 -543.598835454581604   325.012000 NOT stovall14_350
  -543.98712      0.021953      0.00408 56401.401168942757067 -543.598831057240659   375.012000 NOT stovall14_350
  -538.80646      0.002662      0.01670 56406.581803008179122 -538.418196991819741   770.049000 NOT stovall14_820
  -538.80646      0.018178      0.02570 56406.581803710592794 -538.418196289406410   870.049000 NOT stovall14_820
  -538.80481     -0.000567      0.01577 56406.583492400415707 -538.416507599587362   770.049000 NOT stovall14_820
  -518.84943     -0.009416      0.01298 56426.538847616036946 -518.461152383962599   770.049000 NOT stovall14_820
  -518.84943     -0.017734      0.02036 56426.538848318181408 -518.461151681819160   870.049000 NOT stovall14_820
  -518.84772      0.008637      0.01271 56426.540537018117902 -518.459462981882098   770.049000 NOT stovall14_820
  -518.84772     -0.007195      0.02176 56426.540537720175053 -518.459462279827562   870.049000 NOT stovall14_820
  -493.93430      0.018863      0.01820 56451.453983715771756 -493.546016284226312   770.049000 NOT stovall14_820
  -493.93430     -0.011962      0.02263 56451.453984417639731 -493.546015582359985   870.049000 NOT stovall14_820
  -493.93262      0.020416      0.01697 56451.455673113996454 -493.544326886006274   770.049000 NOT stovall14_820
  -493.93262      0.018823      0.01807 56451.455673816199123 -493.544326183803889   870.049000 NOT stovall14_820
  -473.00967     -0.012142      0.00996 56472.378600879768783 -472.621399120227693   770.049000 NOT stovall14_820
  -473.00967     -0.002021      0.00971 56472.378601545162383 -472.621398454837845   870.049000 NOT stovall14_820
  -473.00800      0.004733      0.01087 56472.380290226676152 -472.619709773320267   770.049000 NOT stovall14_820
  -473.00800      0.000718      0.01111 56472.380290891902405 -472.619709108096004   870.049000 NOT stovall14_820
  -451.00415     -0.049324      0.01946 56494.384133869178186 -450.615866130824656   770.049000 NOT stovall14_820
  -451.00415     -0.001656      0.02463 56494.384134571970208 -450.615865428030077   870.049000 NOT stovall14_820
  -451.00244     -0.000384      0.01729 56494.385823242002516 -450.614176757995210   770.049000 NOT stovall14_820
  -451.00244     -0.046030      0.01775 56494.385823943717696 -450.614176056282645   870.049000 NOT stovall14_820
  -425.17752     -0.034035      0.01474 56520.210745141368534 -424.789254858632034   770.049000 NOT stovall14_820
  -425.17752     -0.030079      0.01331 56520.210745806616615 -424.789254193381907   870.049000 NOT stovall14_820
  -425.17618     -0.043925      0.01388 56520.212084938430053 -424.787915061568128   770.049000 NOT stovall14_820
  -425.17618     -0.032468      0.01430 56520.212085603772721 -424.787914396229439   870.049000 NOT stovall14_820
  -394.22241     -0.026004      0.01262 56551.165855782041035 -393.834144217956975   770.049000 NOT stovall14_820
  -394.22241     -0.038565      0.01787 56551.165856447049009 -393.834143552950934   870.049000 NOT stovall14_820
  -394.22107     -0.035494      0.01294 56551.167195581256237 -393.832804418745013   770.049000 NOT stovall14_820
  -394.22107     -0.060124      0.01650 56551.167196246118692 -393.832803753878977   870.049000 NOT stovall14_820
  -359.25061     -0.046042      0.02258 56586.137660181739193 -358.862339818262456   770.049000 NOT stovall14_820
  -359.25061     -0.026505      0.02196 56586.137660847140069 -358.862339152862830   870.049000 NOT stovall14_820
  -359.24927     -0.015508      0.02012 56586.138999988041178 -358.861000011960186   770.049000 NOT stovall14_820
  -359.24927     -0.006521      0.02858 56586.139000653318362 -358.860999346684025   870.049000 NOT stovall14_820
  -337.34872      0.026808      0.01697 56608.039546202147903 -336.960453797851699   864.996000 GUPPI_J1816+45_56608_0 fiore23
  -337.34738      0.010536      0.02114 56608.040887416282203 -336.959112583717115   865.008000 GUPPI_J1816+45_56608_0 fiore23
  -337.34738     -0.013616      0.01814 56608.040886750699428 -336.959113249299548   768.687000 GUPPI_J1816+45_56608_0 fiore23
  -307.45157      0.022692      0.02308 56637.936700854690571 -307.063299145311646   865.488000 GUPPI_J1816+45_56637_8 fiore23
  -307.45157      0.001382      0.01453 56637.936700189144176 -307.063299810854232   768.641000 GUPPI_J1816+45_56637_8 fiore23
  -307.45023     -0.016214      0.02104 56637.938040761247976 -307.061959238752763   864.940000 GUPPI_J1816+45_56637_8 fiore23
  -307.45023      0.004020      0.01559 56637.938040096181794 -307.061959903815477   768.682000 GUPPI_J1816+45_56637_8 fiore23
  -274.51895     -0.025107      0.02142 56670.869337380310753 -274.130662619689417   865.575000 GUPPI_J1816+45_56670_7 fiore23
  -274.51895      0.001793      0.02352 56670.869336715346435 -274.130663284651575   768.480000 GUPPI_J1816+45_56670_7 fiore23
  -274.51761     -0.035442      0.02703 56670.870675539372314 -274.129324460625696   865.440000 GUPPI_J1816+45_56670_7 fiore23
  -274.51761      0.007933      0.01852 56670.870674874604447 -274.129325125395610   768.451000 GUPPI_J1816+45_56670_7 fiore23
   134.12511     -0.007821      0.01055 57079.513386081300268  134.513386081297710   867.165000 guppi_57079_1816+45_00 fiore23
   134.12511      0.001988      0.01104 57079.513385379308602  134.513385379306840   769.215000 guppi_57079_1816+45_00 fiore23
   134.12852      0.001985      0.01122 57079.516804477767437  134.516804477765362   866.323000 guppi_57079_1816+45_00 fiore23
   134.12852     -0.004787      0.01212 57079.516803812533908  134.516803812536210   768.531000 guppi_57079_1816+45_00 fiore23
   154.91907     -0.006760      0.00801 57100.307342472588061  155.307342472587436   867.656000 guppi_57100_1816+45_00 fiore23
   154.91907     -0.021116      0.01016 57100.307341770159837  155.307341770162424   769.180000 guppi_57100_1816+45_00 fiore23
   154.92245     -0.005755      0.00877 57100.310734191378288  155.310734191381187   867.319000 guppi_57100_1816+45_00 fiore23
   154.92245     -0.029157      0.01262 57100.310733488855476  155.310733488854225   769.239000 guppi_57100_1816+45_00 fiore23
   184.90393      0.034885      0.02835 57130.292206738995446  185.292206738994139   867.663000 guppi_57130_1816+45_00 fiore23
   184.90393     -0.025827      0.01959 57130.292206036065181  185.292206036065153   769.180000 guppi_57130_1816+45_00 fiore23
   184.90698      0.004725      0.02424 57130.295254059368744  185.295254059370308   867.663000 guppi_57130_1816+45_00 fiore23
   184.90698     -0.012157      0.02729 57130.295253356955072  185.295253356952628   769.180000 guppi_57130_1816+45_00 fiore23
   217.82513     -0.010431      0.00571 57163.213416059807059  218.213416059809987   867.656000 guppi_57163_1816+45_00 fiore23
   217.82513     -0.011373      0.00568 57163.213415357677150  218.213415357678372   767.589000 guppi_57163_1816+45_00 fiore23
   217.82819     -0.008334      0.00656 57163.216470796483918  218.216470796487243   867.656000 guppi_57163_1816+45_00 fiore23
   217.82819     -0.001793      0.00540 57163.216470094441320  218.216470094444873   767.206000 guppi_57163_1816+45_00 fiore23
   224.57402      0.009822      0.01027 57169.962304153523291  224.962304153521302   379.036000 guppi_57169_1816+45_00 fiore23
   224.57402      0.020160      0.00485 57169.962299459606584  224.962299459608602   324.819000 guppi_57169_1816+45_00 fiore23
   224.57567      0.015049      0.00490 57169.963951461642864  224.963951461639596   324.511000 guppi_57169_1816+45_00 fiore23
   224.57568      0.014815      0.01059 57169.963956192623300  224.963956192620799   378.736000 guppi_57169_1816+45_00 fiore23
   247.80144     -0.012591      0.00485 57193.189710879036284  248.189710879036710   866.414000 guppi_57193_1816+45_00 fiore23
   247.80144      0.007084      0.00493 57193.189710214108345  248.189710214111244   767.589000 guppi_57193_1816+45_00 fiore23
   247.80659     -0.010487      0.00456 57193.194874234482995  248.194874234480835   866.277000 guppi_57193_1816+45_00 fiore23
   247.80659      0.007777      0.00518 57193.194873569540505  248.194873569540675   767.589000 guppi_57193_1816+45_00 fiore23
   277.61069     -0.004833      0.00575 57222.998952127760276  277.998952127763062   867.655000 guppi_57222_1816+45_00 fiore23
   277.61069     -0.003800      0.00560 57222.998951425506675  277.998951425508494   767.589000 guppi_57222_1816+45_00 fiore23
   277.61591     -0.009828      0.00547 57223.004189842831693  278.004189842828168   867.573000 guppi_57222_1816+45_00 fiore23
   277.61591     -0.017140      0.00484 57223.004189140483504  278.004189140479923   767.589000 guppi_57222_1816+45_00 fiore23
   303.57922     -0.005683      0.00238 57248.967496561584994  303.967496561585108   867.614000 guppi_57248_1816+45_00 fiore23
   303.57922     -0.001286      0.00255 57248.967495859367773  303.967495859364817   767.589000 guppi_57248_1816+45_00 fiore23
   303.58438     -0.003147      0.00263 57248.972652190532244  303.972652190531790   867.433000 guppi_57248_1816+45_00 fiore23
   303.58438     -0.003137      0.00323 57248.972651488264091  303.972651488261533   767.610000 guppi_57248_1816+45_00 fiore23
   333.43439     -0.008300      0.00672 57278.822660537960473  333.822660537960132   867.566000 guppi_57278_1816+45_00 fiore23
   333.43439     -0.001414      0.00529 57278.822659835859668  333.822659835859952   769.175000 guppi_57278_1816+45_00 fiore23
   333.43954      0.007473      0.00496 57278.827819296682719  333.827819296681696   867.455000 guppi_57278_1816+45_00 fiore23
   333.43954      0.005582      0.00613 57278.827818594472774  333.827818594472376   769.077000 guppi_57278_1816+45_00 fiore23
   362.35977     -0.005154      0.00303 57307.748060864098079  362.748060864101660   869.227000 guppi_57307_1816+45_00 fiore23
   362.35977     -0.000037      0.00266 57307.748060161909962  362.748060161910303   769.257000 guppi_57307_1816+45_00 fiore23
   362.36493     -0.004365      0.00334 57307.753195072451490  362.753195072451149   869.858000 guppi_57307_1816+45_00 fiore23
   362.36493      0.005149      0.00226 57307.753194370307028  362.753194370306062   769.240000 guppi_57307_1816+45_00 fiore23
   395.27817     -0.001311      0.00299 57340.666438787178777  395.666438787177697   867.583000 guppi_57340_1816+45_00 fiore23
   395.27817     -0.002082      0.00281 57340.666438084910624  395.666438084913239   768.437000 guppi_57340_1816+45_00 fiore23
   395.28333     -0.002935      0.00297 57340.671603711867647  395.671603711864918   867.375000 guppi_57340_1816+45_00 fiore23
   395.28333     -0.000802      0.00313 57340.671603009635874  395.671603009638773   768.417000 guppi_57340_1816+45_00 fiore23
   424.24570     -0.008487      0.00546 57369.633962792962848  424.633962792961711   867.624000 guppi_57369_1816+45_00 fiore23
   424.24570      0.017074      0.00881 57369.633962091123976  424.633962091126250   767.589000 guppi_57369_1816+45_00 fiore23
   424.25085      0.001320      0.00549 57369.639124878987786  424.639124878990742   867.792000 guppi_57369_1816+45_00 fiore23
   424.25085      0.009350      0.00711 57369.639124176959740  424.639124176957807   767.629000 guppi_57369_1816+45_00 fiore23
   454.22476      0.000615      0.00518 57399.613049728082842  454.613049728083467   867.541000 guppi_57399_1816+45_00 fiore23
   454.22476     -0.000637      0.00426 57399.613049025960208  454.613049025959015   767.125000 guppi_57399_1816+45_00 fiore23
   454.22995      0.000984      0.00541 57399.618216064365697  454.618216064365697   867.353000 guppi_57399_1816+45_00 fiore23
   454.22995     -0.007014      0.00436 57399.618215362163028  454.618215362165927   767.009000 guppi_57399_1816+45_00 fiore23
   720.69592      0.034725      0.01712 57666.084180072743038  721.084180072744630   378.188000 GUPPI_1816+45_57666_07 fiore23
   720.69592      0.019843      0.00648 57666.084175415795471  721.084175415792174   324.822000 GUPPI_1816+45_57666_07 fiore23
   720.69934      0.004903      0.01606 57666.087628577799478  721.087628577799364   378.147000 GUPPI_1816+45_57666_07 fiore23
   720.69934      0.021393      0.00710 57666.087623921179329  721.087623921178306   324.813000 GUPPI_1816+45_57666_07 fiore23
  1411.76978      0.014826      0.00820 58357.158056370870327 1412.158056370873737   378.356000 GUPPI_1816+45_58357_13 fiore23
  1411.76978     -0.004733      0.00565 58357.158051677266485 1412.158051677266258   324.508000 GUPPI_1816+45_58357_13 fiore23
  1411.77148     -0.005839      0.00767 58357.159800500550773 1412.159800500548499   378.553000 GUPPI_1816+45_58357_13 fiore23
  1411.77148     -0.008527      0.00525 58357.159795770166966 1412.159795770164237   324.509000 GUPPI_1816+45_58357_13 fiore23
  1436.68079      0.005038      0.00978 58382.069048632933118 1437.069048632934482   378.782000 GUPPI_1816+45_58382_05 fiore23
  1436.68079     -0.000286      0.00392 58382.069043939402036 1437.069043939403173   324.677000 GUPPI_1816+45_58382_05 fiore23
  1436.68250     -0.006235      0.00867 58382.070798080538225 1437.070798080536406   378.967000 GUPPI_1816+45_58382_05 fiore23
  1436.68250      0.000942      0.00428 58382.070793387130834 1437.070793387132881   324.635000 GUPPI_1816+45_58382_05 fiore23
