MODE 1
 GUPPI_1816+45_55629_71    375.178  55629.8254077929222    0.00    2.90        1
 GUPPI_1816+45_55629_71    324.799  55629.8254077938515    0.00    1.89        1
 GUPPI_1816+45_55629_71    375.180  55629.8274474489231    0.00    3.40        1
 GUPPI_1816+45_55629_71    324.821  55629.8274474474925    0.00    1.92        1
 GUPPI_1816+45_55631_54    375.389  55631.6322025364101    0.00    3.09        1
 GUPPI_1816+45_55631_54    324.756  55631.6322025201199    0.00    2.09        1
 GUPPI_1816+45_55631_54    375.379  55631.6342401620244    0.00    3.06        1
 GUPPI_1816+45_55631_54    324.785  55631.6342401417710    0.00    2.16        1
 GUPPI_1816+45_55632_57    375.349  55632.6647366730537    0.00    2.25        1
 GUPPI_1816+45_55632_57    324.694  55632.6647366604492    0.00    1.38        1
 GUPPI_1816+45_55632_57    375.305  55632.6699187920009    0.00    2.16        1
 GUPPI_1816+45_55632_57    324.724  55632.6699188100090    0.00    1.33        1
 GUPPI_1816+45_55634_65    375.244  55634.7628373405475    0.00    3.50        1
 GUPPI_1816+45_55634_65    324.819  55634.7628373433240    0.00    2.38        1
 GUPPI_1816+45_55634_65    375.241  55634.7645269758571    0.00    4.24        1
 GUPPI_1816+45_55634_65    324.827  55634.7645269775859    0.00    2.35        1
 GUPPI_1816+45_55646_26    375.224  55646.3050173905786    0.00    2.78        1
 GUPPI_1816+45_55646_26    324.673  55646.3050174078812    0.00    2.02        1
 GUPPI_1816+45_55646_26    375.243  55646.3068886109394    0.00    2.78        1
 GUPPI_1816+45_55646_26    324.665  55646.3068886304678    0.00    1.93        1
 GUPPI_1816+45_55646_26    375.324  55646.3062290287357    0.00    3.05        1
 GUPPI_1816+45_55646_26    323.798  55646.3062290388824    0.00    2.27        1
 GUPPI_1816+45_55646_26    375.351  55646.3079766963444    0.00    2.68        1
 GUPPI_1816+45_55646_26    323.777  55646.3079766736880    0.00    2.47        1
 GUPPI_1816+45_55647_64    375.086  55647.7523915411521    0.00    2.92        1
 GUPPI_1816+45_55647_64    325.090  55647.7523915402728    0.00    1.96        1
 GUPPI_1816+45_55647_64    375.055  55647.7558294690474    0.00    3.10        1
 GUPPI_1816+45_55647_64    325.090  55647.7558294659469    0.00    2.18        1
 GUPPI_1816+45_55652_49    374.728  55652.5729281867724    0.00    4.23        1
 GUPPI_1816+45_55652_49    325.550  55652.5729281850869    0.00    2.44        1
 GUPPI_1816+45_55652_49    374.596  55652.5732383695844    0.00    3.43        1
 GUPPI_1816+45_55652_49    324.824  55652.5732383634259    0.00    2.16        1
 GUPPI_1816+45_55652_51    374.471  55652.5987666664699    0.00    4.72        1
 GUPPI_1816+45_55652_51    324.303  55652.5987666720931    0.00    3.84        1
 GUPPI_1816+45_55652_51    374.567  55652.5998222955427    0.00    4.45        1
 GUPPI_1816+45_55652_51    324.642  55652.5998223077866    0.00    3.33        1
 GUPPI_1816+45_55657_49    375.246  55657.5715638465185    0.00    3.77        1
 GUPPI_1816+45_55657_49    324.840  55657.5715638476694    0.00    2.49        1
 GUPPI_1816+45_55657_49    375.264  55657.5732546980150    0.00    3.46        1
 GUPPI_1816+45_55657_49    324.861  55657.5732546982854    0.00    2.36        1
 GUPPI_1816+45_55658_64    375.106  55658.7488797318386    0.00    3.81        1
 GUPPI_1816+45_55658_64    324.966  55658.7488797461710    0.00    2.34        1
 GUPPI_1816+45_55658_64    375.125  55658.7505681216041    0.00    4.40        1
 GUPPI_1816+45_55658_64    324.904  55658.7505681070672    0.00    2.35        1
 GUPPI_1816+45_55681_10    374.930  55681.1231540788380    0.00    2.04        1
 GUPPI_1816+45_55681_10    324.408  55681.1231540677383    0.00    1.52        1
 GUPPI_1816+45_55681_10    374.910  55681.1283331018120    0.00    1.99        1
 GUPPI_1816+45_55681_10    324.420  55681.1283330878919    0.00    1.78        1
C GUPPI_1816+45_55692_16    376.779  55692.1905997464488    0.00    8.90        1
C GUPPI_1816+45_55692_16    324.339  55692.1905997622980    0.00    6.47        1
C GUPPI_1816+45_55692_16    376.022  55692.1922822625780    0.00    6.80        1
C GUPPI_1816+45_55692_16    324.284  55692.1922822683629    0.00    4.93        1
 GUPPI_1816+45_55848_85    375.096  55848.9925804076845    0.00    7.33        1
 GUPPI_1816+45_55848_85    324.963  55848.9925804208445    0.00    4.41        1
 GUPPI_1816+45_55848_85    375.101  55848.9936287176157    0.00    7.31        1
 GUPPI_1816+45_55848_85    325.006  55848.9936287261323    0.00    4.92        1
 GUPPI_1816+45_56026_51    375.323  56026.5957077511944    0.00    9.51        1
 GUPPI_1816+45_56026_51    324.787  56026.5957077627464    0.00    6.22        1
 GUPPI_1816+45_56026_51    375.321  56026.5974552989752    0.00   10.93        1
 GUPPI_1816+45_56026_51    324.794  56026.5974553097846    0.00    5.47        1
 GUPPI_1816+45_56046_34    375.199  56046.3961127395429    0.00    6.46        1
 GUPPI_1816+45_56046_34    324.672  56046.3961127552932    0.00    4.06        1
 GUPPI_1816+45_56046_34    375.210  56046.3978021896040    0.00    6.38        1
 GUPPI_1816+45_56046_34    324.657  56046.3978022076942    0.00    4.55        1
 GUPPI_1816+45_56159_07    375.339  56159.0920500991960    0.00    4.94        1
 GUPPI_1816+45_56159_07    324.956  56159.0920501298989    0.00    3.68        1
 GUPPI_1816+45_56159_07    375.343  56159.0937979249519    0.00    5.00        1
 GUPPI_1816+45_56159_07    324.970  56159.0937979176255    0.00    3.99        1
 GUPPI_1816+45_56256_73    375.276  56256.8476641278744    0.00    5.11        1
 GUPPI_1816+45_56256_73    324.787  56256.8476641358338    0.00    3.57        1
 GUPPI_1816+45_56256_73    375.226  56256.8494128109674    0.00    5.67        1
 GUPPI_1816+45_56256_73    324.783  56256.8494128158089    0.00    3.46        1
 GUPPI_1816+45_56401_34    375.344  56401.3994277726883    0.00    3.03        1
 GUPPI_1816+45_56401_34    324.720  56401.3994277941937    0.00    2.03        1
 GUPPI_1816+45_56401_34    375.335  56401.4028652634623    0.00    2.97        1
 GUPPI_1816+45_56401_34    324.707  56401.4028652856732    0.00    2.11        1
 GUPPI_1816+45_57666_07    378.188  57666.0833345243107    0.00   17.12        1
 GUPPI_1816+45_57666_07    324.822  57666.0833345100981    0.00    6.48        1
 GUPPI_1816+45_57666_07    378.147  57666.0867831596289    0.00   16.06        1
 GUPPI_1816+45_57666_07    324.813  57666.0867831438970    0.00    7.10        1
 GUPPI_1816+45_58357_13    378.356  58357.1558391045993    0.00    8.20        1
 GUPPI_1816+45_58357_13    324.508  58357.1558390996544    0.00    5.65        1
 GUPPI_1816+45_58357_13    378.553  58357.1575832738884    0.00    7.67        1
 GUPPI_1816+45_58357_13    324.509  58357.1575832456308    0.00    5.25        1
 GUPPI_1816+45_58382_05    378.782  58382.0676628385859    0.00    9.78        1
 GUPPI_1816+45_58382_05    324.677  58382.0676628445340    0.00    3.92        1
 GUPPI_1816+45_58382_05    378.967  58382.0694123368235    0.00    8.67        1
 GUPPI_1816+45_58382_05    324.635  58382.0694123601890    0.00    4.28        1
C GUPPI_GBNCC21740_55508    375.091  55508.7063291761621    0.00   29.12        1
 GUPPI_GBNCC21740_55508    324.812  55508.7063291676583    0.00   16.84        1
C GUPPI_GBNCC21740_55508    375.075  55508.7069703967512    0.00   35.30        1
 GUPPI_GBNCC21740_55508    324.806  55508.7069703874295    0.00   16.61        1
 GUPPI_GBNCC21973_55508    375.162  55508.7079263793446    0.00   14.21        1
 GUPPI_GBNCC21973_55508    324.907  55508.7079264025697    0.00    6.46        1
 GUPPI_GBNCC21973_55508    375.174  55508.7085675617171    0.00   19.19        1
 GUPPI_GBNCC21973_55508    324.893  55508.7085675505079    0.00    8.94        1
 GUPPI_GBNCC22350_55526    375.474  55526.6053453462520    0.00   11.33        1
 GUPPI_GBNCC22350_55526    325.041  55526.6053453414332    0.00    6.64        1
 GUPPI_GBNCC22350_55526    375.455  55526.6060450625280    0.00    9.97        1
 GUPPI_GBNCC22350_55526    324.949  55526.6060450663317    0.00    7.08        1
 GUPPI_J1816+4454_55624    375.150  55624.8402217138196    0.00    8.13        1
 GUPPI_J1816+4454_55624    324.854  55624.8402217063239    0.00    5.90        1
 GUPPI_J1816+4454_55624    375.149  55624.8419699503631    0.00    8.79        1
 GUPPI_J1816+4454_55624    324.880  55624.8419699398985    0.00    4.75        1
 GUPPI_J1816+4454_55625    375.188  55625.7099903579048    0.00    9.58        1
 GUPPI_J1816+4454_55625    324.802  55625.7099903584603    0.00    5.24        1
 GUPPI_J1816+4454_55625    375.189  55625.7117387812577    0.00    9.77        1
 GUPPI_J1816+4454_55625    324.820  55625.7117387797384    0.00    4.57        1
 GUPPI_J1816+4454_55626    375.170  55626.6248410268171    0.00    6.88        1
 GUPPI_J1816+4454_55626    324.954  55626.6248410471657    0.00    3.50        1
 GUPPI_J1816+4454_55626    375.189  55626.6269375936638    0.00    6.05        1
 GUPPI_J1816+4454_55626    324.946  55626.6269376159340    0.00    3.95        1
 guppi_57169_1816+45_00    379.036  57169.9595002674929    0.00   10.27        1
 guppi_57169_1816+45_00    324.819  57169.9595002755398    0.00    4.85        1
 guppi_57169_1816+45_00    378.736  57169.9611522941772    0.00   10.59        1
 guppi_57169_1816+45_00    324.511  57169.9611522781717    0.00    4.90        1
 guppi_55913_1816+45_00    868.214  55913.9432894343520    0.00    4.98        1
 guppi_55913_1816+45_00    768.618  55913.9432894158310    0.00    6.27        1
 guppi_55913_1816+45_00    867.858  55913.9459889714726    0.00    5.20        1
 guppi_55913_1816+45_00    767.266  55913.9459889620095    0.00    6.07        1
 guppi_55946_1816+45_00    867.362  55946.7604956770553    0.00    6.47        1
 guppi_55946_1816+45_00    769.291  55946.7604956481884    0.00    4.69        1
 guppi_55946_1816+45_00    867.647  55946.7632336015455    0.00    5.96        1
 guppi_55946_1816+45_00    769.205  55946.7632335749628    0.00    5.08        1
 guppi_57079_1816+45_00    867.165  57079.5134612276173    0.00   10.55        1
 guppi_57079_1816+45_00    769.215  57079.5134611984550    0.00   11.04        1
 guppi_57079_1816+45_00    866.323  57079.5168795209284    0.00   11.22        1
 guppi_57079_1816+45_00    768.531  57079.5168795293175    0.00   12.12        1
 guppi_57100_1816+45_00    867.656  57100.3067098672505    0.00    8.01        1
 guppi_57100_1816+45_00    769.180  57100.3067098407586    0.00   10.16        1
 guppi_57100_1816+45_00    867.319  57100.3101014633414    0.00    8.77        1
 guppi_57100_1816+45_00    769.239  57100.3101014343350    0.00   12.62        1
 guppi_57130_1816+45_00    867.663  57130.2904964805645    0.00   28.35        1
 guppi_57130_1816+45_00    769.180  57130.2904964536061    0.00   19.59        1
 guppi_57130_1816+45_00    867.663  57130.2935436944634    0.00   24.24        1
 guppi_57130_1816+45_00    769.180  57130.2935436680163    0.00   27.29        1
 guppi_57163_1816+45_00    867.656  57163.2107430862254    0.00    5.71        1
 guppi_57163_1816+45_00    767.589  57163.2107430731078    0.00    5.68        1
 guppi_57163_1816+45_00    867.656  57163.2137977520362    0.00    6.56        1
 guppi_57163_1816+45_00    767.206  57163.2137977421735    0.00    5.40        1
 guppi_57193_1816+45_00    866.414  57193.1865970879798    0.00    4.85        1
 guppi_57193_1816+45_00    767.589  57193.1865971049272    0.00    4.93        1
 guppi_57193_1816+45_00    866.277  57193.1917604110954    0.00    4.56        1
 guppi_57193_1816+45_00    767.589  57193.1917604272411    0.00    5.18        1
 guppi_57222_1816+45_00    867.655  57222.9959107246150    0.00    5.75        1
 guppi_57222_1816+45_00    767.589  57222.9959107113212    0.00    5.60        1
 guppi_57222_1816+45_00    867.573  57223.0011484975862    0.00    5.47        1
 guppi_57222_1816+45_00    767.589  57223.0011484837297    0.00    4.84        1
 guppi_57248_1816+45_00    867.614  57248.9649396816188    0.00    2.38        1
 guppi_57248_1816+45_00    767.589  57248.9649396681060    0.00    2.55        1
 guppi_57248_1816+45_00    867.433  57248.9700954379541    0.00    2.63        1
 guppi_57248_1816+45_00    767.610  57248.9700954231824    0.00    3.23        1
 guppi_57278_1816+45_00    867.566  57278.8210147970386    0.00    6.72        1
 guppi_57278_1816+45_00    769.175  57278.8210147703004    0.00    5.29        1
 guppi_57278_1816+45_00    867.455  57278.8261737313741    0.00    4.96        1
 guppi_57278_1816+45_00    769.077  57278.8261737046962    0.00    6.13        1
 guppi_57307_1816+45_00    869.227  57307.7474545457706    0.00    3.03        1
 guppi_57307_1816+45_00    769.257  57307.7474545277406    0.00    2.66        1
 guppi_57307_1816+45_00    869.858  57307.7525889300566    0.00    3.34        1
 guppi_57307_1816+45_00    769.240  57307.7525889157970    0.00    2.26        1
 guppi_57340_1816+45_00    867.583  57340.6668819874273    0.00    2.99        1
 guppi_57340_1816+45_00    768.437  57340.6668819666999    0.00    2.81        1
 guppi_57340_1816+45_00    867.375  57340.6720470451183    0.00    2.97        1
 guppi_57340_1816+45_00    768.417  57340.6720470234037    0.00    3.13        1
 guppi_57369_1816+45_00    867.624  57369.6349515186452    0.00    5.46        1
 guppi_57369_1816+45_00    767.589  57369.6349515055949    0.00    8.81        1
 guppi_57369_1816+45_00    867.792  57369.6401136551655    0.00    5.49        1
 guppi_57369_1816+45_00    767.629  57369.6401136425479    0.00    7.11        1
 guppi_57399_1816+45_00    867.541  57399.6140682181223    0.00    5.18        1
 guppi_57399_1816+45_00    767.125  57399.6140682081703    0.00    4.26        1
 guppi_57399_1816+45_00    867.353  57399.6192345093036    0.00    5.41        1
 guppi_57399_1816+45_00    767.009  57399.6192344991604    0.00    4.36        1
 guppi_55996_1816+45_00    866.036  55996.5165249449017    0.00    6.92        1
 guppi_55996_1816+45_00    769.441  55996.5165249442481    0.00    4.52        1
 guppi_55996_1816+45_00    865.762  55996.5199079322649    0.00    7.95        1
 guppi_55996_1816+45_00    769.434  55996.5199079300809    0.00    4.95        1
 guppi_56128_1816+45_00    863.750  56128.2671490378434    0.00   13.10        1
 guppi_56128_1816+45_00    769.230  56128.2671490256167    0.00    9.95        1
 guppi_56128_1816+45_00    864.758  56128.2705301794479    0.00   14.46        1
 guppi_56128_1816+45_00    769.159  56128.2705301734049    0.00   10.67        1
 GUPPI_J1816+45_56332_6    867.266  56332.7026943182767    0.00    5.89        1
 GUPPI_J1816+45_56332_6    769.735  56332.7026943220819    0.00    4.55        1
 GUPPI_J1816+45_56332_6    867.190  56332.7043848370973    0.00    5.44        1
 GUPPI_J1816+45_56332_6    769.697  56332.7043848408407    0.00    4.84        1
 GUPPI_J1816+45_56348_6    866.437  56348.7736759102842    0.00   17.11        1
 GUPPI_J1816+45_56348_6    769.468  56348.7736758750014    0.00   10.21        1
 GUPPI_J1816+45_56348_6    866.144  56348.7753664021998    0.00   11.33        1
 GUPPI_J1816+45_56348_6    769.463  56348.7753664020192    0.00    9.94        1
 GUPPI_J1816+45_56365_6    864.892  56365.7406427186890    0.00   13.44        1
 GUPPI_J1816+45_56365_6    769.665  56365.7406427465511    0.00    8.47        1
 GUPPI_J1816+45_56365_6    865.033  56365.7423321465557    0.00   15.51        1
 GUPPI_J1816+45_56365_6    769.630  56365.7423321384493    0.00    9.07        1
 GUPPI_J1816+45_56389_5    866.057  56389.6066272629150    0.00    9.45        1
 GUPPI_J1816+45_56389_5    768.640  56389.6066272693505    0.00   10.18        1
 GUPPI_J1816+45_56389_5    865.804  56389.6083147498113    0.00   10.66        1
 GUPPI_J1816+45_56389_5    768.622  56389.6083147545244    0.00   11.92        1
 GUPPI_J1816+45_56406_5    865.995  56406.5799028576055    0.00   14.64        1
 GUPPI_J1816+45_56406_5    768.698  56406.5799028626843    0.00   13.76        1
 GUPPI_J1816+45_56406_5    866.039  56406.5815920850507    0.00   24.84        1
 GUPPI_J1816+45_56406_5    768.713  56406.5815920900976    0.00   13.98        1
 GUPPI_J1816+45_56426_4    864.627  56426.5363636023909    0.00   18.14        1
 GUPPI_J1816+45_56426_4    770.242  56426.5363636240844    0.00    9.57        1
 GUPPI_J1816+45_56426_4    865.381  56426.5380505927897    0.00   19.39        1
 GUPPI_J1816+45_56426_4    770.202  56426.5380506192288    0.00   10.31        1
 GUPPI_J1816+45_56451_3    864.372  56451.4510165730365    0.00   14.59        1
 GUPPI_J1816+45_56451_3    768.733  56451.4510165686707    0.00   12.99        1
 GUPPI_J1816+45_56451_3    864.589  56451.4527040649776    0.00   18.92        1
 GUPPI_J1816+45_56451_3    768.893  56451.4527040603275    0.00   14.83        1
 GUPPI_J1816+45_56472_3    864.586  56472.3754888160095    0.00    5.09        1
 GUPPI_J1816+45_56472_3    769.979  56472.3754888392572    0.00    4.77        1
 GUPPI_J1816+45_56472_3    864.563  56472.3771814897157    0.00    5.39        1
 GUPPI_J1816+45_56472_3    769.787  56472.3771815145302    0.00    5.38        1
 GUPPI_J1816+45_56494_3    866.678  56494.3811650677919    0.00   26.74        1
 GUPPI_J1816+45_56494_3    767.992  56494.3811650453880    0.00   19.31        1
 GUPPI_J1816+45_56494_3    866.719  56494.3828540558385    0.00   16.55        1
 GUPPI_J1816+45_56494_3    767.943  56494.3828540347058    0.00   14.28        1
 GUPPI_J1816+45_56520_1    865.329  56520.2082832689009    0.00   16.14        1
 GUPPI_J1816+45_56520_1    769.656  56520.2082832988620    0.00   15.76        1
 GUPPI_J1816+45_56520_1    865.589  56520.2096232107234    0.00   15.13        1
 GUPPI_J1816+45_56520_1    769.161  56520.2096232096641    0.00   11.14        1
 GUPPI_J1816+45_56551_1    865.241  56551.1643570607774    0.00   14.35        1
 GUPPI_J1816+45_56551_1    769.142  56551.1643570583323    0.00   11.93        1
 GUPPI_J1816+45_56551_1    865.268  56551.1656986448473    0.00   15.05        1
 GUPPI_J1816+45_56551_1    769.163  56551.1656986422260    0.00   13.14        1
 GUPPI_J1816+45_56586_1    865.103  56586.1374134052398    0.00   29.22        1
 GUPPI_J1816+45_56586_1    768.761  56586.1374134045613    0.00   19.13        1
 GUPPI_J1816+45_56586_1    865.024  56586.1387551435420    0.00   20.88        1
 GUPPI_J1816+45_56586_1    768.943  56586.1387551408599    0.00   24.21        1
 GUPPI_J1816+45_56608_0    864.996  56608.0399490209210    0.00   16.97        1
C GUPPI_J1816+45_56608_0    768.632  56608.0399490210268    0.00   41.79        1
 GUPPI_J1816+45_56608_0    865.008  56608.0412902724929    0.00   21.14        1
 GUPPI_J1816+45_56608_0    768.687  56608.0412902715943    0.00   18.14        1
 GUPPI_J1816+45_56637_8    865.488  56637.9376924255933    0.00   23.08        1
 GUPPI_J1816+45_56637_8    768.641  56637.9376924279019    0.00   14.53        1
 GUPPI_J1816+45_56637_8    864.940  56637.9390323514319    0.00   21.04        1
 GUPPI_J1816+45_56637_8    768.682  56637.9390323507229    0.00   15.59        1
 GUPPI_J1816+45_56670_7    865.575  56670.8703551331978    0.00   21.42        1
 GUPPI_J1816+45_56670_7    768.480  56670.8703551379406    0.00   23.52        1
 GUPPI_J1816+45_56670_7    865.440  56670.8716932810984    0.00   27.03        1
 GUPPI_J1816+45_56670_7    768.451  56670.8716932854944    0.00   18.52        1
 56195/guppi_56195_1816    866.890  56195.7153234890755    0.00    8.57        1
 56195/guppi_56195_1816    767.696  56195.7153234705304    0.00    5.08        1
 56195/guppi_56195_1816    865.965  56195.7221398201859    0.00    8.36        1
 56195/guppi_56195_1816    767.954  56195.7221398310175    0.00    4.93        1
 56195/guppi_56195_1816    864.733  56195.7289961084736    0.00    7.16        1
 56195/guppi_56195_1816    768.052  56195.7289961116960    0.00    6.34        1
 56195/guppi_56195_1816    866.221  56195.7358131897777    0.00    6.07        1
 56195/guppi_56195_1816    768.026  56195.7358132016071    0.00    6.70        1
 56195/guppi_56195_1816    866.845  56195.7426135246286    0.00    6.14        1
 56195/guppi_56195_1816    767.589  56195.7426135067307    0.00    5.65        1
 56195/guppi_56195_1816    866.133  56195.7494442056626    0.00    7.41        1
 56195/guppi_56195_1816    767.589  56195.7494442204802    0.00    4.78        1
 56195/guppi_56195_1816    866.613  56195.7562659782767    0.00    6.88        1
 56195/guppi_56195_1816    767.571  56195.7562659593228    0.00    4.44        1
 56195/guppi_56195_1816    866.455  56195.7630884683243    0.00    6.25        1
 56195/guppi_56195_1816    767.592  56195.7630884851423    0.00    5.79        1
 56195/guppi_56195_1816    868.426  56195.7699070078903    0.00    6.81        1
 56195/guppi_56195_1816    767.628  56195.7699069987847    0.00    5.16        1
 56195/guppi_56195_1816    867.382  56195.7738101335570    0.00   19.07        1
 56195/guppi_56195_1816    767.589  56195.7738101191228    0.00   15.96        1
 56195/guppi_56195_1816    868.152  56195.7776967603346    0.00    5.57        1
 56195/guppi_56195_1816    767.452  56195.7776967511286    0.00    4.91        1
 56195/guppi_56195_1816    868.003  56195.7845278968287    0.00    5.72        1
 56195/guppi_56195_1816    767.679  56195.7845278848213    0.00    4.92        1
 56195/guppi_56195_1816    867.152  56195.7913684112622    0.00    7.98        1
 56195/guppi_56195_1816    768.207  56195.7913683901283    0.00    4.94        1
 56195/guppi_56195_1816    867.107  56195.7981859926144    0.00    8.48        1
 56195/guppi_56195_1816    767.603  56195.7981859762030    0.00    6.07        1
 56195/guppi_56195_1816    865.038  56195.8050034215060    0.00    7.61        1
 56195/guppi_56195_1816    767.589  56195.8050034302501    0.00    5.87        1
 56195/guppi_56195_1816    865.971  56195.8118409199692    0.00    6.49        1
 56195/guppi_56195_1816    767.589  56195.8118409339071    0.00    5.54        1
 56195/guppi_56195_1816    866.839  56195.8186579188304    0.00    5.34        1
 56195/guppi_56195_1816    767.589  56195.8186579009654    0.00    6.13        1
 56195/guppi_56195_1816    867.098  56195.8254771462073    0.00    6.25        1
 56195/guppi_56195_1816    767.762  56195.8254771280354    0.00    8.08        1
 56195/guppi_56195_1816    868.185  56195.8323089358000    0.00    7.10        1
 56195/guppi_56195_1816    769.312  56195.8323089111674    0.00    6.51        1
 56195/guppi_56195_1816    867.647  56195.8362004335638    0.00   23.48        1
 56195/guppi_56195_1816    769.451  56195.8362004043780    0.00   18.24        1
 56195/guppi_56195_1816    867.729  56195.8401085433410    0.00    7.29        1
 56195/guppi_56195_1816    768.562  56195.8401085224970    0.00    6.14        1
 56195/guppi_56195_1816    867.229  56195.8468899458572    0.00    7.08        1
 56195/guppi_56195_1816    768.699  56195.8468899209617    0.00    6.31        1
 56195/guppi_56195_1816    865.484  56195.8537246273331    0.00    6.32        1
 56195/guppi_56195_1816    767.705  56195.8537246375429    0.00    4.98        1
 56195/guppi_56195_1816    864.512  56195.8605682115328    0.00    8.24        1
 56195/guppi_56195_1816    767.589  56195.8605682171151    0.00    4.73        1
 56195/guppi_56195_1816    864.530  56195.8673922248383    0.00    6.64        1
 56195/guppi_56195_1816    767.589  56195.8673922303453    0.00    4.74        1
 56195/guppi_56195_1816    864.530  56195.8742157342903    0.00    6.88        1
 56195/guppi_56195_1816    767.589  56195.8742157397034    0.00    4.37        1
 56195/guppi_56195_1816    864.488  56195.8810399111575    0.00    6.31        1
 56195/guppi_56195_1816    767.589  56195.8810399165687    0.00    5.02        1
 56195/guppi_56195_1816    864.257  56195.8878685520785    0.00    8.92        1
 56195/guppi_56195_1816    767.589  56195.8878685563561    0.00    5.25        1
 56195/guppi_56195_1816    864.340  56195.8946799090897    0.00    8.41        1
 56195/guppi_56195_1816    767.589  56195.8946799137099    0.00    5.96        1
 56195/guppi_56195_1816    863.431  56195.8985853532792    0.00   34.06        1
 56195/guppi_56195_1816    767.589  56195.8985853529744    0.00   13.06        1
 56195/guppi_56195_1816    864.578  56195.9024881123314    0.00    7.03        1
 56195/guppi_56195_1816    767.632  56195.9024881178946    0.00    5.44        1
 56195/guppi_56195_1816    864.580  56195.9093081116551    0.00    7.86        1
 56195/guppi_56195_1816    767.589  56195.9093081175320    0.00    5.32        1
 56195/guppi_56195_1816    864.639  56195.9161331575273    0.00    8.69        1
 56195/guppi_56195_1816    767.589  56195.9161331637416    0.00    4.78        1
 56195/guppi_56195_1816    865.161  56195.9229574720619    0.00    8.19        1
 56195/guppi_56195_1816    767.589  56195.9229574813487    0.00    4.61        1
 56195/guppi_56195_1816    864.856  56195.9297735518779    0.00    8.42        1
 56195/guppi_56195_1816    767.589  56195.9297735593055    0.00    4.81        1
 56195/guppi_56195_1816    864.869  56195.9366051116691    0.00    8.45        1
 56195/guppi_56195_1816    767.589  56195.9366051193757    0.00    5.36        1
 56195/guppi_56195_1816    865.668  56195.9434301509214    0.00    7.51        1
 56195/guppi_56195_1816    767.589  56195.9434301632315    0.00    4.95        1
 56195/guppi_56195_1816    865.591  56195.9502518529419    0.00    7.97        1
 56195/guppi_56195_1816    767.589  56195.9502518648580    0.00    4.12        1
C 56195/guppi_56195_1816    865.066  56195.9570745367041    0.00   26.84        1
 56195/guppi_56195_1816    767.589  56195.9570745451488    0.00   11.23        1
C 56195/guppi_56195_1816    864.990  56195.9609732190251    0.00   54.88        1
C 56195/guppi_56195_1816    767.589  56195.9609732154606    0.00   60.55        1
C 56195/guppi_56195_1816    864.914  56195.9648646088257    0.00   80.88        1
C 56195/guppi_56195_1816    767.589  56195.9648645918798    0.00   52.50        1
C 56195/guppi_56195_1816    864.728  56195.9716953707675    0.00   33.76        1
C 56195/guppi_56195_1816    767.589  56195.9716953678671    0.00   60.16        1
C 56195/guppi_56195_1816    865.188  56195.9785218958908    0.00   13.51        1
C 56195/guppi_56195_1816    767.589  56195.9785219058183    0.00   14.83        1
C 56195/guppi_56195_1816    865.344  56195.9853319420482    0.00   11.51        1
C 56195/guppi_56195_1816    767.696  56195.9853319519391    0.00    6.88        1
 56195/guppi_56195_1816    865.286  56195.9921705788760    0.00    5.89        1
 56195/guppi_56195_1816    767.760  56195.9921705875446    0.00    4.59        1
 56195/guppi_56195_1816    864.935  56195.9989856270043    0.00    6.75        1
 56195/guppi_56195_1816    767.589  56195.9989856353401    0.00    4.82        1
 56195/guppi_56195_1816    865.098  56196.0058111610952    0.00    7.55        1
 56195/guppi_56195_1816    767.589  56196.0058111702095    0.00    5.28        1
 56195/guppi_56195_1816    865.291  56196.0126352905619    0.00    8.81        1
 56195/guppi_56195_1816    767.651  56196.0126353001974    0.00    5.21        1
 56195/guppi_56195_1816    864.766  56196.0194570297879    0.00    8.79        1
 56195/guppi_56195_1816    767.589  56196.0194570370359    0.00    4.94        1
 56195/guppi_56195_1816    866.213  56196.0233613811211    0.00   19.24        1
 56195/guppi_56195_1816    768.116  56196.0233613918576    0.00   13.84        1
 56195/guppi_56195_1816    865.204  56196.0272624403328    0.00    6.49        1
 56195/guppi_56195_1816    767.604  56196.0272624128199    0.00    5.23        1
 56195/guppi_56195_1816    865.612  56196.0340801464747    0.00    5.47        1
 56195/guppi_56195_1816    767.589  56196.0340801215130    0.00    5.78        1
 56195/guppi_56195_1816    865.450  56196.0409026614342    0.00    5.27        1
 56195/guppi_56195_1816    767.589  56196.0409026356371    0.00    5.03        1
 56195/guppi_56195_1816    865.462  56196.0477304720544    0.00    6.10        1
 56195/guppi_56195_1816    767.589  56196.0477304462972    0.00    5.65        1
 56195/guppi_56195_1816    865.169  56196.0545519520184    0.00    6.83        1
 56195/guppi_56195_1816    767.589  56196.0545519244900    0.00    4.88        1
 56195/guppi_56195_1816    864.691  56196.0613704008834    0.00    6.04        1
 56195/guppi_56195_1816    767.589  56196.0613703706300    0.00    5.20        1
 56195/guppi_56195_1816    864.861  56196.0682036003896    0.00    5.06        1
 56195/guppi_56195_1816    767.589  56196.0682035711765    0.00    5.54        1
 56195/guppi_56195_1816    864.962  56196.0750198223164    0.00    5.47        1
 56195/guppi_56195_1816    767.589  56196.0750197938046    0.00    5.23        1
 56195/guppi_56195_1816    866.340  56196.0818389885820    0.00    7.61        1
 56195/guppi_56195_1816    768.041  56196.0818389642215    0.00    4.54        1
 56195/guppi_56195_1816    865.499  56196.0861506055654    0.00   14.21        1
 56195/guppi_56195_1816    767.724  56196.0861505789897    0.00    9.04        1
 56195/guppi_56195_1816    865.204  56196.0272624403333    0.00    6.47        1
 56195/guppi_56195_1816    767.604  56196.0272624497746    0.00    5.20        1
 56195/guppi_56195_1816    865.612  56196.0340801095204    0.00    5.50        1
 56195/guppi_56195_1816    767.589  56196.0340801215119    0.00    5.83        1
 56195/guppi_56195_1816    865.450  56196.0409026244791    0.00    5.24        1
 56195/guppi_56195_1816    767.589  56196.0409026356363    0.00    5.04        1
 56195/guppi_56195_1816    865.462  56196.0477304720547    0.00    6.12        1
 56195/guppi_56195_1816    767.589  56196.0477304832512    0.00    5.66        1
 56195/guppi_56195_1816    865.169  56196.0545519150639    0.00    6.83        1
 56195/guppi_56195_1816    767.589  56196.0545519244894    0.00    4.88        1
 56195/guppi_56195_1816    864.691  56196.0613703639287    0.00    6.03        1
 56195/guppi_56195_1816    767.589  56196.0613703706299    0.00    5.20        1
 56195/guppi_56195_1816    864.861  56196.0682035264803    0.00    5.06        1
 56195/guppi_56195_1816    767.589  56196.0682035342220    0.00    5.53        1
 56195/guppi_56195_1816    864.962  56196.0750197484082    0.00    5.44        1
 56195/guppi_56195_1816    767.589  56196.0750197568499    0.00    5.23        1
 56195/guppi_56195_1816    866.340  56196.0818389146725    0.00    7.57        1
 56195/guppi_56195_1816    768.041  56196.0818389272667    0.00    4.57        1
 56195/guppi_56195_1816    866.131  56196.0857449497216    0.00   17.54        1
 56195/guppi_56195_1816    767.742  56196.0857449636221    0.00   11.36        1
 guppi_56178_1816+45_00   1304.890  56178.8127071808975    0.00   15.39        1
 guppi_56178_1816+45_00   1685.389  56178.8127071853383    0.00   20.27        1
 guppi_56178_1816+45_00   1304.758  56178.8440968803222    0.00   14.36        1
 guppi_56178_1816+45_00   1683.742  56178.8440968867133    0.00   37.57        1
 guppi_56178_1816+45_00   1304.896  56178.8515764687136    0.00   11.74        1
 guppi_56178_1816+45_00   1683.599  56178.8515764744431    0.00   34.54        1
 guppi_56178_1816+45_00   1304.895  56178.8590320604947    0.00   16.96        1
 guppi_56178_1816+45_00   1683.806  56178.8590320661660    0.00   41.96        1
 guppi_56178_1816+45_00   1305.657  56178.8665022700544    0.00   17.86        1
 guppi_56178_1816+45_00   1682.029  56178.8665022779512    0.00   18.27        1
 guppi_56178_1816+45_00   1304.610  56178.8739627352967    0.00   16.64        1
 guppi_56178_1816+45_00   1683.706  56178.8739627402612    0.00   22.46        1
 guppi_56178_1816+45_00   1305.076  56178.8814093356276    0.00   22.42        1
 guppi_56178_1816+45_00   1686.539  56178.8814093394721    0.00   21.08        1
 guppi_56178_1816+45_00   1303.417  56178.8888858284660    0.00   13.30        1
C guppi_56178_1816+45_00   1687.045  56178.8888858135611    0.00   48.55        1
 guppi_56178_1816+45_00   1304.666  56178.8963411472077    0.00   19.35        1
 guppi_56178_1816+45_00   1687.150  56178.8963411493600    0.00   37.32        1
 guppi_56178_1816+45_00   1305.073  56178.9044483397155    0.00   12.61        1
 guppi_56178_1816+45_00   1688.077  56178.9044483417768    0.00   38.52        1
 guppi_56178_1816+45_00   1303.183  56178.9167829260486    0.00   18.23        1
C guppi_56178_1816+45_00   1686.335  56178.9167829419962    0.00   47.20        1
 guppi_56178_1816+45_00   1303.050  56178.9242598807616    0.00   22.52        1
 guppi_56178_1816+45_00   1684.987  56178.9242598823523    0.00   31.00        1
 guppi_56178_1816+45_00   1304.493  56178.9317329651633    0.00   11.87        1
 guppi_56178_1816+45_00   1684.424  56178.9317329689895    0.00   27.88        1
 guppi_56178_1816+45_00   1305.246  56178.9391881602175    0.00   13.18        1
 guppi_56178_1816+45_00   1681.671  56178.9391881680669    0.00   26.42        1
 guppi_56178_1816+45_00   1303.288  56178.9466664472018    0.00   17.96        1
 guppi_56178_1816+45_00   1683.625  56178.9466664497285    0.00   36.85        1
 guppi_56178_1816+45_00   1302.358  56178.9541135088701    0.00   16.96        1
 guppi_56178_1816+45_00   1684.235  56178.9541135097067    0.00   34.10        1
 guppi_56178_1816+45_00   1304.407  56178.9615828143665    0.00   28.21        1
 guppi_56178_1816+45_00   1684.948  56178.9615828178280    0.00   43.59        1
 guppi_56178_1816+45_00   1304.422  56178.9690383971422    0.00   34.92        1
 guppi_56178_1816+45_00   1686.848  56178.9690383994895    0.00   45.31        1
 guppi_56178_1816+45_00   1304.620  56178.9765053047539    0.00   17.15        1
 guppi_56178_1816+45_00   1684.973  56178.9765053082240    0.00   26.54        1
 guppi_56178_1816+45_00   1303.804  56178.9840021222294    0.00   26.73        1
 guppi_56178_1816+45_00   1683.266  56178.9840021254536    0.00   30.65        1
 guppi_56178_1816+45_00   1304.644  56178.9914483011799    0.00   29.22        1
 guppi_56178_1816+45_00   1683.214  56178.9914483068960    0.00   28.31        1
C guppi_56178_1816+45_00   1304.460  56178.9989040415134    0.00   31.62        1
C guppi_56178_1816+45_00   1683.853  56178.9989040366875    0.00   45.91        1
C guppi_56178_1816+45_00   1304.833  56179.0063752371645    0.00   25.51        1
C guppi_56178_1816+45_00   1682.810  56179.0063752547232    0.00   83.39        1
C guppi_56178_1816+45_00   1303.831  56179.0138423773924    0.00   21.78        1
C guppi_56178_1816+45_00   1695.108  56179.0138423633176    0.00   41.27        1
 guppi_56178_1816+45_00   1302.598  56179.0212929433448    0.00   28.79        1
C guppi_56178_1816+45_00   1687.261  56179.0212929437753    0.00   40.06        1
 guppi_56178_1816+45_00   1304.663  56179.0287708915956    0.00   18.88        1
C guppi_56178_1816+45_00   1685.032  56179.0287709067450    0.00   43.86        1
 guppi_56178_1816+45_00   1304.740  56179.0362259359489    0.00   22.60        1
C guppi_56178_1816+45_00   1685.406  56179.0362259245004    0.00   45.04        1
 guppi_56178_1816+45_00   1302.034  56179.0436620038249    0.00   15.32        1
 guppi_56178_1816+45_00   1683.766  56179.0436620048256    0.00   44.81        1
 guppi_56178_1816+45_00   1304.527  56179.0511674516334    0.00   18.99        1
 guppi_56178_1816+45_00   1685.452  56179.0511674560151    0.00   28.52        1
 guppi_56178_1816+45_00   1304.356  56179.0586227164200    0.00   28.73        1
 guppi_56178_1816+45_00   1690.247  56179.0586227150497    0.00   22.82        1
 guppi_56178_1816+45_00   1303.833  56179.0660963549947    0.00   23.29        1
 guppi_56178_1816+45_00   1687.523  56179.0660963555047    0.00   28.88        1
 guppi_56178_1816+45_00   1302.768  56179.0735451094728    0.00   23.25        1
 guppi_56178_1816+45_00   1686.372  56179.0735451089676    0.00   21.87        1
 guppi_56178_1816+45_00   1303.404  56179.0810189511563    0.00   21.36        1
 guppi_56178_1816+45_00   1685.409  56179.0810189525153    0.00   28.69        1
C guppi_56178_1816+45_00   1304.482  56179.0884791832141    0.00   56.12        1
 guppi_56178_1816+45_00   1681.263  56179.0884791755263    0.00   15.77        1
 guppi_56178_1816+45_00   1304.482  56179.0959285143795    0.00   49.56        1
 guppi_56178_1816+45_00   1684.138  56179.0959285181192    0.00   21.31        1
C guppi_56178_1816+45_00   1305.007  56179.1033854672148    0.00   48.59        1
 guppi_56178_1816+45_00   1686.747  56179.1033854805065    0.00   37.38        1
 guppi_56178_1816+45_00   1304.906  56179.1108727278190    0.00   26.59        1
 guppi_56178_1816+45_00   1683.616  56179.1108727334269    0.00   33.08        1
C guppi_56178_1816+45_00   1305.760  56179.1183254547420    0.00   46.17        1
 guppi_56178_1816+45_00   1682.430  56179.1183254681956    0.00   23.99        1
C guppi_56178_1816+45_00   1305.063  56179.1257737410666    0.00   38.80        1
 guppi_56178_1816+45_00   1684.471  56179.1257737412501    0.00   43.59        1
C guppi_56178_1816+45_00   1308.123  56179.1332722425836    0.00   38.13        1
 guppi_56178_1816+45_00   1682.563  56179.1332722646133    0.00   33.78        1
 guppi_56178_1816+45_00   1308.418  56179.1407292745764    0.00   21.17        1
 guppi_56178_1816+45_00   1682.783  56179.1407292884799    0.00   46.96        1
 guppi_56178_1816+45_00   1305.223  56179.1481916740339    0.00   31.86        1
 guppi_56178_1816+45_00   1686.086  56179.1481916770493    0.00   41.51        1
 guppi_56178_1816+45_00   1305.191  56179.1556562315115    0.00   26.53        1
C guppi_56178_1816+45_00   1693.837  56179.1556562306489    0.00   64.65        1
 guppi_56178_1816+45_00   1306.382  56179.1631191903538    0.00   40.44        1
C guppi_56178_1816+45_00   1683.309  56179.1631192002348    0.00   23.62        1
 guppi_56178_1816+45_00   1305.195  56179.1705878436872    0.00   33.86        1
C guppi_56178_1816+45_00   1682.482  56179.1705878517837    0.00   62.96        1
 guppi_56178_1816+45_00   1303.660  56179.1780369488612    0.00   26.44        1
C guppi_56178_1816+45_00   1687.637  56179.1780369531120    0.00   42.33        1
 guppi_56178_1816+45_00   1304.087  56179.1854995823841    0.00   21.99        1
C guppi_56178_1816+45_00   1685.478  56179.1854995850845    0.00   53.13        1
 guppi_56178_1816+45_00   1304.066  56179.1929610761444    0.00   27.21        1
C guppi_56178_1816+45_00   1684.914  56179.1929610765452    0.00   33.49        1
 guppi_56178_1816+45_00   1305.903  56179.2011341950006    0.00   18.32        1
 guppi_56178_1816+45_00   1684.682  56179.2011342012909    0.00   34.02        1
 NOT SET                   350.024  55589.7178321831120    0.00    9.57        1
 NOT SET                   350.024  55589.7192069847555    0.00    6.10        1
 NOT SET                   350.024  55589.7205817844692    0.00    7.38        1
 NOT SET                   350.024  55589.7219565814759    0.00    7.87        1
 NOT SET                   350.024  55589.7233313764350    0.00    8.78        1
 NOT SET                   350.024  55591.7944872784069    0.00    8.41        1
 NOT SET                   350.024  55591.7958620852129    0.00    8.81        1
 NOT SET                   350.024  55591.7972368892103    0.00    8.02        1
 NOT SET                   350.024  55591.7986116897267    0.00    8.30        1
 NOT SET                   350.024  55591.7999864867790    0.00    7.67        1
 NOT SET                   350.024  55591.8641591690393    0.00    7.88        1
 NOT SET                   350.024  55591.8670019713692    0.00    5.74        1
 NOT SET                   350.024  55591.8698447969416    0.00    7.50        1
 NOT SET                   350.012  55624.2880146007908    0.00    3.90        1
 NOT SET                   350.012  55624.2885505242485    0.00    4.15        1
 NOT SET                   350.012  55624.2890864841877    0.00    4.77        1
 NOT SET                   350.012  55624.2896224067195    0.00    3.44        1
 NOT SET                   350.012  55624.2901583286092    0.00    4.64        1
 NOT SET                   350.012  55624.3863020791615    0.00    4.13        1
 NOT SET                   350.012  55624.3869778514482    0.00    3.31        1
 NOT SET                   350.012  55624.3876535865544    0.00    3.60        1
 NOT SET                   350.012  55624.3883293215900    0.00    4.07        1
 NOT SET                   350.012  55624.3890050931770    0.00    3.58        1
 NOT SET                   350.012  55624.4144608821600    0.00    4.58        1
 NOT SET                   350.012  55624.4148570038390    0.00    4.60        1
 NOT SET                   350.012  55624.4152531625778    0.00    4.86        1
 NOT SET                   350.012  55624.4156492844224    0.00    5.36        1
 NOT SET                   350.012  55624.4160454064125    0.00    5.06        1
 NOT SET                   350.012  55627.3995486603859    0.00    4.11        1
 NOT SET                   350.012  55627.4002360334903    0.00    3.76        1
 NOT SET                   350.012  55627.4009234443365    0.00    3.44        1
 NOT SET                   350.012  55627.4016108562778    0.00    3.72        1
 NOT SET                   350.012  55627.4022982321160    0.00    4.27        1
 NOT SET                   350.012  55633.5462616250325    0.00    3.70        1
 NOT SET                   350.012  55633.5478344984233    0.00    3.42        1
 NOT SET                   350.012  55633.5494073761315    0.00    3.53        1
 NOT SET                   350.012  55633.5509802211113    0.00    3.72        1
 NOT SET                   350.012  55633.5525531071969    0.00    3.87        1
 NOT SET                   350.012  55635.2566773410359    0.00    3.75        1
 NOT SET                   350.012  55635.2570851432318    0.00    4.65        1
 NOT SET                   350.012  55635.2574929085911    0.00    4.65        1
 NOT SET                   350.012  55635.2579006741258    0.00    5.41        1
 NOT SET                   350.012  55635.2583084768593    0.00    3.62        1
 NOT SET                   350.012  55635.3110641674273    0.00    3.89        1
 NOT SET                   350.012  55635.3115418521956    0.00    3.78        1
 NOT SET                   350.012  55635.3120195373431    0.00    3.73        1
 NOT SET                   350.012  55635.3124972231527    0.00    3.45        1
 NOT SET                   350.012  55635.3129749094124    0.00    3.77        1
 NOT SET                   350.012  55656.4159664203631    0.00    3.77        1
 NOT SET                   350.012  55656.4166421772425    0.00    3.97        1
 NOT SET                   350.012  55656.4173179331804    0.00    4.12        1
 NOT SET                   350.012  55656.4179936882657    0.00    4.24        1
 NOT SET                   350.012  55656.4186694424902    0.00    4.80        1
 NOT SET                   350.012  55721.4120659976489    0.00    4.18        1
 NOT SET                   350.012  55721.4127417569819    0.00    4.05        1
 NOT SET                   350.012  55721.4134175155360    0.00    4.28        1
 NOT SET                   350.012  55721.4140932362355    0.00    4.24        1
 NOT SET                   350.012  55721.4147689929206    0.00    4.27        1
 NOT SET                   820.049  55604.8647693137433    0.00   12.91        1
 NOT SET                   820.049  55604.8661587220930    0.00   10.72        1
 NOT SET                   820.049  55604.8675480905664    0.00   10.68        1
 NOT SET                   820.049  55604.8689374561579    0.00   18.03        1
 NOT SET                   820.049  55604.8703268186230    0.00   12.72        1
 NOT SET                   820.049  55606.9118483087053    0.00    9.63        1
 NOT SET                   820.049  55606.9132289332755    0.00   13.48        1
 NOT SET                   820.049  55606.9146095199618    0.00   11.55        1
 NOT SET                   820.049  55606.9159901790368    0.00   12.85        1
 NOT SET                   820.049  55606.9173708004400    0.00   13.52        1
 NOT SET                   820.049  55610.8562811593709    0.00    7.25        1
 NOT SET                   820.049  55610.8576617829581    0.00    5.31        1
 NOT SET                   820.049  55610.8590424077796    0.00    5.98        1
 NOT SET                   820.049  55610.8604230329843    0.00    5.73        1
 NOT SET                   820.049  55610.8618036587293    0.00    6.92        1
 NOT SET                   820.049  55612.8968431698286    0.00    9.22        1
 NOT SET                   820.049  55612.8975422090980    0.00   11.60        1
 NOT SET                   820.049  55612.8982412855627    0.00    9.35        1
 NOT SET                   820.049  55612.8989403262188    0.00    9.85        1
 NOT SET                   820.049  55612.8996393671829    0.00    7.30        1
 NOT SET                   820.049  55614.8004079560097    0.00   10.02        1
 NOT SET                   820.049  55614.8011070107513    0.00   11.09        1
 NOT SET                   820.049  55614.8018060295560    0.00    7.45        1
 NOT SET                   820.049  55614.8025050859288    0.00   11.19        1
 NOT SET                   820.049  55614.8032041426417    0.00    9.48        1
 NOT SET                   820.049  55619.8347482508838    0.00   14.06        1
 NOT SET                   820.049  55619.8354473225806    0.00    9.77        1
 NOT SET                   820.049  55619.8361463586679    0.00    7.86        1
 NOT SET                   820.049  55619.8368453948502    0.00   10.46        1
 NOT SET                   820.049  55619.8375444693542    0.00   10.69        1
 NOT SET                   820.049  55620.5251185847221    0.00   11.38        1
 NOT SET                   820.049  55620.5258176496436    0.00    9.94        1
 NOT SET                   820.049  55620.5265167158856    0.00    9.68        1
 NOT SET                   820.049  55620.5272157460834    0.00    8.01        1
 NOT SET                   820.049  55620.5279148142598    0.00    9.55        1
 NOT SET                   820.049  55671.4733188198245    0.00    6.74        1
 NOT SET                   820.049  55671.4740062029793    0.00    7.06        1
 NOT SET                   820.049  55671.4746936237959    0.00    7.95        1
 NOT SET                   820.049  55671.4753810078941    0.00    6.15        1
 NOT SET                   820.049  55671.4760683922552    0.00    7.38        1
 NOT SET                   820.049  55701.4319299292523    0.00   10.06        1
 NOT SET                   820.049  55701.4326173225574    0.00   11.28        1
 NOT SET                   820.049  55701.4333047165216    0.00   11.02        1
 NOT SET                   820.049  55701.4339921106661    0.00   12.54        1
 NOT SET                   820.049  55701.4346795415970    0.00   14.86        1
 NOT SET                   820.049  55755.1972354969920    0.00    5.80        1
 NOT SET                   820.049  55755.1989044955756    0.00    6.97        1
 NOT SET                   820.049  55755.2005734595256    0.00    5.82        1
 NOT SET                   820.049  55755.2022424628493    0.00    6.68        1
 NOT SET                   820.049  55755.2039114309110    0.00    5.46        1
 NOT SET                   820.049  55755.2057202642125    0.00    6.10        1
 NOT SET                   820.049  55755.2075814743462    0.00    6.05        1
 NOT SET                   820.049  55755.2094427237145    0.00    6.54        1
 NOT SET                   820.049  55755.2113039371474    0.00    6.36        1
 NOT SET                   820.049  55755.2131651523742    0.00    5.27        1
 NOT SET                   820.049  55755.2147263488850    0.00    6.65        1
 NOT SET                   820.049  55755.2159584002036    0.00    8.32        1
 NOT SET                   820.049  55755.2171904888607    0.00    6.15        1
 NOT SET                   820.049  55755.2184225779844    0.00    7.80        1
 NOT SET                   820.049  55755.2196546299695    0.00    8.25        1
 NOT SET                   820.049  55771.0097678655723    0.00    8.01        1
 NOT SET                   820.049  55771.0111543340567    0.00    6.55        1
 NOT SET                   820.049  55771.0125407694686    0.00    8.44        1
 NOT SET                   820.049  55771.0139272092431    0.00    7.05        1
 NOT SET                   820.049  55771.0153136528937    0.00    8.37        1
 NOT SET                   820.049  55771.0167001375983    0.00    9.94        1
 NOT SET                   820.049  55771.0180865891257    0.00    8.73        1
 NOT SET                   820.049  55771.0194730078874    0.00    7.46        1
 NOT SET                   820.049  55771.0208594679972    0.00    8.40        1
 NOT SET                   820.049  55771.0222459314058    0.00    6.13        1
 NOT SET                   820.049  55771.0486451601434    0.00    7.92        1
 NOT SET                   820.049  55771.0500316231647    0.00    8.06        1
 NOT SET                   820.049  55771.0514180893803    0.00    9.38        1
 NOT SET                   820.049  55771.0528045217658    0.00    9.11        1
 NOT SET                   820.049  55771.0541909939678    0.00    8.51        1
 NOT SET                   820.049  55771.0555774319284    0.00    7.79        1
 NOT SET                   820.049  55771.0569638734660    0.00    6.74        1
 NOT SET                   820.049  55771.0583503174917    0.00    8.21        1
 NOT SET                   820.049  55771.0597367641475    0.00    6.45        1
 NOT SET                   820.049  55771.0611232136399    0.00    6.25        1
 NOT SET                   820.049  55772.0128980865185    0.00    8.03        1
 NOT SET                   820.049  55772.0141097904786    0.00    7.88        1
 NOT SET                   820.049  55772.0153214578075    0.00    6.88        1
 NOT SET                   820.049  55772.0165331624475    0.00    6.51        1
 NOT SET                   820.049  55772.0177448315501    0.00   10.63        1
 NOT SET                   820.049  55772.0189565379817    0.00    6.51        1
 NOT SET                   820.049  55772.0201682078812    0.00    6.35        1
 NOT SET                   820.049  55772.0213799158917    0.00    6.55        1
 NOT SET                   820.049  55772.0225915877148    0.00    5.52        1
 NOT SET                   820.049  55772.0238032608236    0.00    7.67        1
 NOT SET                   820.049  55773.0328151632716    0.00   11.45        1
 NOT SET                   820.049  55773.0369628586641    0.00   12.69        1
 NOT SET                   820.049  55773.0411105633758    0.00    7.89        1
 NOT SET                   820.049  55773.0452582795821    0.00    7.87        1
 NOT SET                   820.049  55773.0494059716530    0.00    8.81        1
 NOT SET                   820.049  55774.1071063688273    0.00    4.98        1
 NOT SET                   820.049  55774.1095355813548    0.00    5.14        1
 NOT SET                   820.049  55774.1119647833177    0.00    5.17        1
 NOT SET                   820.049  55774.1143939748947    0.00    4.44        1
 NOT SET                   820.049  55774.1168231563906    0.00    4.93        1
 NOT SET                   820.049  55774.1192523650947    0.00    5.70        1
 NOT SET                   820.049  55774.1216815642265    0.00    6.68        1
 NOT SET                   820.049  55774.1241107915996    0.00    5.99        1
 NOT SET                   820.049  55774.1265399729770    0.00    6.19        1
 NOT SET                   820.049  55774.1289691831665    0.00    6.12        1
 NOT SET                   820.049  55774.1421874521590    0.00    8.97        1
 NOT SET                   820.049  55774.1428806714651    0.00    9.44        1
 NOT SET                   820.049  55774.1435738901710    0.00    7.89        1
 NOT SET                   820.049  55774.1442671450625    0.00    7.87        1
 NOT SET                   820.049  55774.1449603631366    0.00   11.98        1
 NOT SET                   820.049  55774.1456535806230    0.00    7.87        1
 NOT SET                   820.049  55774.1463467975830    0.00    9.42        1
 NOT SET                   820.049  55774.1470400509619    0.00    9.80        1
 NOT SET                   820.049  55774.1477332675660    0.00    8.88        1
 NOT SET                   820.049  55774.1484264832959    0.00    7.43        1
 NOT SET                   820.049  55775.0077880972944    0.00    5.82        1
 NOT SET                   820.049  55775.0098677577408    0.00    5.13        1
 NOT SET                   820.049  55775.0119474630075    0.00    4.63        1
 NOT SET                   820.049  55775.0140271390787    0.00    5.78        1
 NOT SET                   820.049  55775.0161067860518    0.00    6.58        1
 NOT SET                   820.049  55775.0181864774448    0.00    6.68        1
 NOT SET                   820.049  55775.0202661390065    0.00    6.94        1
 NOT SET                   820.049  55775.0223458077213    0.00    7.17        1
 NOT SET                   820.049  55775.0244254832840    0.00    7.92        1
 NOT SET                   820.049  55775.0265051655184    0.00    5.87        1
 NOT SET                   820.049  55775.0440376430715    0.00    8.93        1
 NOT SET                   820.049  55775.0459775120167    0.00    9.08        1
 NOT SET                   820.049  55775.0479173478824    0.00    8.46        1
 NOT SET                   820.049  55775.0498572236097    0.00    7.16        1
 NOT SET                   820.049  55775.0517971022488    0.00    9.94        1
 NOT SET                   820.049  55775.0537369467458    0.00    6.89        1
 NOT SET                   820.049  55775.0556768306059    0.00    5.23        1
 NOT SET                   820.049  55775.0576166797366    0.00    6.90        1
 NOT SET                   820.049  55775.0595565677687    0.00    6.14        1
 NOT SET                   820.049  55775.0614964205119    0.00    5.41        1
 NOT SET                   820.049  55779.9709825329467    0.00    8.50        1
 NOT SET                   820.049  55779.9730621966933    0.00    8.75        1
 NOT SET                   820.049  55779.9751418653151    0.00   10.33        1
 NOT SET                   820.049  55779.9772215380564    0.00    9.58        1
 NOT SET                   820.049  55779.9793012159066    0.00    9.21        1
 NOT SET                   820.049  55779.9813808991725    0.00    9.52        1
 NOT SET                   820.049  55779.9834605876642    0.00   11.21        1
 NOT SET                   820.049  55779.9855402451609    0.00   10.98        1
 NOT SET                   820.049  55779.9876199450769    0.00    9.26        1
 NOT SET                   820.049  55779.9896996147267    0.00    6.88        1
 NOT SET                   820.049  55780.0014337117831    0.00    8.22        1
 NOT SET                   820.049  55780.0034434711227    0.00    9.07        1
 NOT SET                   820.049  55780.0054532375840    0.00    9.04        1
 NOT SET                   820.049  55780.0074630115281    0.00    8.44        1
 NOT SET                   820.049  55780.0094727929339    0.00    6.59        1
 NOT SET                   820.049  55780.0114825456099    0.00    8.93        1
 NOT SET                   820.049  55780.0134923056876    0.00    8.88        1
 NOT SET                   820.049  55780.0155021103404    0.00    5.97        1
 NOT SET                   820.049  55780.0175118495770    0.00    8.16        1
 NOT SET                   820.049  55780.0195216335469    0.00    6.31        1
 NOT SET                   820.049  55789.9443854590725    0.00   10.80        1
 NOT SET                   820.049  55789.9456320935641    0.00   11.72        1
 NOT SET                   820.049  55789.9468787623556    0.00    9.36        1
 NOT SET                   820.049  55789.9481253902262    0.00    9.68        1
 NOT SET                   820.049  55789.9807098179444    0.00    7.26        1
 NOT SET                   820.049  55789.9832758881213    0.00    7.78        1
 NOT SET                   820.049  55789.9858419826262    0.00    7.03        1
 NOT SET                   820.049  55789.9884081016954    0.00    8.93        1
 NOT SET                   820.049  55789.9909742090467    0.00    7.91        1
 NOT SET                   820.049  55789.9935403048826    0.00    7.18        1
 NOT SET                   820.049  55789.9961063888238    0.00    7.76        1
 NOT SET                   820.049  55789.9986724991614    0.00    6.71        1
 NOT SET                   820.049  55799.0248246080692    0.00    7.52        1
 NOT SET                   820.049  55799.0258615352124    0.00    9.86        1
 NOT SET                   820.049  55799.0268984610926    0.00    6.39        1
 NOT SET                   820.049  55799.0279353850992    0.00    6.80        1
 NOT SET                   820.049  55799.0289723076919    0.00    6.50        1
 NOT SET                   820.049  55799.0300092284836    0.00    6.99        1
 NOT SET                   820.049  55799.0310461481431    0.00    8.21        1
 NOT SET                   820.049  55799.0320830662849    0.00    7.13        1
 NOT SET                   820.049  55799.0331200199336    0.00    7.11        1
 NOT SET                   820.049  55799.0341569347827    0.00    6.35        1
 NOT SET                   820.049  55799.0407629473794    0.00    7.43        1
 NOT SET                   820.049  55799.0424960012128    0.00    7.18        1
 NOT SET                   820.049  55799.0442290890434    0.00    8.82        1
 NOT SET                   820.049  55799.0459621373104    0.00    9.17        1
 NOT SET                   820.049  55799.0476952191131    0.00    6.35        1
 NOT SET                   820.049  55799.0494282618820    0.00    9.90        1
 NOT SET                   820.049  55799.0511613393903    0.00    7.10        1
 NOT SET                   820.049  55799.0528943772453    0.00    8.18        1
 NOT SET                   820.049  55799.0546274502824    0.00    6.68        1
 NOT SET                   820.049  55799.0563605216119    0.00    8.82        1
 NOT SET                   820.049  55828.9742693676813    0.00    7.46        1
 NOT SET                   820.049  55828.9749596658876    0.00    6.16        1
 NOT SET                   820.049  55828.9756500000864    0.00    5.50        1
 NOT SET                   820.049  55828.9763402967478    0.00    4.91        1
 NOT SET                   820.049  55828.9770306296843    0.00    7.08        1
 NOT SET                   820.049  55828.9777209247392    0.00    5.76        1
 NOT SET                   820.049  55828.9784112559156    0.00    7.75        1
 NOT SET                   820.049  55828.9791015495574    0.00    6.98        1
 NOT SET                   820.049  55828.9797918794607    0.00    5.07        1
 NOT SET                   820.049  55828.9804821714705    0.00    6.42        1
 NOT SET                   820.049  55829.0035760928819    0.00    4.48        1
 NOT SET                   820.049  55829.0041994411352    0.00    5.61        1
 NOT SET                   820.049  55829.0048227519359    0.00    4.81        1
 NOT SET                   820.049  55829.0054460625585    0.00    4.95        1
 NOT SET                   820.049  55829.0060694098645    0.00    6.74        1
 NOT SET                   820.049  55829.0066927199872    0.00    4.31        1
 NOT SET                   820.049  55829.0073160294551    0.00    6.04        1
 NOT SET                   820.049  55829.0079393390596    0.00    6.23        1
 NOT SET                   820.049  55829.0085626851547    0.00    5.17        1
 NOT SET                   820.049  55829.0091859942049    0.00    5.38        1
 NOT SET                   820.049  55863.8847778736583    0.00    9.34        1
 NOT SET                   820.049  55863.8868555926584    0.00   11.74        1
 NOT SET                   820.049  55863.8889333439324    0.00    9.36        1
 NOT SET                   820.049  55863.8922907124099    0.00   13.81        1
 NOT SET                   820.049  55863.8940237808862    0.00   13.73        1
 NOT SET                   820.049  55863.8967134517004    0.00   13.01        1
 NOT SET                   820.049  55863.8980096231253    0.00   13.37        1
 NOT SET                   820.049  55863.9016579851122    0.00   10.04        1
 NOT SET                   820.049  55863.9045561244272    0.00   10.15        1
 NOT SET                   820.049  55891.9471917350746    0.00   10.12        1
 NOT SET                   820.049  55891.9506481679477    0.00   11.48        1
 NOT SET                   820.049  55891.9541045840415    0.00   10.22        1
 NOT SET                   869.999  55945.8440383242321    0.00    8.58        1
 NOT SET                   770.048  55945.8440383412970    0.00    6.90        1
 NOT SET                   869.999  55945.8474170311199    0.00    9.65        1
 NOT SET                   770.048  55945.8474170480936    0.00    6.62        1
 NOT SET                   869.999  55968.4229971357873    0.00    7.65        1
 NOT SET                   770.048  55968.4229971525091    0.00    7.14        1
 NOT SET                   869.999  55968.4263967839749    0.00    8.63        1
 NOT SET                   770.048  55968.4263968010688    0.00    6.72        1
 NOT SET                   770.049  55994.2905669141703    0.00    7.57        1
 NOT SET                   870.049  55994.2905668968493    0.00   11.30        1
 NOT SET                   770.049  55994.2922562824171    0.00    8.69        1
 NOT SET                   870.049  55994.2922562648750    0.00   10.17        1
 NOT SET                   869.999  56057.4677704976071    0.00    3.50        1
 NOT SET                   770.048  56057.4677705145498    0.00    3.57        1
 NOT SET                   869.999  56057.4728968955095    0.00    3.19        1
 NOT SET                   770.048  56057.4728969123670    0.00    4.26        1
 NOT SET                   869.999  56093.2736270246353    0.00    4.03        1
 NOT SET                   770.048  56093.2736270415512    0.00    3.75        1
 NOT SET                   869.999  56093.2787533976604    0.00    3.31        1
 NOT SET                   770.048  56093.2787534146030    0.00    3.78        1
