     0.01056     -0.021164      0.00255 57248.967495859367773  303.967495859369421   767.589000 guppi_57248_1816+45_00
     0.01056     -0.025562      0.00238 57248.967496561592270  303.967496561590963   867.614000 guppi_57248_1816+45_00
     0.01123     -0.047698      0.01823 56178.918548401466978 -766.081451598536546  1303.183000 guppi_56178_1816+45_00
     0.01584     -0.015330      0.00502 56195.882205195215647 -749.117794804781397   767.589000 56195/guppi_56195_1816
     0.01584     -0.015506      0.00631 56195.882205860529211 -749.117794139472949   864.488000 56195/guppi_56195_1816
     0.02485     -0.023016      0.00323 57248.972651488264091  303.972651488266138   767.610000 guppi_57248_1816+45_00
     0.02485     -0.023025      0.00263 57248.972652190539520  303.972652190537588   867.433000 guppi_57248_1816+45_00
     0.03195     -0.005094      0.02252 56178.926025106869929 -766.073974893132686  1303.050000 guppi_56178_1816+45_00
     0.03195      0.007997      0.03100 56178.926025550557824 -766.073974449441607  1684.987000 guppi_56178_1816+45_00
     0.03476     -0.019159      0.00525 56195.889033590778126 -749.110966409220737   767.589000 56195/guppi_56195_1816
     0.03476     -0.036695      0.00892 56195.889034255887964 -749.110965744114651   864.257000 56195/guppi_56195_1816
     0.03624     -0.011091      0.00963 55606.911395892915607 -1338.088604107085530   820.049000 NOT stovall14_820
     0.04006     -0.006954      0.01348 55606.912776553755975 -1338.087223446242888   820.049000 NOT stovall14_820
     0.04389      0.003567      0.01155 55606.914157176717708 -1338.085842823279336   820.049000 NOT stovall14_820
     0.04772     -0.024153      0.01285 55606.915537872082496 -1338.084462127919323   820.049000 NOT stovall14_820
     0.05154     -0.011247      0.01352 55606.916918529772374 -1338.083081470226034   820.049000 NOT stovall14_820
     0.05266     -0.011148      0.01187 56178.933497944475675 -766.066502055520800  1304.493000 guppi_56178_1816+45_00
     0.05266     -0.052872      0.02788 56178.933498387530562 -766.066501612466141  1684.424000 guppi_56178_1816+45_00
     0.05363     -0.022217      0.00596 56195.895844704304182 -749.104155295696614   767.589000 56195/guppi_56195_1816
     0.05364     -0.027650      0.00841 56195.895845369544986 -749.104154630452967   864.340000 56195/guppi_56195_1816
     0.05430     -0.023679      0.00560 57222.998951425499399  277.998951425500479   767.589000 guppi_57222_1816+45_00
     0.05431     -0.024712      0.00575 57222.998952127753000  277.998952127756297   867.655000 guppi_57222_1816+45_00
     0.06288      0.036515      0.04179 56608.039545537198137 -336.960454462798793   768.632000 GUPPI_J1816+45_56608_0
     0.06289      0.006929      0.01697 56608.039546202162455 -336.960453797836465   864.996000 GUPPI_J1816+45_56608_0
     0.06445     -0.008707      0.01306 56195.899750003663939 -749.100249996338675   767.589000 56195/guppi_56195_1816
     0.06446     -0.043446      0.03406 56195.899750668562774 -749.100249331436316   863.431000 56195/guppi_56195_1816
     0.06660     -0.033495      0.01814 56608.040886750713980 -336.959113249285508   768.687000 GUPPI_J1816+45_56608_0
     0.06660     -0.009342      0.02114 56608.040887416296755 -336.959112583701881   865.008000 GUPPI_J1816+45_56608_0
     0.06882     -0.037019      0.00484 57223.004189140468952  278.004189140471908   767.589000 guppi_57222_1816+45_00
     0.06882     -0.029706      0.00547 57223.004189842824417  278.004189842821404   867.573000 guppi_57222_1816+45_00
     0.07331     -0.026689      0.01318 56178.940952891898633 -766.059047108098412  1305.246000 guppi_56178_1816+45_00
     0.07331     -0.016313      0.02642 56178.940953335557424 -766.059046664443258  1681.671000 guppi_56178_1816+45_00
     0.07527     -0.014367      0.00544 56195.903652629051066 -749.096347370949275   767.632000 56195/guppi_56195_1816
     0.07527     -0.012698      0.00703 56195.903653294371907 -749.096346705627752   864.578000 56195/guppi_56195_1816
     0.08052     -0.007187      0.00368 56159.094412668251607 -785.905587331747029   324.956000 GUPPI_1816+45_56159_07
     0.08053      0.008997      0.00494 56159.094417066815367 -785.905582933181222   375.339000 GUPPI_1816+45_56159_07
     0.08389     -0.013147      0.00934 55863.884754649916431 -1081.115245350083114   820.049000 NOT stovall14_820
     0.08536     -0.002471      0.00399 56159.096160409135337 -785.903839590867733   324.970000 GUPPI_1816+45_56159_07
     0.08538     -0.000637      0.00500 56159.096164844486339 -785.903835155515026   375.343000 GUPPI_1816+45_56159_07
     0.08804     -0.040995      0.01016 57100.307341770130733  155.307341770130506   769.180000 guppi_57100_1816+45_00
     0.08804     -0.026639      0.00801 57100.307342472558958  155.307342472556712   867.656000 guppi_57100_1816+45_00
     0.08964     -0.014549      0.01174 55863.886832302130642 -1081.113167697872996   820.049000 NOT stovall14_820
     0.09403     -0.015692      0.01796 56178.948430925644061 -766.051569074358895  1303.288000 guppi_56178_1816+45_00
     0.09403     -0.047738      0.03685 56178.948431368800811 -766.051568631198279  1683.625000 guppi_56178_1816+45_00
     0.09417     -0.017261      0.00532 56195.910472383700835 -749.089527616297232   767.589000 56195/guppi_56195_1816
     0.09417     -0.010607      0.00786 56195.910473049079883 -749.089526950922846   864.580000 56195/guppi_56195_1816
     0.09501      0.000281      0.00485 57169.962299459555652  224.962299459552582   324.819000 guppi_57169_1816+45_00
     0.09502     -0.010057      0.01027 57169.962304153472360  224.962304153473752   379.036000 guppi_57169_1816+45_00
     0.09540     -0.007109      0.00936 55863.888909986584622 -1081.111090013411967   820.049000 NOT stovall14_820
     0.09744     -0.049036      0.01262 57100.310733488819096  155.310733488822279   769.239000 guppi_57100_1816+45_00
     0.09744     -0.025634      0.00877 57100.310734191349184  155.310734191350463   867.319000 guppi_57100_1816+45_00
     0.09922     -0.021961      0.00281 57340.666438084939728  395.666438084937681   768.437000 guppi_57340_1816+45_00
     0.09922     -0.021190      0.00299 57340.666438787200605  395.666438787203333   867.583000 guppi_57340_1816+45_00
     0.09959     -0.004830      0.00490 57169.963951461584656  224.963951461583520   324.511000 guppi_57169_1816+45_00
     0.09960     -0.005064      0.01059 57169.963956192572368  224.963956192573221   378.736000 guppi_57169_1816+45_00
     0.10470     -0.024626      0.01381 55863.892267247058044 -1081.107732752941729   820.049000 NOT stovall14_820
     0.10951     -0.015684      0.01373 55863.894000259759196 -1081.105999740241032   820.049000 NOT stovall14_820
     0.11308     -0.015553      0.00478 56195.917297184867493 -749.082702815135235   767.589000 56195/guppi_56195_1816
     0.11308     -0.008099      0.00869 56195.917297850239265 -749.082702149757324   864.639000 56195/guppi_56195_1816
     0.11353     -0.020681      0.00313 57340.671603009664977  395.671603009663158   768.417000 guppi_57340_1816+45_00
     0.11353     -0.022814      0.00297 57340.671603711889475  395.671603711890555   867.375000 guppi_57340_1816+45_00
     0.11467     -0.016179      0.01696 56178.955877736545517 -766.044122263451641  1302.358000 guppi_56178_1816+45_00
     0.11467     -0.016949      0.03410 56178.955878180066065 -766.044121819933139  1684.235000 guppi_56178_1816+45_00
     0.11696     -0.009125      0.01301 55863.896689843983040 -1081.103310156019234   820.049000 NOT stovall14_820
     0.12055     -0.027157      0.01337 55863.897985973664618 -1081.102014026336974   820.049000 NOT stovall14_820
     0.12557     -0.027199      0.00524 55625.710097279392357 -1319.289902720607643   324.802000 GUPPI_J1816+4454_55625
     0.12559     -0.018363      0.00958 55625.710101714743359 -1319.289898285256413   375.188000 GUPPI_J1816+4454_55625
     0.13031     -0.026838      0.00455 56332.702148586860858 -612.297851413142098   769.735000 GUPPI_J1816+45_56332_6
     0.13031     -0.023102      0.00589 56332.702149252188974 -612.297850747813186   867.266000 GUPPI_J1816+45_56332_6
     0.13042     -0.036308      0.00457 55625.711845759891730 -1319.288154240110089   324.820000 GUPPI_J1816+4454_55625
     0.13043     -0.010614      0.00977 55625.711850195424631 -1319.288149804575369   375.189000 GUPPI_J1816+4454_55625
     0.13066     -0.018881      0.01004 55863.901634218113031 -1081.098365781889242   820.049000 NOT stovall14_820
     0.13199     -0.028648      0.00461 56195.924121257208753 -749.075878742789541   767.589000 56195/guppi_56195_1816
     0.13199     -0.025724      0.00819 56195.924121922529594 -749.075878077470747   865.161000 56195/guppi_56195_1816
     0.13499     -0.017931      0.00484 56332.703839146452083 -612.296160853545302   769.697000 GUPPI_J1816+45_56332_6
     0.13500     -0.019419      0.00544 56332.703839811721991 -612.296160188278577   867.190000 GUPPI_J1816+45_56332_6
     0.13512     -0.020261      0.01931 56494.384164891511318 -450.615835108486294   767.992000 GUPPI_J1816+45_56494_3
     0.13512     -0.003310      0.02674 56494.384165593954094 -450.615834406046076   866.678000 GUPPI_J1816+45_56494_3
     0.13536     -0.000595      0.02821 56178.963346795273537 -766.036653204724871  1304.407000 guppi_56178_1816+45_00
     0.13537     -0.024658      0.04359 56178.963347238517599 -766.036652761480923  1684.948000 guppi_56178_1816+45_00
     0.13869     -0.017585      0.01015 55863.904532264008594 -1081.095467735991406   820.049000 NOT stovall14_820
     0.13980      0.008808      0.01428 56494.385853857471375 -450.614146142530615   767.943000 GUPPI_J1816+45_56494_3
     0.13980     -0.028669      0.01655 56494.385854559281142 -450.614145440722211   866.719000 GUPPI_J1816+45_56494_3
     0.14257     -0.021087      0.00957 56426.538880485735717 -518.461119514262464   770.242000 GUPPI_J1816+45_56426_4
     0.14257     -0.039258      0.01814 56426.538881113847310 -518.461118886151780   864.627000 GUPPI_J1816+45_56426_4
     0.14652      0.003657      0.00841 55591.793667931022355 -1353.206332068980373   350.024000 NOT stovall14_350
     0.14725     -0.010685      0.01031 56426.540567522206402 -518.459432477794735   770.202000 GUPPI_J1816+45_56426_4
     0.14725     -0.034499      0.01939 56426.540568150245235 -518.459431849751127   865.381000 GUPPI_J1816+45_56426_4
     0.15033     -0.010468      0.00881 55591.795042763711535 -1353.204957236289374   350.024000 NOT stovall14_350
     0.15087     -0.028785      0.00481 56195.930937089957297 -749.069062910040998   767.589000 56195/guppi_56195_1816
     0.15087     -0.016669      0.00842 56195.930937755380000 -749.069062244623069   864.856000 56195/guppi_56195_1816
     0.15414      0.008730      0.00802 55591.796417593592196 -1353.203582406410987   350.024000 NOT stovall14_350
     0.15602     -0.021656      0.03492 56178.970802128016658 -766.029197871986298  1304.422000 guppi_56178_1816+45_00
     0.15602     -0.015740      0.04531 56178.970802571602690 -766.029197428400835  1686.848000 guppi_56178_1816+45_00
     0.15795      0.007870      0.00830 55591.797792419980397 -1353.202207580017102   350.024000 NOT stovall14_350
     0.15799     -0.018086      0.02352 56670.869336715331883 -274.130663284667094   768.480000 GUPPI_J1816+45_56670_7
     0.15800     -0.044986      0.02142 56670.869337380296201 -274.130662619703685   865.575000 GUPPI_J1816+45_56670_7
     0.15996     -0.020272      0.00477 56472.378626985577284 -472.621373014420215   769.979000 GUPPI_J1816+45_56472_3
     0.15996     -0.009559      0.00509 56472.378627614016295 -472.621372385981942   864.586000 GUPPI_J1816+45_56472_3
     0.16170     -0.011946      0.01852 56670.870674874589895 -274.129325125411128   768.451000 GUPPI_J1816+45_56670_7
     0.16170     -0.055321      0.02703 56670.870675539357762 -274.129324460640021   865.440000 GUPPI_J1816+45_56670_7
     0.16175     -0.007037      0.00767 55591.799167242912517 -1353.200832757091121   350.024000 NOT stovall14_350
     0.16465     -0.016751      0.00538 56472.380319658608641 -472.619680341392268   769.787000 GUPPI_J1816+45_56472_3
     0.16465     -0.016945      0.00539 56472.380320286916685 -472.619679713082121   864.563000 GUPPI_J1816+45_56472_3
     0.16980     -0.018114      0.00536 56195.937768404015515 -749.062231595982439   767.589000 56195/guppi_56195_1816
     0.16980     -0.022929      0.00845 56195.937769069234491 -749.062230930768465   864.869000 56195/guppi_56195_1816
     0.17312     -0.045706      0.01959 57130.292206036028801  185.292206036029569   769.180000 guppi_57130_1816+45_00
     0.17312      0.015006      0.02835 57130.292206738959067  185.292206738959777   867.663000 guppi_57130_1816+45_00
     0.17671     -0.011692      0.01715 56178.978268785213004 -766.021731214784609  1304.620000 guppi_56178_1816+45_00
     0.17671     -0.063303      0.02654 56178.978269228129648 -766.021730771870921  1684.973000 guppi_56178_1816+45_00
     0.17994     -0.000505      0.01299 56451.454016732452146 -493.545983267550127   768.733000 GUPPI_J1816+45_56451_3
     0.17994     -0.019007      0.01459 56451.454017397503776 -493.545982602499180   864.372000 GUPPI_J1816+45_56451_3
     0.18157     -0.032035      0.02729 57130.295253356918693  185.295253356917044   769.180000 guppi_57130_1816+45_00
     0.18157     -0.015154      0.02424 57130.295254059332365  185.295254059335917   867.663000 guppi_57130_1816+45_00
     0.18220     -0.024686      0.00690 55945.843057186692022 -999.156942813306728   770.048000 NOT stovall14_820
     0.18220     -0.041700      0.00858 55945.843057851758203 -999.156942148239523   869.999000 NOT stovall14_820
     0.18462     -0.001124      0.01483 56451.455704245629022 -493.544295754369784   768.893000 GUPPI_J1816+45_56451_3
     0.18462     -0.000109      0.01892 56451.455704910906206 -493.544295089095044   864.589000 GUPPI_J1816+45_56451_3
     0.18529     -0.025786      0.00390 55624.288076515433204 -1320.711923484568388   350.012000 NOT stovall14_350
     0.18678     -0.033038      0.00415 55624.288612457115960 -1320.711387542883813   350.012000 NOT stovall14_350
     0.18826     -0.033632      0.00477 55624.289148435280367 -1320.710851564716450   350.012000 NOT stovall14_350
     0.18871     -0.019339      0.00495 56195.944593201849784 -749.055406798152490   767.589000 56195/guppi_56195_1816
     0.18871     -0.023139      0.00751 56195.944593867061485 -749.055406132935332   865.668000 56195/guppi_56195_1816
     0.18975     -0.025101      0.00344 55624.289684376039077 -1320.710315623957740   350.012000 NOT stovall14_350
     0.19124     -0.023886      0.00464 55624.290220316157502 -1320.709779683840907   350.012000 NOT stovall14_350
     0.19156     -0.030348      0.00662 55945.846435935098270 -999.153564064904117   770.048000 NOT stovall14_820
     0.19157     -0.039109      0.00965 55945.846436600251764 -999.153563399745735   869.999000 NOT stovall14_820
     0.19436     -0.031840      0.00202 55646.305852623721876 -1298.694147376278579   324.673000 GUPPI_1816+45_55646_26
     0.19438     -0.014234      0.00278 55646.305857058978290 -1298.694142941018526   375.224000 GUPPI_1816+45_55646_26
     0.19748      0.047963      0.02673 56178.985765349265421 -766.014234650737308  1303.804000 guppi_56178_1816+45_00
     0.19748     -0.020967      0.03065 56178.985765791971062 -766.014234208030416  1683.266000 guppi_56178_1816+45_00
     0.19772     -0.004020      0.00227 55646.307064203901973 -1298.692935796096890   323.798000 GUPPI_1816+45_55646_26
     0.19773     -0.051238      0.00305 55646.307068749280006 -1298.692931250721585   375.324000 GUPPI_1816+45_55646_26
     0.19955     -0.030455      0.00193 55646.307723915044335 -1298.692276084959303   324.665000 GUPPI_1816+45_55646_26
     0.19956     -0.012242      0.00278 55646.307728350293473 -1298.692271649708346   375.243000 GUPPI_1816+45_55646_26
     0.20256     -0.007376      0.00247 55646.308811901399167 -1298.691188098598786   323.777000 GUPPI_1816+45_55646_26
     0.20258     -0.047690      0.00268 55646.308816483797273 -1298.691183516200681   375.351000 GUPPI_1816+45_55646_26
     0.20504     -0.025693      0.00196 55647.753279497454059 -1297.246720502543667   325.090000 GUPPI_1816+45_55647_64
     0.20505     -0.010560      0.00292 55647.753283895697678 -1297.246716104304596   375.086000 GUPPI_1816+45_55647_64
     0.20761     -0.018311      0.00412 56195.951414657320129 -749.048585342681804   767.589000 56195/guppi_56195_1816
     0.20761     -0.025607      0.00797 56195.951415322488174 -749.048584677514100   865.591000 56195/guppi_56195_1816
     0.20929     -0.005370      0.01080 55789.946846088627353 -1155.053153911372419   820.049000 NOT stovall14_820
     0.21098     -0.035032      0.00238 55634.763256735692266 -1310.236743264305233   324.819000 GUPPI_1816+45_55634_65
     0.21099     -0.013499      0.00350 55634.763261170948681 -1310.236738829052911   375.244000 GUPPI_1816+45_55634_65
     0.21183     -0.016496      0.00377 55656.417172614841547 -1288.582827385160272   350.012000 NOT stovall14_350
     0.21274     -0.025496      0.01172 55789.948092691629427 -1155.051907308371256   820.049000 NOT stovall14_820
     0.21370     -0.021017      0.00397 55656.417848396311456 -1288.582151603684906   350.012000 NOT stovall14_350
     0.21457     -0.027363      0.00218 55647.756717545700667 -1297.243282454300697   325.090000 GUPPI_1816+45_55647_64
     0.21458     -0.007286      0.00310 55647.756721943966113 -1297.243278056035024   375.055000 GUPPI_1816+45_55647_64
     0.21557     -0.026822      0.00412 55656.418524176842766 -1288.581475823153596   350.012000 NOT stovall14_350
     0.21566     -0.027441      0.00235 55634.764946429138945 -1310.235053570859236   324.827000 GUPPI_1816+45_55634_65
     0.21567     -0.007728      0.00424 55634.764950864358980 -1310.235049135643067   375.241000 GUPPI_1816+45_55634_65
     0.21620     -0.003132      0.00936 55789.949339328923088 -1155.050660671077367   820.049000 NOT stovall14_820
     0.21745     -0.026017      0.00424 55656.419199956522789 -1288.580800043477439   350.012000 NOT stovall14_350
     0.21812     -0.042558      0.02922 56178.993211278968374 -766.006788721031739  1304.644000 guppi_56178_1816+45_00
     0.21812     -0.021333      0.02831 56178.993211722714477 -766.006788277288024  1683.214000 guppi_56178_1816+45_00
     0.21932     -0.019107      0.00480 55656.419875735336973 -1288.580124264664391   350.012000 NOT stovall14_350
     0.21965     -0.049468      0.00968 55789.950585925289488 -1155.049414074709603   820.049000 NOT stovall14_820
     0.22310      0.049402      0.01873 55789.951832520149765 -1155.048167479847962   820.049000 NOT stovall14_820
     0.22652      0.004192      0.01123 56195.958237091166666 -749.041762908834244   767.589000 56195/guppi_56195_1816
     0.22652      0.036146      0.02684 56195.958237756778544 -749.041762243221456   865.066000 56195/guppi_56195_1816
     0.22656      1.077513      0.03984 55789.953079159524350 -1155.046920840472467   820.049000 NOT stovall14_820
     0.23347      0.675710      0.03638 55789.955572363229294 -1155.044427636771161   820.049000 NOT stovall14_820
     0.23692      1.374998      0.08306 55789.956818989136082 -1155.043181010860962   820.049000 NOT stovall14_820
     0.23732      0.630153      0.06055 56195.962135620538902 -749.037864379460530   767.589000 56195/guppi_56195_1816
     0.23878      1.331864      0.04591 56179.000667201711622 -765.999332798286446  1683.853000 guppi_56178_1816+45_00
     0.26972      0.887075      0.03591 55773.006663245556410 -1171.993336754445181   820.049000 NOT stovall14_820
     0.27541      0.367816      0.02698 55773.008713739072846 -1171.991286260928291   820.049000 NOT stovall14_820
     0.27825      0.299842      0.01696 55773.009738984794240 -1171.990261015206215   820.049000 NOT stovall14_820
     0.28017      0.157059      0.02178 56179.015604598098435 -765.984395401902475  1303.831000 guppi_56178_1816+45_00
     0.28109      0.224061      0.01710 55773.010764265221951 -1171.989235734779413   820.049000 NOT stovall14_820
     0.28393      0.202421      0.01461 55773.011789507167123 -1171.988210492836288   820.049000 NOT stovall14_820
     0.28420      0.387207      0.00804 55604.835523400863167 -1340.164476599140016   820.049000 NOT stovall14_820
     0.28594      0.367955      0.01483 56195.979683675483102 -749.020316324518717   767.589000 56195/guppi_56195_1816
     0.28594      0.335145      0.01351 56195.979684340316453 -749.020315659685252   865.188000 56195/guppi_56195_1816
     0.28677      0.182016      0.01101 55773.012814820889616 -1171.987185179112657   820.049000 NOT stovall14_820
     0.28805      0.380608      0.01111 55604.836912806837063 -1340.163087193162482   820.049000 NOT stovall14_820
     0.28961      0.229644      0.01339 55773.013840022395016 -1171.986159977607485   820.049000 NOT stovall14_820
     0.29153      0.173141      0.00979 55798.998862801992800 -1146.001137198006290   820.049000 NOT stovall14_820
     0.29190      0.267351      0.00876 55604.838302207659581 -1340.161697792337009   820.049000 NOT stovall14_820
     0.29245      0.333111      0.02042 55773.014865296325297 -1171.985134703671747   820.049000 NOT stovall14_820
     0.29440      0.193445      0.00840 55798.999899677721260 -1146.000100322280105   820.049000 NOT stovall14_820
     0.29572      0.155375      0.00729 55789.978037443994253 -1155.021962556006883   820.049000 NOT stovall14_820
     0.29575      0.162616      0.00979 55604.839691604691325 -1340.160308395306402   820.049000 NOT stovall14_820
     0.29727      0.220047      0.00769 55799.000936588316108 -1145.999063411683892   820.049000 NOT stovall14_820
     0.29960      0.049779      0.01086 55604.841080997764948 -1340.158919002236644   820.049000 NOT stovall14_820
     0.30015      0.238597      0.00907 55799.001973459715373 -1145.998026540284627   820.049000 NOT stovall14_820
     0.30081      0.018591      0.02879 56179.023054909914208 -765.976945090084200  1302.598000 guppi_56178_1816+45_00
     0.30081      0.156400      0.04006 56179.023055354984535 -765.976944645018534  1687.261000 guppi_56178_1816+45_00
     0.30283      0.015868      0.00866 55789.980603473028168 -1155.019396526975015   820.049000 NOT stovall14_820
     0.30302      0.291680      0.01194 55799.003010366337548 -1145.996989633664953   820.049000 NOT stovall14_820
     0.30481      0.106851      0.00688 56195.986493475451425 -749.013506524549484   767.696000 56195/guppi_56195_1816
     0.30481      0.079362      0.01151 56195.986494140335708 -749.013505859663383   865.344000 56195/guppi_56195_1816
     0.30589      0.190196      0.00879 55799.004047269045259 -1145.995952730957015   820.049000 NOT stovall14_820
     0.30877      0.170563      0.00853 55799.005084170588816 -1145.994915829410502   820.049000 NOT stovall14_820
     0.30994     -0.019683      0.00726 55789.983169527215068 -1155.016830472786978   820.049000 NOT stovall14_820
     0.31164      0.145938      0.01273 55799.006121069985966 -1145.993878930016535   820.049000 NOT stovall14_820
     0.31444     -0.018120      0.00418 55721.415031801552686 -1223.584968198447541   350.012000 NOT stovall14_350
     0.31451      0.187582      0.00961 55799.007157968066167 -1145.992842031935197   820.049000 NOT stovall14_820
     0.31631     -0.018781      0.00405 55721.415707568856305 -1223.584292431142785   350.012000 NOT stovall14_350
     0.31705     -0.012514      0.00778 55789.985735532151011 -1155.014264467849216   820.049000 NOT stovall14_820
     0.31739      0.180223      0.00801 55799.008194863512472 -1145.991805136485027   820.049000 NOT stovall14_820
     0.31818     -0.011520      0.00428 55721.416383335381397 -1223.583616664618603   350.012000 NOT stovall14_350
     0.32006     -0.007171      0.00424 55721.417059064049681 -1223.582940935951228   350.012000 NOT stovall14_350
     0.32153      0.037723      0.01888 56179.030532608354406 -765.969467391646049  1304.663000 guppi_56178_1816+45_00
     0.32193     -0.012159      0.00427 55721.417734828697576 -1223.582265171299468   350.012000 NOT stovall14_350
     0.32376     -0.011209      0.00459 56195.993331863261119 -749.006668136740927   767.760000 56195/guppi_56195_1816
     0.32376     -0.006873      0.00589 56195.993332528501924 -749.006667471495234   865.286000 56195/guppi_56195_1816
     0.32416     -0.014771      0.00703 55789.988301561381377 -1155.011698438616122   820.049000 NOT stovall14_820
     0.32674     -0.009435      0.00498 55774.109919600145076 -1170.890080399853105   820.049000 NOT stovall14_820
     0.33127     -0.028798      0.00893 55789.990867615146271 -1155.009132384851682   820.049000 NOT stovall14_820
     0.33347     -0.015837      0.00514 55774.112348768314405 -1170.887651231685368   820.049000 NOT stovall14_820
     0.33838     -0.021275      0.00791 55789.993433657160494 -1155.006566342837459   820.049000 NOT stovall14_820
     0.33957      0.022785      0.00788 55591.863341130396293 -1353.136658869602570   350.024000 NOT stovall14_350
     0.34020     -0.016182      0.00517 55774.114777925882663 -1170.885222074117110   820.049000 NOT stovall14_820
     0.34219      0.003696      0.02260 56179.037987400006386 -765.962012599993841  1304.740000 guppi_56178_1816+45_00
     0.34264     -0.009941      0.00482 56196.000146661921463 -748.999853338076832   767.589000 56195/guppi_56195_1816
     0.34265     -0.029118      0.00675 56196.000147326885781 -748.999852673111491   864.935000 56195/guppi_56195_1816
     0.34302      0.182773      0.00647 55692.192972601704241 -1252.807027398293258   324.339000 GUPPI_1816+45_55692_16
     0.34303      0.183833      0.00890 55692.192977184116899 -1252.807022815881055   376.779000 GUPPI_1816+45_55692_16
     0.34549     -0.001700      0.00718 55789.995999687627773 -1155.004000312371090   820.049000 NOT stovall14_820
     0.34693     -0.018403      0.00444 55774.117207073031750 -1170.882792926969387   820.049000 NOT stovall14_820
     0.34745      0.012557      0.00574 55591.866183986072429 -1353.133816013924161   350.024000 NOT stovall14_350
     0.34768      0.061657      0.00493 55692.194655148603488 -1252.805344851396285   324.284000 GUPPI_1816+45_55692_16
     0.34769      0.065289      0.00680 55692.194659694076108 -1252.805340305922300   376.022000 GUPPI_1816+45_55692_16
     0.35004     -0.045980      0.01145 55773.035647775279358 -1171.964352224719505   820.049000 NOT stovall14_820
     0.35260     -0.031857      0.00776 55789.998565706169757 -1155.001434293832290   820.049000 NOT stovall14_820
     0.35366     -0.021142      0.00493 55774.119636210059980 -1170.880363789937519   820.049000 NOT stovall14_820
     0.35374     -0.029737      0.00746 55828.975474322818627 -1116.024525677177962   820.049000 NOT stovall14_820
     0.35533      0.011438      0.00750 55591.869026865002525 -1353.130973134999977   350.024000 NOT stovall14_350
     0.35565     -0.026166      0.00616 55828.976164596097078 -1116.023835403900421   820.049000 NOT stovall14_820
     0.35756     -0.038301      0.00550 55828.976854905362416 -1116.023145094634174   820.049000 NOT stovall14_820
     0.35948     -0.033807      0.00491 55828.977545177091088 -1116.022454822906639   820.049000 NOT stovall14_820
     0.35971     -0.027301      0.00671 55790.001131751065259 -1154.998868248931331   820.049000 NOT stovall14_820
     0.36039     -0.022059      0.00570 55774.122065374263912 -1170.877934625732905   820.049000 NOT stovall14_820
     0.36139     -0.021889      0.00708 55828.978235485090408 -1116.021764514908000   820.049000 NOT stovall14_820
     0.36153     -0.030238      0.01269 55773.039795398886781 -1171.960204601110945   820.049000 NOT stovall14_820
     0.36156     -0.020821      0.00528 56196.006971948445425 -748.993028051557758   767.589000 56195/guppi_56195_1816
     0.36156     -0.025337      0.00755 56196.006972613569815 -748.993027386430299   865.098000 56195/guppi_56195_1816
     0.36279     -0.042739      0.01532 56179.045423210824083 -765.954576789178645  1302.034000 guppi_56178_1816+45_00
     0.36279     -0.007262      0.04481 56179.045423654686601 -765.954576345315218  1683.766000 guppi_56178_1816+45_00
     0.36330     -0.024399      0.00576 55828.978925755211094 -1116.021074244792089   820.049000 NOT stovall14_820
     0.36384      0.018462      0.01291 55604.864262533694273 -1340.135737466307319   820.049000 NOT stovall14_820
     0.36522     -0.034082      0.00775 55828.979616061442357 -1116.020383938558780   820.049000 NOT stovall14_820
     0.36535     -0.002805      0.00881 57369.633962091145804  424.633962091143417   767.589000 guppi_57369_1816+45_00
     0.36535     -0.028366      0.00546 57369.633962792977400  424.633962792980128   867.624000 guppi_57369_1816+45_00
     0.36712     -0.034104      0.00668 55774.124494528863579 -1170.875505471135284   820.049000 NOT stovall14_820
     0.36713     -0.029569      0.00698 55828.980306330136955 -1116.019693669861226   820.049000 NOT stovall14_820
     0.36769      0.008724      0.01072 55604.865651977168454 -1340.134348022830181   820.049000 NOT stovall14_820
     0.36904     -0.021494      0.00507 55828.980996635094925 -1116.019003364905984   820.049000 NOT stovall14_820
     0.36958     -0.031010      0.00752 55799.027033295031288 -1145.972966704969622   820.049000 NOT stovall14_820
     0.37095     -0.031629      0.00642 55828.981686902152433 -1116.018313097845521   820.049000 NOT stovall14_820
     0.37154      0.004129      0.01068 55604.867041380770388 -1340.132958619227566   820.049000 NOT stovall14_820
     0.37246     -0.039887      0.00986 55799.028070191758161 -1145.971929808242521   820.049000 NOT stovall14_820
     0.37302     -0.037236      0.00789 55773.043943031727395 -1171.956056968271241   820.049000 NOT stovall14_820
     0.37385     -0.012591      0.00599 55774.126923711664858 -1170.873076288332186   820.049000 NOT stovall14_820
     0.37502     -0.030982      0.01913 56586.137690718431259 -358.862309281570901   768.761000 GUPPI_J1816+45_56586_1
     0.37502     -0.020697      0.02922 56586.137691383722995 -358.862308616277176   865.103000 GUPPI_J1816+45_56586_1
     0.37533     -0.019000      0.00639 55799.029107087219018 -1145.970892912784393   820.049000 NOT stovall14_820
     0.37539      0.002475      0.01803 55604.868430781498319 -1340.131569218504183   820.049000 NOT stovall14_820
     0.37820     -0.023569      0.00680 55799.030143980795401 -1145.969856019205963   820.049000 NOT stovall14_820
     0.37874     -0.013154      0.02421 56586.139032409177162 -358.860967590820962   768.943000 GUPPI_J1816+45_56586_1
     0.37874      0.001745      0.02088 56586.139033074527106 -358.860966925475168   865.024000 GUPPI_J1816+45_56586_1
     0.37924     -0.023260      0.01272 55604.869820179097587 -1340.130179820904232   820.049000 NOT stovall14_820
     0.37965     -0.010528      0.00711 57369.639124176974292  424.639124176974974   767.629000 guppi_57369_1816+45_00
     0.37966     -0.018558      0.00549 57369.639124879009614  424.639124879009103   867.792000 guppi_57369_1816+45_00
     0.38046     -0.025506      0.00521 56196.013795830396703 -748.986204169604321   767.651000 56195/guppi_56195_1816
     0.38047     -0.022533      0.00881 56196.013796495601127 -748.986203504397167   865.291000 56195/guppi_56195_1816
     0.38059     -0.016733      0.00619 55774.129352848438430 -1170.870647151558614   820.049000 NOT stovall14_820
     0.38108     -0.016381      0.00650 55799.031180872952973 -1145.968819127047482   820.049000 NOT stovall14_820
     0.38359     -0.067701      0.01899 56179.052928407676518 -765.947071592327006  1304.527000 guppi_56178_1816+45_00
     0.38359      0.010699      0.02852 56179.052928852026525 -765.947071147971883  1685.452000 guppi_56178_1816+45_00
     0.38395     -0.033429      0.00699 55799.032217763306107 -1145.967782236696166   820.049000 NOT stovall14_820
     0.38452     -0.029643      0.00787 55773.048090675976709 -1171.951909324025792   820.049000 NOT stovall14_820
     0.38682     -0.019519      0.00821 55799.033254652516916 -1145.966745347483084   820.049000 NOT stovall14_820
     0.38732     -0.001195      0.00612 55774.131782013988413 -1170.868217986008631   820.049000 NOT stovall14_820
     0.38970     -0.010596      0.00713 55799.034291540207050 -1145.965708459793632   820.049000 NOT stovall14_820
     0.39220     -0.000093      0.00957 55589.716973408489139 -1355.283026591507905   350.024000 NOT stovall14_350
     0.39257     -0.003305      0.00711 55799.035328463396581 -1145.964671536604556   820.049000 NOT stovall14_820
     0.39452     -0.031252      0.00568 57163.213415357648046  218.213415357646738   767.589000 guppi_57163_1816+45_00
     0.39453     -0.030309      0.00571 57163.213416059777956  218.213416059779604   867.656000 guppi_57163_1816+45_00
     0.39544     -0.034648      0.00635 55799.036365347783430 -1145.963634652220207   820.049000 NOT stovall14_820
     0.39601     -0.055253      0.00881 55773.052238295997086 -1171.947761704005416   820.049000 NOT stovall14_820
     0.39601     -0.017319      0.00610 55589.718348234848236 -1355.281651765151537   350.024000 NOT stovall14_350
     0.39715     -0.030473      0.00138 55632.665082270177663 -1312.334917729819381   324.694000 GUPPI_1816+45_55632_57
     0.39716     -0.006085      0.00225 55632.665086741864798 -1312.334913258134065   375.349000 GUPPI_1816+45_55632_57
     0.39937     -0.024738      0.00494 56196.020617318019504 -748.979382681981519   767.589000 56195/guppi_56195_1816
     0.39937     -0.032479      0.00879 56196.020617983092961 -748.979382016904310   864.766000 56195/guppi_56195_1816
     0.39982      0.005469      0.00738 55589.719723059264652 -1355.280276940732620   350.024000 NOT stovall14_350
     0.40299     -0.021672      0.00540 57163.216470094412216  218.216470094413239   767.206000 guppi_57163_1816+45_00
     0.40299     -0.028213      0.00656 57163.216470796454814  218.216470796456861   867.656000 guppi_57163_1816+45_00
     0.40363     -0.005428      0.00787 55589.721097880974412 -1355.278902119028317   350.024000 NOT stovall14_350
     0.40424      0.029219      0.02873 56179.060383418407582 -765.939616581591849  1304.356000 guppi_56178_1816+45_00
     0.40424     -0.042322      0.02282 56179.060383861025912 -765.939616138976248  1690.247000 guppi_56178_1816+45_00
     0.40744      0.000315      0.00878 55589.722472700617800 -1355.277527299378789   350.024000 NOT stovall14_350
     0.41018     -0.046188      0.01384 56196.024521534738597 -748.975478465263905   768.116000 56195/guppi_56195_1816
     0.41019     -0.010453      0.01924 56196.024522200314095 -748.975477799686701   866.213000 56195/guppi_56195_1816
     0.41151     -0.029023      0.00133 55632.670264600819792 -1312.329735399179754   324.724000 GUPPI_1816+45_55632_57
     0.41152     -0.005922      0.00216 55632.670269035508682 -1312.329730964490182   375.305000 GUPPI_1816+45_55632_57
     0.41375     -0.018546      0.00743 55799.042971166149073 -1145.957028833853201   820.049000 NOT stovall14_820
     0.41398     -0.031507      0.00249 55657.572809367433365 -1287.427190632569136   324.840000 GUPPI_1816+45_55657_49
     0.41400     -0.003724      0.00377 55657.572813802173187 -1287.427186197829542   375.246000 GUPPI_1816+45_55657_49
     0.41855     -0.024338      0.00718 55799.044704168984026 -1145.955295831016429   820.049000 NOT stovall14_820
     0.41867     -0.025227      0.00236 55657.574500280388747 -1287.425499719613072   324.861000 GUPPI_1816+45_55657_49
     0.41868     -0.008464      0.00346 55657.574504714990326 -1287.425495285008992   375.264000 GUPPI_1816+45_55657_49
     0.42099     -0.029725      0.00523 56196.028422409064660 -748.971577590933975   767.604000 56195/guppi_56195_1816
     0.42099     -0.029722      0.00520 56196.028422446019249 -748.971577553980637   767.604000 56195/guppi_56195_1816
     0.42100     -0.018808      0.00649 56196.028423111303709 -748.971576888693448   865.204000 56195/guppi_56195_1816
     0.42100     -0.018765      0.00647 56196.028423111303709 -748.971576888692880   865.204000 56195/guppi_56195_1816
     0.42335     -0.021621      0.00882 55799.046437205797702 -1145.953562794200707   820.049000 NOT stovall14_820
     0.42394     -0.021552      0.00897 55774.145000039468869 -1170.854999960529540   820.049000 NOT stovall14_820
     0.42495     -0.027669      0.02329 56179.067856801411835 -765.932143198590097  1303.833000 guppi_56178_1816+45_00
     0.42495     -0.042828      0.02888 56179.067857244677725 -765.932142755325572  1687.523000 guppi_56178_1816+45_00
     0.42586     -0.008761      0.00944 55774.145693245976872 -1170.854306754022900   820.049000 NOT stovall14_820
     0.42611     -0.039560      0.00757 55994.290810974445776 -950.709189025553883   770.049000 NOT stovall14_820
     0.42612     -0.043245      0.01130 55994.290811639562889 -950.709188360436769   870.049000 NOT stovall14_820
     0.42778     -0.009109      0.00789 55774.146386451880971 -1170.853613548119029   820.049000 NOT stovall14_820
     0.42815      0.005293      0.00917 55799.048170203037444 -1145.951829796964603   820.049000 NOT stovall14_820
     0.42970     -0.038059      0.00787 55774.147079693968408 -1170.852920306033184   820.049000 NOT stovall14_820
     0.43080     -0.033241      0.00869 55994.292500402028963 -950.707499597968877   770.049000 NOT stovall14_820
     0.43080     -0.055945      0.01017 55994.292501066927798 -950.707498933072884   870.049000 NOT stovall14_820
     0.43163     -0.018373      0.01198 55774.147772899232223 -1170.852227100766868   820.049000 NOT stovall14_820
     0.43295     -0.028144      0.00635 55799.049903233790246 -1145.950096766211118   820.049000 NOT stovall14_820
     0.43355     -0.013578      0.00787 55774.148466103906685 -1170.851533896091041   820.049000 NOT stovall14_820
     0.43442     -0.020516      0.00426 57399.613049025960208  454.613049025962880   767.125000 guppi_57399_1816+45_00
     0.43442     -0.019264      0.00518 57399.613049728090118  454.613049728088583   867.541000 guppi_57399_1816+45_00
     0.43494     -0.034788      0.00448 55829.004779987379152 -1115.995220012620848   820.049000 NOT stovall14_820
     0.43547     -0.019331      0.00942 55774.149159308057278 -1170.850840691944541   820.049000 NOT stovall14_820
     0.43667     -0.027381      0.00561 55829.005403313021816 -1115.994596686977729   820.049000 NOT stovall14_820
     0.43739     -0.037328      0.00980 55774.149852548616764 -1170.850147451382554   820.049000 NOT stovall14_820
     0.43776     -0.021052      0.00990 55799.051636225492985 -1145.948363774507698   820.049000 NOT stovall14_820
     0.43840     -0.036015      0.00481 55829.006026601215126 -1115.993973398788057   820.049000 NOT stovall14_820
     0.43931     -0.006841      0.00888 55774.150545752403559 -1170.849454247597578   820.049000 NOT stovall14_820
     0.43988     -0.025208      0.00578 56196.035239868564531 -748.964760131433991   767.589000 56195/guppi_56195_1816
     0.43988     -0.025304      0.00583 56196.035239868564531 -748.964760131435128   767.589000 56195/guppi_56195_1816
     0.43989     -0.020490      0.00550 56196.035240533776232 -748.964759466222517   865.612000 56195/guppi_56195_1816
     0.43989     -0.020502      0.00547 56196.035240570730821 -748.964759429269520   865.612000 56195/guppi_56195_1816
     0.44012     -0.033743      0.00495 55829.006649889219261 -1115.993350110778692   820.049000 NOT stovall14_820
     0.44123     -0.019849      0.00743 55774.151238955309964 -1170.848761044689581   820.049000 NOT stovall14_820
     0.44185     -0.029300      0.00674 55829.007273213908775 -1115.992726786089179   820.049000 NOT stovall14_820
     0.44256     -0.000148      0.00710 55799.053369251916592 -1145.946630748083180   820.049000 NOT stovall14_820
     0.44358     -0.019752      0.00431 55829.007896501418145 -1115.992103498583901   820.049000 NOT stovall14_820
     0.44530     -0.042616      0.00604 55829.008519788265403 -1115.991480211735279   820.049000 NOT stovall14_820
     0.44559     -0.005297      0.02325 56179.075305299949832 -765.924694700050964  1302.768000 guppi_56178_1816+45_00
     0.44559     -0.030060      0.02187 56179.075305743099307 -765.924694256900239  1686.372000 guppi_56178_1816+45_00
     0.44703     -0.030225      0.00623 55829.009143075250904 -1115.990856924752279   820.049000 NOT stovall14_820
     0.44736     -0.022503      0.00818 55799.055102238671680 -1145.944897761327866   820.049000 NOT stovall14_820
     0.44874     -0.026892      0.00436 57399.618215362170304  454.618215362169792   767.009000 guppi_57399_1816+45_00
     0.44874     -0.018895      0.00541 57399.618216064372973  454.618216064370813   867.353000 guppi_57399_1816+45_00
     0.44876     -0.035171      0.00517 55829.009766398718057 -1115.990233601281943   820.049000 NOT stovall14_820
     0.45049     -0.025925      0.00538 55829.010389685143309 -1115.989610314857373   820.049000 NOT stovall14_820
     0.45216     -0.023391      0.00668 55799.056835260591470 -1145.943164739408985   820.049000 NOT stovall14_820
     0.45586     -0.012795      0.00493 57193.189710214086517  248.189710214089587   767.589000 guppi_57193_1816+45_00
     0.45586     -0.032470      0.00485 57193.189710879014456  248.189710879016303   866.414000 guppi_57193_1816+45_00
     0.45696     -0.012798      0.00882 55799.058568280786858 -1145.941431719214961   820.049000 NOT stovall14_820
     0.45765     -0.014039      0.00413 55624.386367332022928 -1320.613632667975253   350.012000 NOT stovall14_350
     0.45879     -0.013265      0.00503 56196.042062133208674 -748.957937866787688   767.589000 56195/guppi_56195_1816
     0.45879     -0.013334      0.00504 56196.042062133208674 -748.957937866788484   767.589000 56195/guppi_56195_1816
     0.45879     -0.016813      0.00524 56196.042062798325787 -748.957937201674781   865.450000 56195/guppi_56195_1816
     0.45879     -0.016742      0.00527 56196.042062835280376 -748.957937164720988   865.450000 56195/guppi_56195_1816
     0.45952     -0.019701      0.00331 55624.387043127193465 -1320.612956872803352   350.012000 NOT stovall14_350
     0.46139     -0.024509      0.00360 55624.387718885183858 -1320.612281114814778   350.012000 NOT stovall14_350
     0.46327     -0.015735      0.00407 55624.388394643101492 -1320.611605356898053   350.012000 NOT stovall14_350
     0.46514     -0.022804      0.00358 55624.389070437573537 -1320.610929562430101   350.012000 NOT stovall14_350
     0.46630     -0.002468      0.02136 56179.082778887415770 -765.917221112586162  1303.404000 guppi_56178_1816+45_00
     0.46630     -0.023618      0.02869 56179.082779330601625 -765.917220669395533  1685.409000 guppi_56178_1816+45_00
     0.47006     -0.017891      0.01104 57079.513385379279498  134.513385379281203   769.215000 guppi_57079_1816+45_00
     0.47006     -0.027700      0.01055 57079.513386081271165  134.513386081273268   867.165000 guppi_57079_1816+45_00
     0.47017     -0.012102      0.00518 57193.194873569518677  248.194873569519018   767.589000 guppi_57193_1816+45_00
     0.47017     -0.030366      0.00456 57193.194874234461167  248.194874234460400   866.277000 guppi_57193_1816+45_00
     0.47162     -0.000585      0.01193 56551.165885504880862 -393.834114495119820   769.142000 GUPPI_J1816+45_56551_1
     0.47162     -0.037515      0.01435 56551.165886169605074 -393.834113830394642   865.241000 GUPPI_J1816+45_56551_1
     0.47534     -0.016294      0.01314 56551.167227040787111 -393.832772959210331   769.163000 GUPPI_J1816+45_56551_1
     0.47534     -0.039416      0.01505 56551.167227705671394 -393.832772294325650   865.268000 GUPPI_J1816+45_56551_1
     0.47771     -0.020401      0.00565 56196.048889693971432 -748.951110306027772   767.589000 56195/guppi_56195_1816
     0.47771     -0.020416      0.00566 56196.048889730926021 -748.951110269075116   767.589000 56195/guppi_56195_1816
     0.47771     -0.021184      0.00610 56196.048890396064962 -748.951109603931968   865.462000 56195/guppi_56195_1816
     0.47771     -0.021158      0.00612 56196.048890396064962 -748.951109603931627   865.462000 56195/guppi_56195_1816
     0.47953     -0.024666      0.01212 57079.516803812512080  134.516803812510545   768.531000 guppi_57079_1816+45_00
     0.47953     -0.017893      0.01122 57079.516804477738333  134.516804477740919   866.323000 guppi_57079_1816+45_00
     0.48697      0.005894      0.01577 56179.090239295255742 -765.909760704746645  1681.263000 guppi_56178_1816+45_00
     0.48848      0.006163      0.00203 56401.401171061552304 -543.598828938451334   324.720000 GUPPI_1816+45_56401_34
     0.48849      0.009407      0.00303 56401.401175495928328 -543.598824504070308   375.344000 GUPPI_1816+45_56401_34
     0.48984     -0.022632      0.00357 56057.470167976054654 -887.529832023945687   770.048000 NOT stovall14_820
     0.48984     -0.017721      0.00350 56057.470168641259079 -887.529831358737283   869.999000 NOT stovall14_820
     0.49661     -0.023228      0.00488 56196.055710922271828 -748.944289077727149   767.589000 56195/guppi_56195_1816
     0.49661     -0.023280      0.00488 56196.055710922271828 -748.944289077727717   767.589000 56195/guppi_56195_1816
     0.49661     -0.016878      0.00683 56196.055711587498081 -748.944288412502260   865.169000 56195/guppi_56195_1816
     0.49661     -0.016848      0.00683 56196.055711624452670 -748.944288375549149   865.169000 56195/guppi_56195_1816
     0.49800      0.003616      0.00211 56401.404608668555738 -543.595391331442784   324.707000 GUPPI_1816+45_56401_34
     0.49801      0.013619      0.00297 56401.404613103011798 -543.595386896984905   375.335000 GUPPI_1816+45_56401_34
     0.50404     -0.026959      0.00426 56057.475294509902596 -887.524705490098768   770.048000 NOT stovall14_820
     0.50404     -0.014677      0.00319 56057.475295175194333 -887.524704824805326   869.999000 NOT stovall14_820
     0.50761     -0.011334      0.04956 56179.097687942310586 -765.902312057687595  1304.482000 guppi_56178_1816+45_00
     0.50761     -0.069387      0.02131 56179.097688385074434 -765.902311614925111  1684.138000 guppi_56178_1816+45_00
     0.51395     -0.024359      0.00664 55526.604549272029544 -1418.395450727972957   325.041000 GUPPI_GBNCC22350_55526
     0.51396     -0.015802      0.01133 55526.604553706471052 -1418.395446293529858   375.474000 GUPPI_GBNCC22350_55526
     0.51550     -0.022638      0.00520 56196.062529118411476 -748.937470881586137   767.589000 56195/guppi_56195_1816
     0.51550     -0.022647      0.00520 56196.062529118411476 -748.937470881586250   767.589000 56195/guppi_56195_1816
     0.51550     -0.019299      0.00603 56196.062529783601349 -748.937470216395809   864.691000 56195/guppi_56195_1816
     0.51550     -0.019252      0.00604 56196.062529820555937 -748.937470179442471   864.691000 56195/guppi_56195_1816
     0.51588     -0.027884      0.00708 55526.605248973311973 -1418.394751026686890   324.949000 GUPPI_GBNCC22350_55526
     0.51590     -0.015279      0.00997 55526.605253407804412 -1418.394746592196498   375.455000 GUPPI_GBNCC22350_55526
     0.52400     -0.016703      0.00803 55772.015748537924082 -1172.984251462073871   820.049000 NOT stovall14_820
     0.52736     -0.007084      0.00788 55772.016960221706540 -1172.983039778295961   820.049000 NOT stovall14_820
     0.52827     -0.039607      0.03738 56179.105145093933970 -765.894854906063983  1686.747000 guppi_56178_1816+45_00
     0.52937     -0.026010      0.00189 55629.825654601991118 -1315.174345398007290   324.799000 GUPPI_1816+45_55629_71
     0.52939     -0.004041      0.00290 55629.825659036599973 -1315.174340963401846   375.178000 GUPPI_1816+45_55629_71
     0.53071     -0.015540      0.00688 55772.018171868847276 -1172.981828131155680   820.049000 NOT stovall14_820
     0.53407     -0.044518      0.00651 55772.019383553291846 -1172.980616446711338   820.049000 NOT stovall14_820
     0.53443     -0.020697      0.00553 56196.069362031252240 -748.930637968745827   767.589000 56195/guppi_56195_1816
     0.53443     -0.020676      0.00554 56196.069362068206829 -748.930637931792717   767.589000 56195/guppi_56195_1816
     0.53443     -0.022551      0.00506 56196.069362696383905 -748.930637303614049   864.861000 56195/guppi_56195_1816
     0.53443     -0.022479      0.00506 56196.069362770293083 -748.930637229707486   864.861000 56195/guppi_56195_1816
     0.53503     -0.028959      0.00192 55629.827694326711935 -1315.172305673284654   324.821000 GUPPI_1816+45_55629_71
     0.53504      0.001610      0.00340 55629.827698761422653 -1315.172301238575983   375.180000 GUPPI_1816+45_55629_71
     0.53568     -0.020008      0.00458 55624.414527087377792 -1320.585472912621981   350.012000 NOT stovall14_350
     0.53600     -0.027756      0.00209 55631.632512092903198 -1313.367487907094983   324.756000 GUPPI_1816+45_55631_54
     0.53601     -0.017099      0.00309 55631.632516564335674 -1313.367483435663189   375.389000 GUPPI_1816+45_55631_54
     0.53677     -0.020897      0.00460 55624.414923222437210 -1320.585076777565291   350.012000 NOT stovall14_350
     0.53743     -0.008035      0.01063 55772.020595202186087 -1172.979404797810730   820.049000 NOT stovall14_820
     0.53787     -0.018980      0.00486 55624.415319394553080 -1320.584680605448284   350.012000 NOT stovall14_350
     0.53897     -0.018830      0.00536 55624.415715529772569 -1320.584284470227203   350.012000 NOT stovall14_350
     0.54007     -0.013026      0.00506 55624.416111665137578 -1320.583888334861058   350.012000 NOT stovall14_350
     0.54078     -0.001465      0.00651 55772.021806888413266 -1172.978193111588780   820.049000 NOT stovall14_820
     0.54164     -0.027145      0.00216 55631.634549787508149 -1313.365450212488668   324.785000 GUPPI_1816+45_55631_54
     0.54165     -0.008703      0.00306 55631.634554259035212 -1313.365445740962059   375.379000 GUPPI_1816+45_55631_54
     0.54414     -0.026263      0.00635 55772.023018538093311 -1172.976981461905098   820.049000 NOT stovall14_820
     0.54750     -0.024232      0.00655 55772.024230225884821 -1172.975769774117907   820.049000 NOT stovall14_820
     0.54902     -0.038340      0.02659 56179.112631644034991 -765.887368355965805  1304.906000 guppi_56178_1816+45_00
     0.54902     -0.032084      0.03308 56179.112632087540987 -765.887367912456739  1683.616000 guppi_56178_1816+45_00
     0.55086     -0.034540      0.00552 55772.025441877478443 -1172.974558122524286   820.049000 NOT stovall14_820
     0.55332     -0.021010      0.00523 56196.076178003546374 -748.923821996454194   767.589000 56195/guppi_56195_1816
     0.55332     -0.020983      0.00523 56196.076178040500963 -748.923821959500856   767.589000 56195/guppi_56195_1816
     0.55332     -0.033194      0.00544 56196.076178668561624 -748.923821331439399   864.962000 56195/guppi_56195_1816
     0.55332     -0.033244      0.00547 56196.076178742463526 -748.923821257533973   864.962000 56195/guppi_56195_1816
     0.55421     -0.017627      0.00767 55772.026653530345357 -1172.973346469652142   820.049000 NOT stovall14_820
     0.55667     -0.020110      0.00508 56195.716494628941291 -749.283505371055185   767.696000 56195/guppi_56195_1816
     0.55667     -0.011456      0.00857 56195.716495331151236 -749.283504668845580   866.890000 56195/guppi_56195_1816
     0.56276     -0.030778      0.00244 55652.573992241188535 -1292.426007758808737   325.550000 GUPPI_1816+45_55652_49
     0.56277     -0.010276      0.00423 55652.573996564948175 -1292.426003435048187   374.728000 GUPPI_1816+45_55652_49
     0.56362     -0.035256      0.00216 55652.574302351793449 -1292.425697648205414   324.824000 GUPPI_1816+45_55652_49
     0.56363     -0.009966      0.00343 55652.574306749520474 -1292.425693250482027   374.596000 GUPPI_1816+45_55652_49
     0.56967     -0.018317      0.02399 56179.120084565438447 -765.879915434563372  1682.430000 guppi_56178_1816+45_00
     0.57221     -0.019112      0.00457 56196.082996927048953 -748.917003072951957   768.041000 56195/guppi_56195_1816
     0.57221     -0.019093      0.00454 56196.082996964003542 -748.917003035998505   768.041000 56195/guppi_56195_1816
     0.57222     -0.027087      0.00757 56196.082997592115134 -748.917002407884866   866.340000 56195/guppi_56195_1816
     0.57222     -0.027060      0.00761 56196.082997666024312 -748.917002333978076   866.340000 56195/guppi_56195_1816
     0.57463     -0.016684      0.00850 55779.973679268645355 -1165.026320731356464   820.049000 NOT stovall14_820
     0.57556     -0.025529      0.00493 56195.723310750698147 -749.276689249298329   767.954000 56195/guppi_56195_1816
     0.57556     -0.005366      0.00836 56195.723311416091747 -749.276688583904843   865.965000 56195/guppi_56195_1816
     0.57942     -0.021811      0.00375 55635.257116682943888 -1309.742883317059295   350.012000 NOT stovall14_350
     0.58040     -0.026765      0.00875 55779.975758889369899 -1165.024241110633739   820.049000 NOT stovall14_820
     0.58055     -0.019426      0.00465 55635.257524499938881 -1309.742475500059982   350.012000 NOT stovall14_350
     0.58168     -0.021626      0.00465 55635.257932280102978 -1309.742067719898387   350.012000 NOT stovall14_350
     0.58281     -0.023407      0.00541 55635.258340060441697 -1309.741659939561714   350.012000 NOT stovall14_350
     0.58304     -0.004814      0.01136 56196.086902817281953 -748.913097182719866   767.742000 56195/guppi_56195_1816
     0.58304     -0.016539      0.01754 56196.086903482304479 -748.913096517693589   866.131000 56195/guppi_56195_1816
     0.58394     -0.018790      0.00362 55635.258747877975111 -1309.741252122024662   350.012000 NOT stovall14_350
     0.58416     -0.006384      0.00904 56196.087308417576423 -748.912691582422212   767.724000 56195/guppi_56195_1816
     0.58416     -0.015279      0.01421 56196.087309119589918 -748.912690880409514   865.499000 56195/guppi_56195_1816
     0.58616      0.005046      0.01033 55779.977838514947507 -1165.022161485053630   820.049000 NOT stovall14_820
     0.59031     -0.011995      0.04359 56179.127532584047003 -765.872467415955839  1684.471000 guppi_56178_1816+45_00
     0.59192     -0.011053      0.00958 55779.979918144628755 -1165.020081855371700   820.049000 NOT stovall14_820
     0.59424      0.000438      0.00452 55996.516845926918904 -948.483154073083824   769.441000 guppi_55996_1816+45_00
     0.59424     -0.000638      0.00692 55996.516846592065122 -948.483153407931354   866.036000 guppi_55996_1816+45_00
     0.59456     -0.008704      0.00634 56195.730166789915529 -749.269833210087540   768.052000 56195/guppi_56195_1816
     0.59456     -0.014897      0.00716 56195.730167455003539 -749.269832544994188   864.733000 56195/guppi_56195_1816
     0.59768     -0.013548      0.00921 55779.981997779403173 -1165.018002220599101   820.049000 NOT stovall14_820
     0.60345      0.000658      0.00952 55779.984077419569076 -1165.015922580429105   820.049000 NOT stovall14_820
     0.60361     -0.009397      0.00495 55996.520229030131304 -948.479770969870742   769.434000 guppi_55996_1816+45_00
     0.60361     -0.009731      0.00795 55996.520229695292073 -948.479770304706904   865.762000 guppi_55996_1816+45_00
     0.60921     -0.007672      0.01121 55779.986157064944564 -1165.013842935052025   820.049000 NOT stovall14_820
     0.61108     -0.027365      0.03378 56179.135030847894086 -765.864969152103981  1682.563000 guppi_56178_1816+45_00
     0.61345     -0.020517      0.00670 56195.736983638700622 -749.263016361298355   768.026000 56195/guppi_56195_1816
     0.61345     -0.011616      0.00607 56195.736984303977806 -749.263015696024581   866.221000 56195/guppi_56195_1816
     0.61497      0.002664      0.01098 55779.988236679309921 -1165.011763320687805   820.049000 NOT stovall14_820
     0.62053      0.000042      0.00922 55612.896559846427408 -1332.103440153573047   820.049000 NOT stovall14_820
     0.62073     -0.032653      0.00926 55779.990316336072283 -1165.009683663924307   820.049000 NOT stovall14_820
     0.62247      0.019880      0.01160 55612.897258905752096 -1332.102741094251087   820.049000 NOT stovall14_820
     0.62441     -0.000603      0.00935 55612.897958002271480 -1332.102041997731249   820.049000 NOT stovall14_820
     0.62634      0.015776      0.00985 55612.898657062978600 -1332.101342937019581   820.049000 NOT stovall14_820
     0.62650     -0.028750      0.00688 55779.992395962552109 -1165.007604037445162   820.049000 NOT stovall14_820
     0.62828     -0.004010      0.00730 55612.899356123998587 -1332.100643875998458   820.049000 NOT stovall14_820
     0.63174     -0.073003      0.02117 56179.142487169840024 -765.857512830161795  1308.418000 guppi_56178_1816+45_00
     0.63175      0.084327      0.04696 56179.142487615106802 -765.857512384889560  1682.783000 guppi_56178_1816+45_00
     0.63229     -0.024085      0.00565 56195.743783699879714 -749.256216300122674   767.589000 56195/guppi_56195_1816
     0.63229     -0.019227      0.00614 56195.743784402067831 -749.256215597934784   866.845000 56195/guppi_56195_1816
     0.63436     -0.001792      0.00384 55652.599831518273277 -1292.400168481727633   324.303000 GUPPI_1816+45_55652_51
     0.63437     -0.048869      0.00472 55652.599835952249123 -1292.400164047751787   374.471000 GUPPI_1816+45_55652_51
     0.63728     -0.000745      0.00333 55652.600887228807551 -1292.399112771190175   324.642000 GUPPI_1816+45_55652_51
     0.63729     -0.040632      0.00445 55652.600891625923396 -1292.399108374078196   374.567000 GUPPI_1816+45_55652_51
     0.65121     -0.021346      0.00478 56195.750614172175119 -749.249385827828178   767.589000 56195/guppi_56195_1816
     0.65122     -0.003974      0.00741 56195.750614837554167 -749.249385162442422   866.133000 56195/guppi_56195_1816
     0.65242      0.014069      0.03186 56179.149949306716735 -765.850050693285880  1305.223000 guppi_56178_1816+45_00
     0.65242     -0.084785      0.04151 56179.149949749029474 -765.850050250973140  1686.086000 guppi_56178_1816+45_00
     0.65901      0.000464      0.00822 55780.004129815657507 -1164.995870184339083   820.049000 NOT stovall14_820
     0.66062     -0.027648      0.00350 55626.624978813306370 -1318.375021186693402   324.954000 GUPPI_J1816+4454_55626
     0.66063     -0.019516      0.00688 55626.624983211033395 -1318.375016788963194   375.170000 GUPPI_J1816+4454_55626
     0.66266     -0.007347      0.01021 56348.773584913666127 -596.226415086332281   769.468000 GUPPI_J1816+45_56348_6
     0.66267     -0.031902      0.01711 56348.773585615526827 -596.226414384472037   866.437000 GUPPI_J1816+45_56348_6
     0.66458      0.000491      0.00907 55780.006139533150417 -1164.993860466846400   820.049000 NOT stovall14_820
     0.66643     -0.035492      0.00395 55626.627075450931443 -1318.372924549067875   324.946000 GUPPI_J1816+4454_55626
     0.66644     -0.003458      0.00605 55626.627079848956782 -1318.372920151044809   375.189000 GUPPI_J1816+4454_55626
     0.66735     -0.017505      0.00994 56348.775275492160290 -596.224724507839937   769.463000 GUPPI_J1816+45_56348_6
     0.66735     -0.024166      0.01133 56348.775276157277403 -596.224723842725439   866.144000 GUPPI_J1816+45_56348_6
     0.66956      0.005025      0.00995 56128.270152887256700 -816.729847112744892   769.230000 guppi_56128_1816+45_00
     0.66956      0.005260      0.01310 56128.270153552453849 -816.729846447549789   863.750000 guppi_56128_1816+45_00
     0.67012     -0.017931      0.00444 56195.757435669678671 -749.242564330320988   767.571000 56195/guppi_56195_1816
     0.67012     -0.025384      0.00688 56195.757436371743097 -749.242563628259404   866.613000 56195/guppi_56195_1816
     0.67015     -0.012329      0.00904 55780.008149257751938 -1164.991850742251472   820.049000 NOT stovall14_820
     0.67310     -0.026666      0.02653 56179.157413606611954 -765.842586393385773  1305.191000 guppi_56178_1816+45_00
     0.67311      0.061819      0.06465 56179.157414051100204 -765.842585948898886  1693.837000 guppi_56178_1816+45_00
     0.67533     -0.027361      0.00152 55681.125202948314836 -1263.874797051683572   324.408000 GUPPI_1816+45_55681_10
     0.67534     -0.012258      0.00204 55681.125207420082006 -1263.874792579919813   374.930000 GUPPI_1816+45_55681_10
     0.67571     -0.019465      0.00844 55780.010158989804040 -1164.989841010193231   820.049000 NOT stovall14_820
     0.67633     -0.028124      0.00234 55658.750167615355167 -1286.249832384645970   324.966000 GUPPI_1816+45_55658_64
     0.67634     -0.006771      0.00381 55658.750172013285919 -1286.249827986717719   375.106000 GUPPI_1816+45_55658_64
     0.67802     -0.004613      0.00847 56365.741122328836354 -579.258877671165124   769.665000 GUPPI_J1816+45_56365_6
     0.67803     -0.007513      0.01344 56365.741122957042535 -579.258877042957693   864.892000 GUPPI_J1816+45_56365_6
     0.67893     -0.001025      0.01067 56128.273533991123259 -816.726466008877878   769.159000 guppi_56128_1816+45_00
     0.67893      0.018843      0.01446 56128.273534656545962 -816.726465343451309   864.758000 guppi_56128_1816+45_00
     0.68100     -0.026348      0.00235 55658.751856028968177 -1286.248143971030004   324.904000 GUPPI_1816+45_55658_64
     0.68102     -0.005311      0.00440 55658.751860463860794 -1286.248139536135795   375.125000 GUPPI_1816+45_55658_64
     0.68128     -0.034625      0.00659 55780.012168729306723 -1164.987831270693050   820.049000 NOT stovall14_820
     0.68271     -0.026544      0.00907 56365.742811778880423 -579.257188221119577   769.630000 GUPPI_J1816+45_56365_6
     0.68271     -0.019678      0.01551 56365.742812444157607 -579.257187555841710   865.033000 GUPPI_J1816+45_56365_6
     0.68685     -0.002817      0.00893 55780.014178440054820 -1164.985821559941769   820.049000 NOT stovall14_820
     0.68902     -0.020476      0.00579 56195.764257954397181 -749.235742045602251   767.592000 56195/guppi_56195_1816
     0.68902     -0.019678      0.00625 56195.764258619608881 -749.235741380391687   866.455000 56195/guppi_56195_1816
     0.68968     -0.029344      0.00178 55681.130382135910622 -1263.869617864086194   324.420000 GUPPI_1816+45_55681_10
     0.68969     -0.010275      0.00199 55681.130386607765104 -1263.869613392232395   374.910000 GUPPI_1816+45_55681_10
     0.69242     -0.005559      0.00888 55780.016188158188015 -1164.983811841809029   820.049000 NOT stovall14_820
     0.69378     -0.041688      0.04044 56179.164876309783722 -765.835123690217870  1306.382000 guppi_56178_1816+45_00
     0.69378      0.096183      0.02362 56179.164876754846773 -765.835123245153227  1683.309000 guppi_56178_1816+45_00
     0.69650     -0.024612      0.00565 58357.158051677230105 1412.158051677231470   324.508000 GUPPI_1816+45_58357_13
     0.69651     -0.005053      0.00820 58357.158056370848499 1412.158056370847135   378.356000 GUPPI_1816+45_58357_13
     0.69799     -0.033568      0.00597 55780.018197920879174 -1164.981802079122190   820.049000 NOT stovall14_820
     0.69809     -0.031296      0.01576 56520.210777490166947 -424.789222509833849   769.656000 GUPPI_J1816+45_56520_1
     0.69809      0.001094      0.01614 56520.210778118787857 -424.789221881209244   865.329000 GUPPI_J1816+45_56520_1
     0.70133     -0.028406      0.00525 58357.159795770130586 1412.159795770129449   324.509000 GUPPI_1816+45_58357_13
     0.70134     -0.025718      0.00767 58357.159800500521669 1412.159800500522124   378.553000 GUPPI_1816+45_58357_13
     0.70181     -0.020564      0.01114 56520.212117361465062 -424.787882638533461   769.161000 GUPPI_J1816+45_56520_1
     0.70181     -0.021081      0.01513 56520.212118026669486 -424.787881973332105   865.589000 GUPPI_J1816+45_56520_1
     0.70356     -0.019568      0.00816 55780.020207618130371 -1164.979792381870311   820.049000 NOT stovall14_820
     0.70613     -0.019666      0.00375 56093.276684300850320 -851.723315699146838   770.048000 NOT stovall14_820
     0.70614     -0.019545      0.00403 56093.276684966062021 -851.723315033935933   869.999000 NOT stovall14_820
     0.70791     -0.017573      0.00516 56195.771076227138110 -749.228923772864732   767.628000 56195/guppi_56195_1816
     0.70791     -0.022052      0.00681 56195.771076929246192 -749.228923070750170   868.426000 56195/guppi_56195_1816
     0.70913     -0.033557      0.00631 55780.022217360092327 -1164.977782639906309   820.049000 NOT stovall14_820
     0.71448      0.004782      0.03386 56179.172344703059935 -765.827655296937678  1305.195000 guppi_56178_1816+45_00
     0.71448      0.103949      0.06296 56179.172345147686428 -765.827654852314367  1682.482000 guppi_56178_1816+45_00
     0.71545     -0.032770      0.00590 55624.840299464915006 -1320.159700535086358   324.854000 GUPPI_J1816+4454_55624
     0.71546     -0.008114      0.00813 55624.840303899960418 -1320.159696100041401   375.150000 GUPPI_J1816+4454_55624
     0.71873     -0.009718      0.01596 56195.774979209047160 -749.225020790955455   767.589000 56195/guppi_56195_1816
     0.71873     -0.041809      0.01907 56195.774979910842376 -749.225020089155009   867.382000 56195/guppi_56195_1816
     0.72029     -0.019307      0.00475 55624.842047758138506 -1320.157952241863541   324.880000 GUPPI_J1816+4454_55624
     0.72031      0.009644      0.00879 55624.842052193249401 -1320.157947806753100   375.149000 GUPPI_J1816+4454_55624
     0.72034     -0.018509      0.00378 56093.281810717577173 -851.718189282422941   770.048000 NOT stovall14_820
     0.72034     -0.021298      0.00331 56093.281811382759770 -851.718188617238866   869.999000 NOT stovall14_820
     0.72165     -0.019240      0.00469 55946.759526815963909 -998.240473184039161   769.291000 guppi_55946_1816+45_00
     0.72165     -0.019035      0.00647 55946.759527518137475 -998.240472481863321   867.362000 guppi_55946_1816+45_00
     0.72238     -0.020165      0.00392 58382.069043939387484 1437.069043939388166   324.677000 GUPPI_1816+45_58382_05
     0.72240     -0.014841      0.00978 58382.069048632925842 1437.069048632927661   378.782000 GUPPI_1816+45_58382_05
     0.72286     -0.030587      0.01539 56178.814476103987545 -766.185523896015525  1304.890000 guppi_56178_1816+45_00
     0.72286     -0.006639      0.02027 56178.814476547740924 -766.185523452259986  1685.389000 guppi_56178_1816+45_00
     0.72723     -0.018936      0.00428 58382.070793387116282 1437.070793387117874   324.635000 GUPPI_1816+45_58382_05
     0.72724     -0.026114      0.00867 58382.070798080530949 1437.070798080529812   378.967000 GUPPI_1816+45_58382_05
     0.72923     -0.018125      0.00508 55946.762264777957171 -998.237735222044080   769.205000 guppi_55946_1816+45_00
     0.72924     -0.013760      0.00596 55946.762265480181668 -998.237734519816058   867.647000 guppi_55946_1816+45_00
     0.72950     -0.015836      0.00491 56195.778865702370240 -749.221134297632830   767.452000 56195/guppi_56195_1816
     0.72950     -0.022074      0.00557 56195.778866404471046 -749.221133595527476   868.152000 56195/guppi_56195_1816
     0.73012     -0.022049      0.00389 55635.311505482801294 -1309.688494517196887   350.012000 NOT stovall14_350
     0.73144     -0.023167      0.00378 55635.311983184888959 -1309.688016815110586   350.012000 NOT stovall14_350
     0.73277     -0.032461      0.00373 55635.312460887354973 -1309.687539112645482   350.012000 NOT stovall14_350
     0.73409     -0.025526      0.00345 55635.312938590483100 -1309.687061409518492   350.012000 NOT stovall14_350
     0.73512     -0.009543      0.02644 56179.179793548086309 -765.820206451914032  1303.660000 guppi_56178_1816+45_00
     0.73542     -0.020715      0.00377 55635.313416294055060 -1309.686583705941985   350.012000 NOT stovall14_350
     0.73625     -0.021293      0.00529 57278.822659835874219  333.822659835876948   769.175000 guppi_57278_1816+45_00
     0.73626     -0.028179      0.00672 57278.822660537975025  333.822660537978379   867.566000 guppi_57278_1816+45_00
     0.74447     -0.001048      0.00801 55771.012635324623261 -1173.987364675374693   820.049000 NOT stovall14_820
     0.74747     -0.026579      0.00714 55968.422456303618674 -976.577543696382918   770.048000 NOT stovall14_820
     0.74747     -0.009394      0.00765 55968.422456969048653 -976.577543030954189   869.999000 NOT stovall14_820
     0.74831     -0.009294      0.00655 55771.014021770803083 -1173.985978229199645   820.049000 NOT stovall14_820
     0.74842     -0.012732      0.00492 56195.785696596103662 -749.214303403898725   767.679000 56195/guppi_56195_1816
     0.74843     -0.013292      0.00572 56195.785697298284504 -749.214302701717656   868.003000 56195/guppi_56195_1816
     0.75055     -0.014297      0.00613 57278.827818594487326  333.827818594489372   769.077000 guppi_57278_1816+45_00
     0.75055     -0.012406      0.00496 57278.827819296697271  333.827819296699943   867.455000 guppi_57278_1816+45_00
     0.75215     -0.029463      0.00844 55771.015408183891850 -1173.984591816105194   820.049000 NOT stovall14_820
     0.75579     -0.002179      0.02199 56179.187255924123747 -765.812744075875912  1304.087000 guppi_56178_1816+45_00
     0.75580     -0.006938      0.05313 56179.187256367556984 -765.812743632441652  1685.478000 guppi_56178_1816+45_00
     0.75600     -0.020296      0.00705 55771.016794601346191 -1173.983205398656764   820.049000 NOT stovall14_820
     0.75689     -0.015978      0.00672 55968.425856040790677 -976.574143959206822   770.048000 NOT stovall14_820
     0.75690     -0.031353      0.00863 55968.425856705849583 -976.574143294150190   869.999000 NOT stovall14_820
     0.75838      0.015037      0.01138 55620.525070353483898 -1324.474929646517239   820.049000 NOT stovall14_820
     0.75984     -0.023615      0.00837 55771.018181022656790 -1173.981818977340936   820.049000 NOT stovall14_820
     0.76032     -0.006989      0.00994 55620.525769440893782 -1324.474230559109401   820.049000 NOT stovall14_820
     0.76225     -0.003145      0.00968 55620.526468529613339 -1324.473531470383250   820.049000 NOT stovall14_820
     0.76368     -0.020027      0.00994 55771.019567485018342 -1173.980432514980521   820.049000 NOT stovall14_820
     0.76419     -0.008633      0.00801 55620.527167582295078 -1324.472832417704922   820.049000 NOT stovall14_820
     0.76613     -0.013857      0.00955 55620.527866672950040 -1324.472133327049278   820.049000 NOT stovall14_820
     0.76738     -0.015743      0.00494 56195.792536863496935 -749.207463136504998   768.207000 56195/guppi_56195_1816
     0.76738     -0.025431      0.00798 56195.792537565583189 -749.207462434419654   867.152000 56195/guppi_56195_1816
     0.76752     -0.036126      0.00873 55771.020953914194251 -1173.979046085805521   820.049000 NOT stovall14_820
     0.77136     -0.035515      0.00746 55771.022340310591972 -1173.977659689404618   820.049000 NOT stovall14_820
     0.77520     -0.000152      0.00840 55771.023726748331683 -1173.976273251665134   820.049000 NOT stovall14_820
     0.77647     -0.007176      0.02721 56179.194717159523861 -765.805282840472728  1304.066000 guppi_56178_1816+45_00
     0.77905     -0.023078      0.00613 55771.025113189367403 -1173.974886810636008   820.049000 NOT stovall14_820
     0.78627     -0.012803      0.00607 56195.799354203016264 -749.200645796980211   767.603000 56195/guppi_56195_1816
     0.78627     -0.023183      0.00848 56195.799354905109794 -749.200645094892934   867.107000 56195/guppi_56195_1816
     0.78813     -0.024746      0.00627 55913.942211079978733 -1031.057788920022176   768.618000 guppi_55913_1816+45_00
     0.78813     -0.025520      0.00498 55913.942211782174127 -1031.057788217822690   868.214000 guppi_55913_1816+45_00
     0.79561     -0.022491      0.00607 55913.944910593338136 -1031.055089406660045   767.266000 guppi_55913_1816+45_00
     0.79561     -0.018426      0.00520 55913.944911295599013 -1031.055088704400987   867.858000 guppi_55913_1816+45_00
     0.79911     -0.005551      0.01832 56179.202889998348837 -765.797110001653209  1305.903000 guppi_56178_1816+45_00
     0.79912     -0.018758      0.03402 56179.202890441694763 -765.797109558302509  1684.682000 guppi_56178_1816+45_00
     0.79944     -0.000036      0.00648 57666.084175415788195  721.084175415788536   324.822000 GUPPI_1816+45_57666_07
     0.79945      0.014846      0.01712 57666.084180072750314  721.084180072749405   378.188000 GUPPI_1816+45_57666_07
     0.80516     -0.007901      0.00587 56195.806171415264544 -749.193828584733296   767.589000 56195/guppi_56195_1816
     0.80516     -0.017022      0.00761 56195.806172080418037 -749.193827919580599   865.038000 56195/guppi_56195_1816
     0.80734     -0.022466      0.00411 55627.399715073210245 -1317.600284926786571   350.012000 NOT stovall14_350
     0.80900      0.001514      0.00710 57666.087623921172053  721.087623921174668   324.813000 GUPPI_1816+45_57666_07
     0.80901     -0.014976      0.01606 57666.087628577806754  721.087628577804026   378.147000 GUPPI_1816+45_57666_07
     0.80924     -0.020714      0.00376 55627.400402470062545 -1317.599597529933817   350.012000 NOT stovall14_350
     0.80983     -0.052343      0.01436 56178.845864767812600 -766.154135232185695  1304.758000 guppi_56178_1816+45_00
     0.80983      0.045621      0.03757 56178.845865212453646 -766.154134787544876  1683.742000 guppi_56178_1816+45_00
     0.81043     -0.008026      0.00406 56046.398172007851826 -898.601827992149765   324.672000 GUPPI_1816+45_56046_34
     0.81045     -0.005638      0.00646 56046.398176442948170 -898.601823557050693   375.199000 GUPPI_1816+45_56046_34
     0.81069      0.010052      0.01018 56389.607970996046788 -555.392029003950256   768.640000 GUPPI_J1816+45_56389_5
     0.81069     -0.032953      0.00945 56389.607971660814655 -555.392028339187277   866.057000 GUPPI_J1816+45_56389_5
     0.81115     -0.030776      0.00344 55627.401089904662513 -1317.598910095339988   350.012000 NOT stovall14_350
     0.81305     -0.025420      0.00372 55627.401777340346598 -1317.598222659652492   350.012000 NOT stovall14_350
     0.81496     -0.025039      0.00427 55627.402464739927382 -1317.597535260071254   350.012000 NOT stovall14_350
     0.81512     -0.000054      0.00455 56046.399861511141353 -898.600138488858533   324.657000 GUPPI_1816+45_56046_34
     0.81513      0.007580      0.00638 56046.399865946317732 -898.600134053684314   375.210000 GUPPI_1816+45_56046_34
     0.81537     -0.007029      0.01192 56389.609658540524833 -555.390341459474257   768.622000 GUPPI_J1816+45_56389_5
     0.81537     -0.014366      0.01066 56389.609659205707430 -555.390340794296208   865.804000 GUPPI_J1816+45_56389_5
     0.82045     -0.039956      0.00441 55848.993047740426846 -1096.006952259574291   324.963000 GUPPI_1816+45_55848_85
     0.82046     -0.044127      0.00733 55848.993052138517669 -1096.006947861479603   375.096000 GUPPI_1816+45_55848_85
     0.82239     -0.021745      0.00582 55775.010584558753180 -1169.989415441249321   820.049000 NOT stovall14_820
     0.82335     -0.039693      0.00492 55848.994096012902446 -1096.005903987094598   325.006000 GUPPI_1816+45_55848_85
     0.82336     -0.017148      0.00731 55848.994100411320687 -1096.005899588682041   375.101000 GUPPI_1816+45_55848_85
     0.82410     -0.026784      0.00554 56195.813008676399477 -749.186991323602797   767.589000 56195/guppi_56195_1816
     0.82411     -0.021011      0.00649 56195.813009341727593 -749.186990658268996   865.971000 56195/guppi_56195_1816
     0.82815     -0.014655      0.00513 55775.012664181223954 -1169.987335818779002   820.049000 NOT stovall14_820
     0.83056     -0.012677      0.01174 56178.853344109360478 -766.146655890640204  1304.896000 guppi_56178_1816+45_00
     0.83056     -0.002126      0.03454 56178.853344552997441 -766.146655447004946  1683.599000 guppi_56178_1816+45_00
     0.83392     -0.018282      0.00463 55775.014743848492799 -1169.985256151509248   820.049000 NOT stovall14_820
     0.83968     -0.027136      0.00578 55775.016823486548674 -1169.983176513454737   820.049000 NOT stovall14_820
     0.83986     -0.024578      0.00370 55633.546640700689750 -1311.453359299307522   350.012000 NOT stovall14_350
     0.83997     -0.012394      0.01012 55891.946419025720388 -1053.053580974277111   820.049000 NOT stovall14_820
     0.84299     -0.015780      0.00613 56195.819825401515118 -749.180174598482722   767.589000 56195/guppi_56195_1816
     0.84299     -0.025675      0.00534 56195.819826103637752 -749.180173896362476   866.839000 56195/guppi_56195_1816
     0.84358     -0.007216      0.01376 56406.581833401316544 -538.418166598683911   768.698000 GUPPI_J1816+45_56406_5
     0.84358     -0.006671      0.01464 56406.581834066601004 -538.418165933402179   865.995000 GUPPI_J1816+45_56406_5
     0.84421     -0.026904      0.00342 55633.548213629088423 -1311.451786370911123   350.012000 NOT stovall14_350
     0.84537     -0.003932      0.01406 55619.834677790851856 -1325.165322209147234   820.049000 NOT stovall14_820
     0.84544     -0.018128      0.00658 55775.018903095478890 -1169.981096904518381   820.049000 NOT stovall14_820
     0.84731     -0.014584      0.00977 55619.835376884228026 -1325.164623115769018   820.049000 NOT stovall14_820
     0.84826     -0.013717      0.01398 56406.583522682718467 -538.416477317280282   768.713000 GUPPI_J1816+45_56406_5
     0.84826      0.000622      0.02484 56406.583523348162998 -538.416476651837002   866.039000 GUPPI_J1816+45_56406_5
     0.84857     -0.027709      0.00353 55633.549786561787187 -1311.450213438209630   350.012000 NOT stovall14_350
     0.84924      0.019193      0.00786 55619.836075942002935 -1325.163924058000475   820.049000 NOT stovall14_820
     0.84955     -0.014267      0.01148 55891.949875386373606 -1053.050124613624121   820.049000 NOT stovall14_820
     0.85118     -0.010326      0.01046 55619.836774999865156 -1325.163225000136208   820.049000 NOT stovall14_820
     0.85120     -0.010542      0.00668 55775.020982748814276 -1169.979017251183677   820.049000 NOT stovall14_820
     0.85122     -0.010194      0.01696 56178.860799454683729 -766.139200545312860  1304.895000 guppi_56178_1816+45_00
     0.85122      0.008963      0.04196 56178.860799898429832 -766.139200101572101  1683.806000 guppi_56178_1816+45_00
     0.85219     -0.039126      0.00792 55771.051511990197469 -1173.948488009803668   820.049000 NOT stovall14_820
     0.85293     -0.027564      0.00372 55633.551359461751417 -1311.448640538250402   350.012000 NOT stovall14_350
     0.85312      0.007038      0.01069 55619.837474096049846 -1325.162525903948108   820.049000 NOT stovall14_820
     0.85604     -0.032179      0.00806 55771.052898430643836 -1173.947101569352981   820.049000 NOT stovall14_820
     0.85697     -0.016561      0.00694 55775.023062372296408 -1169.976937627700408   820.049000 NOT stovall14_820
     0.85729     -0.026394      0.00387 55633.552932402802981 -1311.447067597196110   350.012000 NOT stovall14_350
     0.85913     -0.022169      0.01022 55891.953331730219361 -1053.046668269781549   820.049000 NOT stovall14_820
     0.85988     -0.022762      0.00938 55771.054284874284349 -1173.945715125718152   820.049000 NOT stovall14_820
     0.86189     -0.029263      0.00808 56195.826644387845590 -749.173355612151681   767.762000 56195/guppi_56195_1816
     0.86189     -0.008479      0.00625 56195.826645090332022 -749.173354909668319   867.098000 56195/guppi_56195_1816
     0.86273     -0.016945      0.00717 55775.025142002916255 -1169.974857997085337   820.049000 NOT stovall14_820
     0.86372     -0.011127      0.00911 55771.055671284077107 -1173.944328715922893   820.049000 NOT stovall14_820
     0.86756     -0.015607      0.00851 55771.057057733676629 -1173.942942266322007   820.049000 NOT stovall14_820
     0.86849     -0.020087      0.00792 55775.027221640353673 -1169.972778359643598   820.049000 NOT stovall14_820
     0.87140     -0.042427      0.00779 55771.058444149028219 -1173.941555850972236   820.049000 NOT stovall14_820
     0.87191     -0.029242      0.01786 56178.868269418409909 -766.131730581587590  1305.657000 guppi_56178_1816+45_00
     0.87192     -0.049145      0.01827 56178.868269861704903 -766.131730138293733  1682.029000 guppi_56178_1816+45_00
     0.87425     -0.022462      0.00587 55775.029301284448593 -1169.970698715551862   820.049000 NOT stovall14_820
     0.87524     -0.011782      0.00674 55771.059830567945028 -1173.940169432055654   820.049000 NOT stovall14_820
     0.87909     -0.011894      0.00821 55771.061216989335662 -1173.938783010661382   820.049000 NOT stovall14_820
     0.88082     -0.029624      0.00651 56195.833475940962671 -749.166524059037329   769.312000 56195/guppi_56195_1816
     0.88082     -0.016130      0.00710 56195.833476643369067 -749.166523356631046   868.185000 56195/guppi_56195_1816
     0.88293     -0.024499      0.00645 55771.062603413352917 -1173.937396586647310   820.049000 NOT stovall14_820
     0.88567     -0.019916      0.00266 57307.748060161931789  362.748060161934518   769.257000 guppi_57307_1816+45_00
     0.88567     -0.025033      0.00303 57307.748060864127183  362.748060864127126   869.227000 guppi_57307_1816+45_00
     0.88677     -0.025622      0.00625 55771.063989840193244 -1173.936010159806983   820.049000 NOT stovall14_820
     0.89160     -0.044619      0.01824 56195.837367296953744 -749.162632703046938   769.451000 56195/guppi_56195_1816
     0.89160     -0.002110      0.02348 56195.837367999702110 -749.162632000301073   867.647000 56195/guppi_56195_1816
     0.89259     -0.008926      0.01664 56178.875729634914023 -766.124270365086659  1304.610000 guppi_56178_1816+45_00
     0.89259     -0.017048      0.02246 56178.875730078347260 -766.124269921651717  1683.706000 guppi_56178_1816+45_00
     0.89528      0.000845      0.01002 55614.800181411141239 -1330.199818588858761   820.049000 NOT stovall14_820
     0.89722     -0.022839      0.01109 55614.800880486349342 -1330.199119513647702   820.049000 NOT stovall14_820
     0.89915     -0.011215      0.00745 55614.801579525628767 -1330.198420474374643   820.049000 NOT stovall14_820
     0.89989     -0.014730      0.00226 57307.753194370328856  362.753194370330277   769.240000 guppi_57307_1816+45_00
     0.89989     -0.024243      0.00334 57307.753195072473318  362.753195072476672   869.858000 guppi_57307_1816+45_00
     0.90109      0.000779      0.01119 55614.802278602466686 -1330.197721397532177   820.049000 NOT stovall14_820
     0.90243     -0.016538      0.00614 56195.841275268765457 -749.158724731236362   768.562000 56195/guppi_56195_1816
     0.90243     -0.023695      0.00729 56195.841275970939023 -749.158724029061887   867.729000 56195/guppi_56195_1816
     0.90303     -0.009172      0.00948 55614.802977679653850 -1330.197022320349788   820.049000 NOT stovall14_820
     0.90493     -0.018496      0.01453 56637.936700189144176 -307.063299810853550   768.641000 GUPPI_J1816+45_56637_8
     0.90493      0.002813      0.02308 56637.936700854690571 -307.063299145309770   865.488000 GUPPI_J1816+45_56637_8
     0.90864     -0.015859      0.01559 56637.938040096181794 -307.061959903814795   768.682000 GUPPI_J1816+45_56637_8
     0.90864     -0.036093      0.02104 56637.938040761247976 -307.061959238750887   864.940000 GUPPI_J1816+45_56637_8
     0.91322     -0.016691      0.02242 56178.883175989300071 -766.116824010696632  1305.076000 guppi_56178_1816+45_00
     0.91322      0.001443      0.02108 56178.883176433046174 -766.116823566953826  1686.539000 guppi_56178_1816+45_00
     0.91877     -0.046603      0.01684 55508.705973917618394 -1436.294026082378195   324.812000 GUPPI_GBNCC21740_55508
     0.91878      0.003617      0.02912 55508.705978353544197 -1436.294021646458532   375.091000 GUPPI_GBNCC21740_55508
     0.92055     -0.041256      0.01661 55508.706615118826448 -1436.293384881175825   324.806000 GUPPI_GBNCC21740_55508
     0.92056      0.038032      0.03530 55508.706619555079669 -1436.293380444916920   375.075000 GUPPI_GBNCC21740_55508
     0.92122     -0.015327      0.00631 56195.848056427013944 -749.151943572988330   768.699000 56195/guppi_56195_1816
     0.92122     -0.017428      0.00708 56195.848057129252993 -749.151942870750190   867.229000 56195/guppi_56195_1816
     0.92283     -0.021429      0.00893 55775.046833439570037 -1169.953166560428144   820.049000 NOT stovall14_820
     0.92320     -0.053956      0.00646 55508.707571118255146 -1436.292428881744172   324.907000 GUPPI_GBNCC21973_55508
     0.92321     -0.012381      0.01421 55508.707575517124496 -1436.292424482878687   375.162000 GUPPI_GBNCC21973_55508
     0.92497     -0.030503      0.00894 55508.708212246754556 -1436.291787753246581   324.893000 GUPPI_GBNCC21973_55508
     0.92499     -0.002501      0.01919 55508.708216682425700 -1436.291783317574300   375.174000 GUPPI_GBNCC21973_55508
     0.92821     -0.035880      0.00908 55775.048773272741528 -1169.951226727256426   820.049000 NOT stovall14_820
     0.93005     -0.024080      0.00580 55755.200296702380001 -1189.799703297619544   820.049000 NOT stovall14_820
     0.93358     -0.012549      0.00846 55775.050713072814688 -1169.949286927183493   820.049000 NOT stovall14_820
     0.93393     -0.023380      0.01330 56178.890652231420972 -766.109347768578573  1303.417000 guppi_56178_1816+45_00
     0.93468     -0.026809      0.00697 55755.201965687920165 -1189.798034312083246   820.049000 NOT stovall14_820
     0.93576     -0.008024      0.00674 55671.475068061408820 -1273.524931938590044   820.049000 NOT stovall14_820
     0.93767     -0.023384      0.00706 55671.475755467596173 -1273.524244532403827   820.049000 NOT stovall14_820
     0.93896     -0.015549      0.00716 55775.052652912730991 -1169.947347087269918   820.049000 NOT stovall14_820
     0.93930     -0.030330      0.00582 55755.203634638804942 -1189.796365361196877   820.049000 NOT stovall14_820
     0.93957     -0.010868      0.00795 55671.476442911443883 -1273.523557088557027   820.049000 NOT stovall14_820
     0.94015     -0.025638      0.00498 56195.854890891976538 -749.145109108020279   767.705000 56195/guppi_56195_1816
     0.94016     -0.026059      0.00632 56195.854891557282826 -749.145108442719675   865.484000 56195/guppi_56195_1816
     0.94147     -0.009274      0.00615 55671.477130318569834 -1273.522869681432439   820.049000 NOT stovall14_820
     0.94296      0.007333      0.00357 56256.846903999998176 -688.153096000003188   324.787000 GUPPI_1816+45_56256_73
     0.94298      0.003768      0.00511 56256.846908435327350 -688.153091564671968   375.276000 GUPPI_1816+45_56256_73
     0.94338     -0.015819      0.00738 55671.477817725950445 -1273.522182274047282   820.049000 NOT stovall14_820
     0.94363     -0.011484      0.00622 56026.597098220350745 -918.402901779647436   324.787000 GUPPI_1816+45_56026_51
     0.94364      0.003976      0.00951 56026.597102655905474 -918.402897344095209   375.323000 GUPPI_1816+45_56026_51
     0.94393     -0.013904      0.00668 55755.205303629045375 -1189.794696370953488   820.049000 NOT stovall14_820
     0.94433     -0.022735      0.00994 55775.054592755535850 -1169.945407244464832   820.049000 NOT stovall14_820
     0.94781      0.004478      0.00346 56256.848652643471723 -688.151347356531915   324.783000 GUPPI_1816+45_56256_73
     0.94782      0.002130      0.00567 56256.848657078815449 -688.151342921181140   375.226000 GUPPI_1816+45_56256_73
     0.94847     -0.010136      0.00547 56026.598845829241327 -918.401154170755490   324.794000 GUPPI_1816+45_56026_51
     0.94848     -0.009128      0.01093 56026.598850264635985 -918.401149735365152   375.321000 GUPPI_1816+45_56026_51
     0.94855     -0.025448      0.00546 55755.206972584011964 -1189.793027415988490   820.049000 NOT stovall14_820
     0.94971     -0.020646      0.00689 55775.056532564180088 -1169.943467435821503   820.049000 NOT stovall14_820
     0.95051      0.007326      0.01006 55701.434549987301580 -1243.565450012699330   820.049000 NOT stovall14_820
     0.95241     -0.012152      0.01128 55701.435237396064622 -1243.564762603932877   820.049000 NOT stovall14_820
     0.95356     -0.028235      0.00610 55755.208781403103785 -1189.791218596899625   820.049000 NOT stovall14_820
     0.95432      0.000013      0.01102 55701.435924805489776 -1243.564075194509542   820.049000 NOT stovall14_820
     0.95459     -0.016014      0.01935 56178.898107304819860 -766.101892695181164  1304.666000 guppi_56178_1816+45_00
     0.95459     -0.043934      0.03732 56178.898107748034818 -766.101892251965864  1687.150000 guppi_56178_1816+45_00
     0.95508     -0.023824      0.00523 55775.058472412165429 -1169.941527587836390   820.049000 NOT stovall14_820
     0.95622      0.003434      0.01254 55701.436612215089554 -1243.563387784908173   820.049000 NOT stovall14_820
     0.95813     -0.031537      0.01486 55701.437299661476573 -1243.562700338521609   820.049000 NOT stovall14_820
     0.95872     -0.032230      0.00605 55755.210642598591221 -1189.789357401410371   820.049000 NOT stovall14_820
     0.95912     -0.023762      0.00473 56195.861734226666158 -749.138265773336457   767.589000 56195/guppi_56195_1816
     0.95912     -0.026531      0.00824 56195.861734891943343 -749.138265108060182   864.512000 56195/guppi_56195_1816
     0.96046     -0.024907      0.00690 55775.060412225400796 -1169.939587774600795   820.049000 NOT stovall14_820
     0.96388     -0.001890      0.00654 55755.212503833296068 -1189.787496166707342   820.049000 NOT stovall14_820
     0.96583     -0.027142      0.00614 55775.062352077511605 -1169.937647922484985   820.049000 NOT stovall14_820
     0.96618     -0.009023      0.00725 55610.855938610977319 -1334.144061389020180   820.049000 NOT stovall14_820
     0.96903     -0.025235      0.00636 55755.214365032043133 -1189.785634967959595   820.049000 NOT stovall14_820
     0.97000     -0.029094      0.00531 55610.857319272960012 -1334.142680727039306   820.049000 NOT stovall14_820
     0.97121     -0.031197      0.00541 55775.064291894319467 -1169.935708105678259   820.049000 NOT stovall14_820
     0.97383     -0.006687      0.00598 55610.858699936179619 -1334.141300063821291   820.049000 NOT stovall14_820
     0.97419     -0.016158      0.00527 55755.216226232558256 -1189.783773767438333   820.049000 NOT stovall14_820
     0.97706     -0.010431      0.01261 56178.906214228663885 -766.093785771337252  1305.073000 guppi_56178_1816+45_00
     0.97706     -0.043229      0.03852 56178.906214671820635 -766.093785328176864  1688.077000 guppi_56178_1816+45_00
     0.97765     -0.007186      0.00573 55610.860080599784851 -1334.139919400216513   820.049000 NOT stovall14_820
     0.97802     -0.025836      0.00474 56195.868557996465825 -749.131442003537131   767.589000 56195/guppi_56195_1816
     0.97803     -0.013275      0.00664 56195.868558661917632 -749.131441338081572   864.530000 56195/guppi_56195_1816
     0.97852     -0.017230      0.00665 55755.217787416724605 -1189.782212583278351   820.049000 NOT stovall14_820
     0.98148     -0.008842      0.00692 55610.861461263928504 -1334.138538736068540   820.049000 NOT stovall14_820
     0.98193     -0.019776      0.00832 55755.219019458279945 -1189.780980541716644   820.049000 NOT stovall14_820
     0.98534     -0.021569      0.00615 55755.220251537175500 -1189.779748462825410   820.049000 NOT stovall14_820
     0.98876     -0.008993      0.00780 55755.221483616522164 -1189.778516383476472   820.049000 NOT stovall14_820
     0.99217     -0.031761      0.00825 55755.222715658725065 -1189.777284341274708   820.049000 NOT stovall14_820
     0.99693     -0.024553      0.00437 56195.875381262201699 -749.124618737795913   767.589000 56195/guppi_56195_1816
     0.99693     -0.003948      0.00688 56195.875381927755370 -749.124618072246449   864.530000 56195/guppi_56195_1816
