MODE 1
C GUPPI_GBNCC06021_55179    349.782  55179.1188655174100    0.00  496.87        1
 GUPPI_J2113+67_0_57072    816.094  57072.5805796636222    0.00 1494.90        1
 GUPPI_J2113+67_0_57072    816.068  57072.5815701702317    0.00 1374.54        1
 GUPPI_J2113+67_3_57072    815.683  57072.5876794672581    0.00  454.31        1
 GUPPI_J2113+67_57078_7    814.654  57078.8272805897673    0.00 1199.33        1
 GUPPI_J2113+67_57078_7    815.046  57078.8289676811416    0.00  729.92        1
 GUPPI_J2113+67_57101_7    813.642  57101.8311640420723    0.00  936.50        1
 GUPPI_J2113+67_57101_7    813.758  57101.8328510926666    0.00  721.42        1
 GUPPI_J2113+67_57131_6    812.719  57131.7351616377461    0.00  804.53        1
 GUPPI_J2113+67_57161_3    814.853  57161.4559321981341    0.00  545.50        1
 GUPPI_J2113+67_57161_3    814.149  57161.4576192205319    0.00  510.43        1
 GUPPI_J2113+67_57192_3    865.770  57192.3873606808749    0.00  711.87        1
 GUPPI_J2113+67_57192_3    769.496  57192.3873616039112    0.00  424.81        1
 GUPPI_J2113+67_57192_3    866.002  57192.3890412577030    0.00  629.56        1
 GUPPI_J2113+67_57192_3    769.611  57192.3890421940979    0.00  543.32        1
 GUPPI_J2113+67_57278_1    815.979  57278.1553773149244    0.00  705.93        1
 GUPPI_J2113+67_57289_1    810.205  57289.2170733537842    0.00  866.12        1
 GUPPI_J2113+67_57292_1    816.192  57292.2095723376339    0.00  815.29        1
 GUPPI_J2113+67_57292_1    816.144  57292.2137004174748    0.00  534.70        1
 GUPPI_J2113+67_57293_1    866.456  57293.2135543965927    0.00  768.54        1
 GUPPI_J2113+67_57293_1    769.703  57293.2135553421038    0.00  887.90        1
 GUPPI_J2113+67_57293_1    866.687  57293.2183982055494    0.00 1593.21        1
 GUPPI_J2113+67_57293_1    769.777  57293.2183991528794    0.00 1096.90        1
 GUPPI_J2113+67_57297_1    815.852  57297.2033987528194    0.00  570.03        1
 GUPPI_J2113+67_57297_1    816.118  57297.2078783035118    0.00  536.56        1
 GUPPI_J2113+67_57308_0    815.341  57308.0337526154878    0.00  595.74        1
 GUPPI_J2113+67_57339_0    815.503  57339.1152278493011    0.00  535.25        1
 GUPPI_J2113+67_57339_0    814.809  57339.1169149212897    0.00  574.11        1
 GUPPI_J2113+67_57397_0    814.775  57397.0684919057630    0.00  660.72        1
