C INFO 350
C TIME +81.92E-6
C  GUPPI_GBNCC06021_55179_1 349.7820  55179.1188686117476    0.00  431.84        1
C TIME -81.92E-6
INFO 820
TIME +20.48E-6
 GUPPI_J2113+67_3_57072_5 815.6810  57072.5876795190770    0.00  536.62        1
 GUPPI_J2113+67_57078_714 865.8110  57078.8281045483890    0.00  943.01        1
 GUPPI_J2113+67_57078_714 769.5190  57078.8281054923939    0.00  684.01        1
 GUPPI_J2113+67_57101_717 813.6980  57101.8319820531751    0.00  867.71        1
 GUPPI_J2113+67_57131_633 812.7120  57131.7351616784017    0.00 1037.17        1
 GUPPI_J2113+67_57161_393 814.5150  57161.4567502013370    0.00  541.90        1
 GUPPI_J2113+67_57192_333 865.8410  57192.3873607174164    0.00  782.52        1
 GUPPI_J2113+67_57192_333 769.4960  57192.3873616539071    0.00  494.84        1
 GUPPI_J2113+67_57192_333 866.0010  57192.3890413061753    0.00  715.82        1
 GUPPI_J2113+67_57192_333 769.6130  57192.3890422515339    0.00  694.68        1
 GUPPI_J2113+67_57278_132 815.9770  57278.1553837535743    0.00  875.87        1
 GUPPI_J2113+67_57289_186 810.2060  57289.2170670011318    0.00 1302.73        1
 GUPPI_J2113+67_57292_179 816.1680  57292.2116044750065    0.00  598.49        1
 GUPPI_J2113+67_57293_182 815.6260  57293.2159512456972    0.00  543.60        1
 GUPPI_J2113+67_57297_173 815.9850  57297.2056098189910    0.00  546.08        1
 GUPPI_J2113+67_57307_149 820.0100  57307.1775247121650    0.00  868.47        1
 GUPPI_J2113+67_57308_027 815.3420  57308.0337526693109    0.00  996.27        1
 GUPPI_J2113+67_57339_098 815.1700  57339.1160330922235    0.00  534.95        1
 GUPPI_J2113+67_57367_039 815.2080  57367.0478932104366    0.00 1030.18        1
 GUPPI_J2113+67_57397_057 814.7970  57397.0684919408713    0.00 1137.41        1
TIME -20.48E-6
