INFO 350
TIME +81.92E-6
 GUPPI_GBNCC47810_56459_4 349.7930  56459.5362413751753    0.00 1391.08        1
TIME -81.92E-6
INFO 820
TIME +20.48E-6
 GUPPI_J2145+21_1_56821_3 865.0440  56821.3641867409972    0.00 1421.33        1
 GUPPI_J2145+21_1_56821_3 770.3730  56821.3641874875870    0.00 1569.46        1
 GUPPI_J2145+21_1_56821_3 864.9850  56821.3649585645205    0.00  735.14        1
 GUPPI_J2145+21_1_56821_3 769.7790  56821.3649592991757    0.00  678.80        1
 GUPPI_J2145+21_57078_755 865.7860  57078.8762883155022    0.00  959.99        1
 GUPPI_J2145+21_57078_755 769.4960  57078.8762890862811    0.00 1206.14        1
 GUPPI_J2145+21_57078_755 865.6170  57078.8768795889527    0.00 1718.33        1
 GUPPI_J2145+21_57078_755 769.4980  57078.8768803395745    0.00 1024.32        1
 GUPPI_J2145+21_57101_713 864.1250  57101.8263135220121    0.00 4126.96        1
 GUPPI_J2145+21_57101_713 769.9410  57101.8263142645125    0.00 3735.56        1
 GUPPI_J2145+21_57101_713 864.2440  57101.8280050867281    0.00 1168.91        1
 GUPPI_J2145+21_57101_713 769.6590  57101.8280058277665    0.00  884.60        1
 GUPPI_J2145+21_57131_626 864.1330  57131.7285624012555    0.00 1036.55        1
 GUPPI_J2145+21_57131_626 769.6850  57131.7285631522365    0.00 1170.62        1
 GUPPI_J2145+21_57161_381 865.2680  57161.4438165871766    0.00  671.45        1
 GUPPI_J2145+21_57161_381 768.6080  57161.4438173629516    0.00  841.33        1
 GUPPI_J2145+21_57161_381 865.0530  57161.4490224972239    0.00 3906.98        1
 GUPPI_J2145+21_57161_381 768.5830  57161.4490231617022    0.00 3505.10        1
 GUPPI_J2145+21_57192_327 812.1000  57192.3806575595614    0.00 1451.73        1
 GUPPI_J2145+21_57220_232 866.9590  57220.2703720095884    0.00 1223.87        1
 GUPPI_J2145+21_57220_232 768.6110  57220.2703727797436    0.00 1354.72        1
 GUPPI_J2145+21_57220_232 867.3980  57220.2722278076714    0.00 1372.61        1
 GUPPI_J2145+21_57220_232 768.5630  57220.2722285654158    0.00  817.99        1
 GUPPI_J2145+21_57249_303 813.9170  57249.3510756572762    0.00  748.40        1
 GUPPI_J2145+21_57278_126 864.8170  57278.1478090964689    0.00 2793.49        1
 GUPPI_J2145+21_57278_126 769.4130  57278.1478098922008    0.00 2524.39        1
 GUPPI_J2145+21_57278_126 864.7070  57278.1492215814134    0.00 1418.30        1
 GUPPI_J2145+21_57278_126 769.4230  57278.1492223451252    0.00 1375.03        1
 GUPPI_J2145+21_57289_174 864.6010  57289.2033199610046    0.00 1849.52        1
 GUPPI_J2145+21_57289_174 771.4780  57289.2033207232201    0.00 1142.71        1
 GUPPI_J2145+21_57289_174 864.7250  57289.2044860766631    0.00 1461.12        1
 GUPPI_J2145+21_57289_174 771.6040  57289.2044868454490    0.00 1046.64        1
C GUPPI_J2145+21_57290_165 812.5610  57290.1929676122269    0.00 3516.75        1
C GUPPI_J2145+21_57290_165 812.3070  57290.1935372982192    0.00 3755.05        1
 GUPPI_J2145+21_57290_165 812.2570  57290.1940709295786    0.00 1331.14        1
 GUPPI_J2145+21_57292_167 814.4460  57292.1953669453296    0.00 1966.36        1
 GUPPI_J2145+21_57293_170 814.7110  57293.1990964504009    0.00 1720.40        1
 GUPPI_J2145+21_57297_161 814.5810  57297.1883392920075    0.00  945.13        1
 GUPPI_J2145+21_57297_161 815.0990  57297.1900309915685    0.00 2941.70        1
 GUPPI_J2145+21_57308_022 813.6540  57308.0272950522577    0.00  933.32        1
 GUPPI_J2145+21_57339_094 813.7390  57339.1115377346281    0.00 2752.63        1
 GUPPI_J2145+21_57339_094 813.5920  57339.1122110436491    0.00 4435.62        1
 GUPPI_J2145+21_57367_035 865.5530  57367.0428844929520    0.00 3238.21        1
 GUPPI_J2145+21_57367_035 768.9410  57367.0428852231010    0.00 1413.78        1
 GUPPI_J2145+21_57367_035 865.9210  57367.0436400798443    0.00 2157.38        1
 GUPPI_J2145+21_57367_035 768.7680  57367.0436408533243    0.00 1614.57        1
 GUPPI_J2145+21_57397_053 865.8480  57397.0637275608108    0.00 1183.86        1
 GUPPI_J2145+21_57397_053 769.7230  57397.0637283097926    0.00  895.15        1
 GUPPI_J2145+21_57397_053 866.1290  57397.0648937033478    0.00 2195.96        1
C GUPPI_J2145+21_57397_053 769.5710  57397.0648887560726    0.00 2592.12        1
