-155.1626031 -2.272202466e-05 0.00037676
-155.1626062 0.0001777645451 0.00034993
-155.1626062 0.0001053723953 0.00036642
-155.1626093 6.749770105e-07 0.0004723
-155.1614418 0.0004655553504 0.00042108
-155.1614449 -0.0002912088913 0.00036549
-155.1614449 -0.0002818234507 0.00040173
-155.1603298 -3.661369745e-05 0.00046891
-155.1603328 0.0004740817058 0.00039116
-155.1603328 -0.0001288192948 0.00046718
-155.1603359 -0.0001091559378 0.00046103
-132.1594749 -0.0001674114589 0.00032603
-132.1594779 -0.0004152071964 0.00028793
-132.1594779 -0.0002093644326 0.00031706
-132.159481 -5.360279773e-05 0.00040089
-132.1583105 -0.0007914829421 0.00047513
-132.1583135 -0.0006655222911 0.00044472
-132.1583135 -0.0008806642415 0.00042535
-132.1583166 0.0001760963205 0.00045108
-132.1572046 0.0001822037921 0.00037576
-132.1572077 7.271071644e-06 0.00029457
-132.1572077 -3.066727599e-05 0.000352
-132.1572107 -0.0001278287781 0.00042812
-102.2568519 -0.000145319832 0.0003472
-102.2568549 -7.322123576e-05 0.0003406
-102.256855 -0.0007789228025 0.00036991
-102.256858 -0.0004344613403 0.0003649
-102.2556875 -0.000199117933 0.00040431
-102.2556905 0.0007570544042 0.00036888
-102.2556905 0.000444625997 0.00034899
-102.2556936 0.000314555773 0.00034774
-102.2545785 0.000649598537 0.0004464
-102.2545816 1.652567733e-05 0.00032294
-102.2545816 0.0008466263825 0.0003959
-102.2545847 0.0005183089891 0.00034488
-72.53466107 7.739270352e-05 0.00035996
-72.53466415 0.000137642068 0.00035142
-72.53466415 6.239770226e-05 0.00035515
-72.53466723 0.0005866087636 0.00038844
-72.53349359 0.0002884077557 0.00046374
-72.53349667 6.742296966e-05 0.00038352
-72.53349667 0.0001588895727 0.00041911
-72.53238772 -0.0001066291017 0.00045598
-72.5323908 -0.0001819538569 0.00036923
-72.53239079 0.0002380811193 0.00042522
-72.53239387 0.0004538781322 0.0004411
-41.60184626 -0.0003581054751 0.00046914
-41.60184933 0.0005458574625 0.00034211
-41.60184933 -0.0001769518693 0.00040196
-41.60067877 -8.365207198e-05 0.00036103
-41.60067877 6.812525038e-05 0.00042476
-41.59956982 -0.0004516658771 0.00045046
-41.5995729 -0.0005829173338 0.0004698
-41.5995729 -0.0002921105084 0.00044537
-41.59957598 -9.77099748e-05 0.00042419
-13.71163336 -0.0007639528612 0.00036133
-13.71163643 0.0004255391341 0.00033596
-13.71163644 -0.000414201415 0.00037016
-13.71163951 -4.94092e-05 0.00041075
-13.71046586 0.0005227187586 0.00037765
-13.71046895 0.0002029804154 0.00037704
-13.71046895 -0.0003474297659 0.00038564
-13.71047203 -0.000177217521 0.0003794
-13.70936307 0.0001517275304 0.00043113
-13.70936616 -4.799223054e-05 0.00044942
-13.70936616 -0.0002594936797 0.00044136
-13.70936923 0.0001866494499 0.00047237
15.37008642 -8.89310244e-05 0.00042762
15.37008333 -0.0003175385802 0.00028235
15.37008334 6.807326451e-05 0.0003328
15.37008025 -0.0001649329487 0.00040243
15.37124774 -0.000246826037 0.00035165
15.37124466 -0.0001259054722 0.00032364
15.37124466 -0.0001219107669 0.00030514
15.37124157 -0.0004676487671 0.00031487
15.37235361 -0.0001135383116 0.00038977
15.37235054 0.0004329853528 0.00041789
15.37235054 0.0005196827977 0.00037114
15.37234746 0.0008576956753 0.0004292
44.16917767 -0.0003307835399 0.00040664
44.16917459 -0.0001553626725 0.00034659
44.16917459 -0.0004303468962 0.00038078
44.17033591 -0.0001547887666 0.00033732
44.17033284 0.0003863999452 0.00030841
44.17033283 -6.341540403e-05 0.00036732
44.17032976 0.0003359287354 0.00041169
44.17144178 -0.0007531300977 0.00035788
44.1714387 -0.0006644855599 0.00038239
44.17143563 4.912008101e-05 0.00037241
55.23553932 5.046691302e-06 0.00034061
55.23553624 -0.0002361012507 0.00030011
55.23553624 -0.0003440423961 0.00028761
55.23553316 6.882738818e-06 0.00031082
55.2367099 0.0007831526298 0.00037834
55.23670681 0.0004919072667 0.00036202
55.2367068 -6.595880665e-05 0.00032853
55.23670374 0.001051090251 0.0003839
55.23780959 -0.0006179969329 0.00036691
55.23780651 -0.0004573166391 0.00037924
55.23780651 -0.0003904183728 0.00036388
55.23780343 -0.0003819346887 0.00038152
56.22493565 -0.000697929098 0.00033481
56.22493258 -2.255105162e-05 0.00030814
56.22493257 -0.0002450700045 0.00035423
56.2249295 0.0001591564542 0.00040398
56.22610006 0.0001297093992 0.00027887
56.22609698 0.0002630286063 0.00027943
56.22609698 0.000499160375 0.0002757
56.2260939 0.000118670988 0.00029658
56.22720593 -4.104337863e-06 0.00036858
56.22720286 0.0004855137791 0.0003304
56.22720285 0.0001542623523 0.0003176
56.22719977 1.896357396e-05 0.00035217
58.23257962 0.0005299409274 0.00029433
58.23257653 0.000135962565 0.00028243
58.23257653 -6.049994537e-05 0.00032799
58.23257345 0.0003306764819 0.00032943
58.23374093 -0.0003266099127 0.00031125
58.23373785 -4.962944123e-05 0.00028729
58.23373785 -0.0001723452248 0.00029867
58.23373477 -0.0001614577313 0.0003168
58.23485297 0.0005471964956 0.00030437
58.23484989 0.000107537173 0.00028639
58.23484988 -0.000257482005 0.00032207
58.23484681 0.000413975449 0.00029781
59.23760295 -0.0006871591675 0.00037911
59.23759987 -0.0001166919605 0.00029221
59.23759988 0.0004602473393 0.00043153
59.2375968 -2.210022281e-05 0.00040628
59.23877044 0.0002469150439 0.00027608
59.23876736 0.00023284368 0.00026753
59.23876736 0.0002527880451 0.00028471
59.23876428 8.651560841e-06 0.0002873
59.23987631 1.873911175e-06 0.00034179
59.23987323 -6.731542076e-05 0.00031112
59.23987323 3.207977181e-06 0.00035356
59.23987015 -0.0004804797476 0.00037099
63.226966 -0.0002536168603 0.00035951
63.22696292 -4.082682612e-05 0.00029324
63.22696291 -0.000545471906 0.0002975
63.22695984 -7.846741822e-05 0.00031822
63.22813348 0.0001215174295 0.00031506
63.2281304 -0.0002136338475 0.00030932
63.2281304 -0.0002373589705 0.0003541
63.22812732 -0.0002302502085 0.00034463
63.22924244 0.0006407413384 0.00029113
63.22923936 0.0001441344788 0.0002684
63.22923936 0.0004215571444 0.00031591
63.22923628 6.241123856e-05 0.00033071
73.19882729 0.0001308060461 0.00038387
73.19882421 -0.0003070303325 0.00037084
73.19882421 -0.0005655952496 0.0003536
73.19882112 -0.0008387763536 0.00037721
73.1999917 0.0001499857178 0.00036006
73.19998861 -0.0001638966242 0.00033505
73.19998862 0.0002480761426 0.00035112
73.19998553 -0.0004263493632 0.0003378
73.20110373 0.000114010028 0.00034766
73.20110065 3.192832426e-05 0.00031052
73.20110065 2.491288043e-05 0.00029568
73.20109758 0.0007818067346 0.00039143
74.04848929 0.0002371895251 0.00029252
74.04848621 -4.099352036e-05 0.00025588
74.04848621 -0.0001825296 0.00029379
74.04848313 0.0003498637939 0.00030867
74.0496537 0.0004487229285 0.00028407
74.04965061 0.0001807731305 0.00024548
74.04965061 0.0004057649051 0.0002788
74.04964753 0.000446285598 0.00027701
74.05076265 0.0006550102999 0.00035615
74.05075956 -1.060481076e-05 0.00031247
74.05075956 -0.0001119243333 0.00037141
74.05075648 0.0001039625029 0.00038516
105.1304406 0.0002618467609 0.00032225
105.1304375 -6.560387135e-05 0.00028978
105.1304375 -0.0002197972136 0.00033222
105.1304345 -0.0003351533816 0.00033282
105.1316019 -0.000260463443 0.00034175
105.1315989 -0.0003935925795 0.00027913
105.1315989 -0.0003011980667 0.00024961
105.1315958 -0.0002422292855 0.00031618
105.1327109 0.0005596224059 0.00033491
105.1327078 -0.0001734212407 0.00028979
105.1327078 -0.0004259968559 0.00033756
105.1327047 -0.0003932453597 0.00032732
133.0613802 -5.970831502e-05 0.00028902
133.0613771 7.732086114e-05 0.00024079
133.0613771 -6.995157615e-05 0.00025373
133.061374 8.930539799e-05 0.0002489
133.0625446 5.707646502e-05 0.00028342
133.0625415 7.081125661e-05 0.00023355
133.0625415 9.456001362e-05 0.0002225
133.0625384 0.0002345479238 0.00025886
133.0636535 -0.0001127410389 0.00029736
133.0636505 -0.0002649955376 0.00030599
133.0636505 0.0002823060492 0.00029682
133.0636474 7.198651593e-05 0.00030954
163.0805423 5.134304832e-05 0.00026774
163.0805393 -0.0001618622659 0.00024939
163.0805393 9.268091464e-05 0.00026382
163.0805362 2.323187076e-05 0.00027587
163.0817068 0.0003144381466 0.00029445
163.0817037 4.080118094e-05 0.00029064
163.0817037 0.0002150656515 0.00026772
163.0817006 0.0003906666091 0.0003112
163.0828126 -0.000232050081 0.00037461
163.0828095 -0.0003114082268 0.00033604
163.0828095 -7.985593247e-05 0.0003179
163.0828065 -0.0005654409346 0.00036563
-161.3904223 0.000392840596 0.00042494
-161.3904254 -8.175986425e-05 0.00045167
-161.3904254 0.0003538024363 0.0003824
-161.3904285 0.000454622264 0.00043738
-161.3894335 0.001026066063 0.00044785
-161.3894366 -0.0008790749859 0.00039722
-161.3894366 -7.713885015e-05 0.0004287
