MODE 1
C GUPPI_GBNCC08466_55199    375.226  55199.0148832794763    0.00 1531.00        1
C GUPPI_GBNCC08466_55199    324.931  55199.0148807591171    0.00 3255.60        1
C GUPPI_GBNCC08466_55199    375.212  55199.0155240326431    0.00 1519.74        1
C GUPPI_GBNCC08466_55199    324.911  55199.0155214666776    0.00 1712.63        1
 GUPPI_J2327+62_0_57072    867.239  57072.5968507799142    0.00  420.78        1
 GUPPI_J2327+62_0_57072    769.800  57072.5968479465792    0.00  339.57        1
 GUPPI_J2327+62_0_57072    867.292  57072.5978458111338    0.00  461.93        1
 GUPPI_J2327+62_0_57072    769.575  57072.5978429716204    0.00  463.49        1
 GUPPI_J2327+62_5_57072    769.629  57072.6079349569274    0.00  985.13        1
 GUPPI_J2327+62_5_57072    867.175  57072.6089235547255    0.00 1385.62        1
 GUPPI_J2327+62_5_57072    769.596  57072.6089207147893    0.00 1154.65        1
 GUPPI_J2327+62_57078_7    866.079  57078.8386306173613    0.00  148.23        1
 GUPPI_J2327+62_57078_7    769.578  57078.8386277584673    0.00  185.43        1
 GUPPI_J2327+62_57078_7    865.800  57078.8403280190616    0.00  199.55        1
 GUPPI_J2327+62_57078_7    769.610  57078.8403251479412    0.00  246.91        1
 GUPPI_J2327+62_57101_7    865.862  57101.8426355287082    0.00  160.82        1
 GUPPI_J2327+62_57101_7    769.544  57101.8426326695826    0.00  158.54        1
 GUPPI_J2327+62_57101_7    865.942  57101.8443298183627    0.00  170.74        1
 GUPPI_J2327+62_57101_7    769.648  57101.8443269538929    0.00  175.60        1
 GUPPI_J2327+62_57131_6    864.887  57131.7457923939976    0.00  167.09        1
 GUPPI_J2327+62_57131_6    769.580  57131.7457895011265    0.00  191.01        1
 GUPPI_J2327+62_57131_6    864.671  57131.7474774040113    0.00  162.57        1
 GUPPI_J2327+62_57131_6    769.577  57131.7474775901854    0.00  151.00        1
 GUPPI_J2327+62_57161_4    865.826  57161.4677071483646    0.00  159.20        1
 GUPPI_J2327+62_57161_4    769.545  57161.4677042873585    0.00  176.99        1
 GUPPI_J2327+62_57161_4    866.063  57161.4693982570264    0.00  165.40        1
 GUPPI_J2327+62_57161_4    769.542  57161.4693954024734    0.00  203.60        1
 GUPPI_J2327+62_57192_3    864.548  57192.3994907236581    0.00  183.19        1
 GUPPI_J2327+62_57192_3    770.585  57192.3994908530944    0.00  207.87        1
 GUPPI_J2327+62_57192_3    865.329  57192.4011940951257    0.00  207.14        1
 GUPPI_J2327+62_57192_3    770.330  57192.4011911930128    0.00  192.39        1
 GUPPI_J2327+62_57220_2    866.743  57220.2883432438933    0.00  181.29        1
 GUPPI_J2327+62_57220_2    768.623  57220.2883404462459    0.00  169.35        1
 GUPPI_J2327+62_57220_2    866.738  57220.2900312354551    0.00  157.33        1
 GUPPI_J2327+62_57220_2    768.657  57220.2900284295316    0.00  201.83        1
 GUPPI_J2327+62_57249_3    866.270  57249.3685431895909    0.00  137.83        1
 GUPPI_J2327+62_57249_3    769.571  57249.3685403408489    0.00  147.54        1
 GUPPI_J2327+62_57249_3    865.925  57249.3702373550231    0.00  154.03        1
 GUPPI_J2327+62_57249_3    769.510  57249.3702345011360    0.00  163.89        1
 GUPPI_J2327+62_57278_1    866.795  57278.1663829228335    0.00  174.67        1
 GUPPI_J2327+62_57278_1    769.625  57278.1663800829497    0.00  208.47        1
 GUPPI_J2327+62_57278_1    866.762  57278.1680740137400    0.00  135.95        1
 GUPPI_J2327+62_57278_1    769.623  57278.1680711765020    0.00  170.81        1
 GUPPI_J2327+62_57289_2    865.296  57289.2323954921029    0.00  154.24        1
 GUPPI_J2327+62_57289_2    770.468  57289.2323925762741    0.00  136.05        1
 GUPPI_J2327+62_57289_2    865.653  57289.2340896668345    0.00  171.77        1
 GUPPI_J2327+62_57289_2    770.375  57289.2340867659806    0.00  172.10        1
 GUPPI_J2327+62_57290_1    866.441  57290.2217709102142    0.00  137.81        1
 GUPPI_J2327+62_57290_1    769.648  57290.2217680636135    0.00  147.93        1
 GUPPI_J2327+62_57290_1    866.756  57290.2234558551795    0.00  134.36        1
 GUPPI_J2327+62_57290_1    769.726  57290.2234530112568    0.00  142.70        1
 GUPPI_J2327+62_57292_1    866.666  57292.2293592728720    0.00  121.90        1
 GUPPI_J2327+62_57292_1    769.695  57292.2293564251339    0.00  136.56        1
 GUPPI_J2327+62_57292_1    866.768  57292.2310442218800    0.00  132.80        1
 GUPPI_J2327+62_57292_1    769.705  57292.2310413799446    0.00  141.54        1
 GUPPI_J2327+62_57293_2    866.883  57293.2343606060419    0.00  133.07        1
 GUPPI_J2327+62_57293_2    769.963  57293.2343577573387    0.00  163.64        1
 GUPPI_J2327+62_57293_2    866.881  57293.2360424812126    0.00  128.43        1
 GUPPI_J2327+62_57293_2    769.876  57293.2360396349022    0.00  143.90        1
 GUPPI_J2327+62_57297_1    866.165  57297.2236260211330    0.00  128.34        1
 GUPPI_J2327+62_57297_1    769.999  57297.2236231474474    0.00  134.34        1
 GUPPI_J2327+62_57297_1    867.331  57297.2253171096152    0.00  138.17        1
 GUPPI_J2327+62_57297_1    769.936  57297.2253142754337    0.00  142.92        1
 GUPPI_J2327+62_57307_1    866.958  57307.1953207977528    0.00  164.19        1
 GUPPI_J2327+62_57307_1    769.995  57307.1953179446507    0.00  151.30        1
 GUPPI_J2327+62_57307_1    866.618  57307.1970119406723    0.00  145.53        1
 GUPPI_J2327+62_57307_1    770.035  57307.1970090839266    0.00  134.27        1
 GUPPI_J2327+62_57308_0    866.370  57308.0449693522612    0.00  121.63        1
 GUPPI_J2327+62_57308_0    769.779  57308.0449664962102    0.00  119.68        1
 GUPPI_J2327+62_57308_0    866.112  57308.0466635770701    0.00  117.00        1
 GUPPI_J2327+62_57308_0    769.827  57308.0466607103466    0.00  133.21        1
 GUPPI_J2327+62_57339_1    865.880  57339.1269950939542    0.00  136.42        1
 GUPPI_J2327+62_57339_1    769.653  57339.1269922295885    0.00  144.24        1
 GUPPI_J2327+62_57339_1    865.675  57339.1286893636649    0.00  132.28        1
 GUPPI_J2327+62_57339_1    769.743  57339.1286864846354    0.00  137.53        1
 GUPPI_J2327+62_57367_0    866.153  57367.0587377634283    0.00  116.45        1
 GUPPI_J2327+62_57367_0    769.681  57367.0587349063777    0.00  106.08        1
 GUPPI_J2327+62_57367_0    866.053  57367.0604259088273    0.00  115.45        1
 GUPPI_J2327+62_57367_0    769.504  57367.0604230553340    0.00  105.94        1
 GUPPI_J2327+62_57397_0    865.734  57397.0793117196804    0.00  118.22        1
 GUPPI_J2327+62_57397_0    769.255  57397.0793088671633    0.00  129.56        1
 GUPPI_J2327+62_57397_0    866.016  57397.0810029539079    0.00  140.99        1
 GUPPI_J2327+62_57397_0    769.267  57397.0810001074205    0.00  147.25        1
 GUPPI_J2327+62_6_57072    866.609  57072.6101712003188    0.00  267.36        1
 GUPPI_J2327+62_6_57072    769.736  57072.6101683570541    0.00  216.98        1
 GUPPI_J2327+62_6_57072    866.870  57072.6111600564173    0.00  228.49        1
 GUPPI_J2327+62_6_57072    769.667  57072.6111572199382    0.00  245.36        1
