# File: GUPPI_J2145+21_1_56821_31378_0001.f128.paz Src: J2145+21 Nsub: 29 Nch: 1 Npol: 1 Nbin: 128 RMS: 0.00320566
0 0 0 0.00138391
0 0 1 0.00460457
0 0 2 0.00385264
0 0 3 0.00649013
0 0 4 0.00219984
0 0 5 0.0106808
0 0 6 0.00136795
0 0 7 -0.00309063
0 0 8 0.00288627
0 0 9 0.000600553
0 0 10 0.00221089
0 0 11 -0.000160128
0 0 12 -0.0013519
0 0 13 0.00120422
0 0 14 0.00118066
0 0 15 0.0030779
0 0 16 0.0110545
0 0 17 0.000841225
0 0 18 0.00933149
0 0 19 0.00342179
0 0 20 -0.00758727
0 0 21 0.000524475
0 0 22 0.0014116
0 0 23 -0.00408061
0 0 24 -0.00228709
0 0 25 -0.000461992
0 0 26 0.00164896
0 0 27 0.00334446
0 0 28 0.00687189
0 0 29 0.00374725
0 0 30 -0.000401754
0 0 31 -0.000967697
0 0 32 -0.00158451
0 0 33 0.00217302
0 0 34 -0.000355175
0 0 35 0.00200305
0 0 36 -0.000479717
0 0 37 0.00510209
0 0 38 -0.000685292
0 0 39 0.00125459
0 0 40 0.00282378
0 0 41 -0.000396544
0 0 42 0.001947
0 0 43 0.00138136
0 0 44 -0.000409034
0 0 45 -0.000306425
0 0 46 0.00273991
0 0 47 0.00295059
0 0 48 0.000880918
0 0 49 -0.00621238
0 0 50 -0.000620373
0 0 51 0.0024078
0 0 52 0.000918339
0 0 53 -0.00396872
0 0 54 0.00719671
0 0 55 0.00962026
0 0 56 0.00296887
0 0 57 0.00675591
0 0 58 -0.00310463
0 0 59 0.00454124
0 0 60 0.000839291
0 0 61 0.000408682
0 0 62 0.0035847
0 0 63 -0.00236916
0 0 64 0.00208094
0 0 65 0.000392977
0 0 66 0.000249528
0 0 67 -0.00147986
0 0 68 0.000477913
0 0 69 -0.000298042
0 0 70 0.00449267
0 0 71 0.00178001
0 0 72 0.00168929
0 0 73 0.00493265
0 0 74 -0.000787519
0 0 75 0.00358888
0 0 76 0.00179534
0 0 77 0.00321474
0 0 78 -0.00347811
0 0 79 -0.00185623
0 0 80 3.42494e-05
0 0 81 -0.00108123
0 0 82 -0.00582971
0 0 83 -0.00280393
0 0 84 -0.0053419
0 0 85 -0.000521847
0 0 86 0.00563747
0 0 87 0.00192281
0 0 88 0.00395031
0 0 89 0.000518317
0 0 90 0.00170523
0 0 91 0.00374211
0 0 92 -0.00106156
0 0 93 0.00387492
0 0 94 -0.0057432
0 0 95 -0.00277422
0 0 96 -0.00191846
0 0 97 0.0071404
0 0 98 -0.000530713
0 0 99 0.0109632
0 0 100 0.00116589
0 0 101 0.00626864
0 0 102 0.00496158
0 0 103 0.00176317
0 0 104 0.00124416
0 0 105 0.00806879
0 0 106 0.00435935
0 0 107 0.00147934
0 0 108 0.00325027
0 0 109 -0.00180736
0 0 110 -0.00214861
0 0 111 0.00019465
0 0 112 0.00413309
0 0 113 -0.00399863
0 0 114 0.00243434
0 0 115 0.00104954
0 0 116 -0.00631972
0 0 117 -0.00124221
0 0 118 -0.00117045
0 0 119 -0.000914154
0 0 120 -0.00448192
0 0 121 -0.00401068
0 0 122 0.00211412
0 0 123 0.00552699
0 0 124 -0.00385946
0 0 125 0.000593344
0 0 126 0.00105568
0 0 127 0.000912293
1 0 0 8.18092e-05
1 0 1 0.000853595
1 0 2 0.00610853
1 0 3 -0.00157121
1 0 4 0.00454031
1 0 5 -0.00197057
1 0 6 0.000331929
1 0 7 -0.00195679
1 0 8 0.00378913
1 0 9 0.002226
1 0 10 0.00224191
1 0 11 0.0105618
1 0 12 0.00374038
1 0 13 0.00528469
1 0 14 0.0040564
1 0 15 0.00360175
1 0 16 0.00972995
1 0 17 0.00131344
1 0 18 -0.00116954
1 0 19 -0.000986744
1 0 20 -6.02675e-05
1 0 21 -0.00695848
1 0 22 -0.00369159
1 0 23 -0.00310852
1 0 24 0.00466949
1 0 25 0.00352978
1 0 26 0.00207639
1 0 27 0.000242044
1 0 28 -0.0014846
1 0 29 0.00361241
1 0 30 -0.00530018
1 0 31 0.000326218
1 0 32 -0.000521438
1 0 33 0.00503944
1 0 34 0.00546427
1 0 35 -5.68809e-05
1 0 36 -0.00234725
1 0 37 0.0066154
1 0 38 0.00331773
1 0 39 0.00279501
1 0 40 0.0114341
1 0 41 0.00791065
1 0 42 0.00517267
1 0 43 0.00183078
1 0 44 -0.00319317
1 0 45 0.0052281
1 0 46 0.00878438
1 0 47 0.000292191
1 0 48 -0.00126767
1 0 49 -0.00285913
1 0 50 -0.00531841
1 0 51 0.00749701
1 0 52 0.000226167
1 0 53 0.00171975
1 0 54 -0.00250877
1 0 55 -0.000538042
1 0 56 0.0034254
1 0 57 0.000315406
1 0 58 0.00263138
1 0 59 0.00374437
1 0 60 0.000477488
1 0 61 0.000509413
1 0 62 0.00816072
1 0 63 0.00502744
1 0 64 0.0068897
1 0 65 0.00417287
1 0 66 -0.00486087
1 0 67 0.00421215
1 0 68 0.00152387
1 0 69 0.00433089
1 0 70 0.00187418
1 0 71 -0.00517851
1 0 72 0.0088486
1 0 73 0.00248797
1 0 74 0.000712239
1 0 75 0.00463485
1 0 76 -0.00821941
1 0 77 -0.00315823
1 0 78 0.00371825
1 0 79 -0.00330381
1 0 80 -0.00506167
1 0 81 -0.00165884
1 0 82 0.000163786
1 0 83 0.00241364
1 0 84 -0.00323687
1 0 85 -0.000996505
1 0 86 -0.000110519
1 0 87 -0.00178727
1 0 88 -0.00159907
1 0 89 0.00562825
1 0 90 0.000834987
1 0 91 -0.00140497
1 0 92 0.00388277
1 0 93 -0.00587303
1 0 94 -0.00322479
1 0 95 -0.0011322
1 0 96 -6.26866e-05
1 0 97 0.000278015
1 0 98 -0.00850646
1 0 99 0.00277225
1 0 100 -0.00085235
1 0 101 -0.00240025
1 0 102 -0.00629979
1 0 103 -0.00395296
1 0 104 0.00671399
1 0 105 0.00201336
1 0 106 0.00198957
1 0 107 0.00196517
1 0 108 0.00506546
1 0 109 0.00360289
1 0 110 -0.00603548
1 0 111 0.00102738
1 0 112 -0.00280109
1 0 113 0.00065573
1 0 114 0.00421762
1 0 115 0.000953033
1 0 116 0.00553721
1 0 117 -0.00140272
1 0 118 0.00286221
1 0 119 0.00269494
1 0 120 0.0045059
1 0 121 -0.00368688
1 0 122 0.0060425
1 0 123 -0.000649424
1 0 124 0.00328988
1 0 125 -1.7013e-05
1 0 126 0.00776254
1 0 127 0.00360911
2 0 0 0.00302409
2 0 1 0.0029067
2 0 2 0.00835049
2 0 3 0.000924454
2 0 4 -0.0042894
2 0 5 0.000971823
2 0 6 -0.000648197
2 0 7 0.00414465
2 0 8 -0.000222138
2 0 9 -0.00399574
2 0 10 0.000362452
2 0 11 -0.00110026
2 0 12 -0.00195316
2 0 13 0.00271302
2 0 14 0.000841427
2 0 15 0.00404969
2 0 16 -0.00269272
2 0 17 -0.000921863
2 0 18 0.0053126
2 0 19 0.00256368
2 0 20 0.00502577
2 0 21 0.00910122
2 0 22 -0.00586655
2 0 23 0.00850591
2 0 24 -0.000496014
2 0 25 0.00157443
2 0 26 0.00589895
2 0 27 0.00401402
2 0 28 0.00418336
2 0 29 0.00161392
2 0 30 -0.00474687
2 0 31 -0.00166436
2 0 32 -0.00285397
2 0 33 0.00485099
2 0 34 0.000316835
2 0 35 0.00495574
2 0 36 0.00249804
2 0 37 -0.00185121
2 0 38 0.00100838
2 0 39 0.00592768
2 0 40 0.000520294
2 0 41 0.000522155
2 0 42 0.000987427
2 0 43 -0.00222634
2 0 44 0.00457289
2 0 45 -0.00385373
2 0 46 0.00217559
2 0 47 0.000929435
2 0 48 -0.00393084
2 0 49 -0.00575487
2 0 50 0.00371627
2 0 51 0.000805611
2 0 52 -0.00925633
2 0 53 0.00166283
2 0 54 -0.00867139
2 0 55 0.000164512
2 0 56 -0.00546257
2 0 57 0.000586323
2 0 58 -0.00206961
2 0 59 -0.00529717
2 0 60 -0.00111065
2 0 61 0.00252281
2 0 62 -0.00286328
2 0 63 0.00344191
2 0 64 0.00165875
2 0 65 0.000781064
2 0 66 0.00969063
2 0 67 -0.0015574
2 0 68 -0.000286345
2 0 69 -0.00115524
2 0 70 0.00823737
2 0 71 0.00137852
2 0 72 0.00193279
2 0 73 0.000226395
2 0 74 -0.0018653
2 0 75 -0.00181947
2 0 76 -0.00058233
2 0 77 -0.00557042
2 0 78 -0.000243994
2 0 79 -0.00317792
2 0 80 0.0018874
2 0 81 -0.00590523
2 0 82 -0.00244844
2 0 83 0.0047006
2 0 84 0.000231414
2 0 85 -0.0019891
2 0 86 0.0013099
2 0 87 0.00164425
2 0 88 -0.00748325
2 0 89 -0.00735511
2 0 90 0.00145106
2 0 91 -0.00631134
2 0 92 -0.00111887
2 0 93 -0.00120344
2 0 94 0.00112906
2 0 95 -0.00191023
2 0 96 -0.00207028
2 0 97 0.00435911
2 0 98 0.00449084
2 0 99 0.000370782
2 0 100 -0.000832903
2 0 101 0.000549676
2 0 102 0.0082003
2 0 103 0.00302093
2 0 104 0.00167005
2 0 105 0.00228439
2 0 106 0.00212757
2 0 107 -0.00144774
2 0 108 -0.000238507
2 0 109 0.00267655
2 0 110 0.00337609
2 0 111 0.00786806
2 0 112 0.00331352
2 0 113 -0.00338712
2 0 114 0.00310541
2 0 115 0.000436638
2 0 116 0.00105762
2 0 117 -0.00165522
2 0 118 1.78237e-05
2 0 119 -0.000488015
2 0 120 0.00538064
2 0 121 0.00476212
2 0 122 -0.00202786
2 0 123 0.0021397
2 0 124 0.000464498
2 0 125 0.000202946
2 0 126 0.00434821
2 0 127 0.000171096
3 0 0 0.00171714
3 0 1 -0.00546112
3 0 2 -0.00671015
3 0 3 -0.00533201
3 0 4 -0.00874847
3 0 5 -0.00192097
3 0 6 0.00585767
3 0 7 -0.00188679
3 0 8 0.00432411
3 0 9 -0.000583196
3 0 10 -0.00148281
3 0 11 -0.00473848
3 0 12 -0.00422503
3 0 13 -0.004595
3 0 14 0.00269319
3 0 15 -0.001569
3 0 16 0.00131403
3 0 17 -0.00160407
3 0 18 0.00759226
3 0 19 -0.00119736
3 0 20 0.00227567
3 0 21 0.00722382
3 0 22 -0.00253077
3 0 23 0.00323877
3 0 24 0.00726114
3 0 25 0.000181678
3 0 26 0.000618082
3 0 27 -0.00313409
3 0 28 0.00102402
3 0 29 -0.00232013
3 0 30 0.00822692
3 0 31 -0.000387335
3 0 32 0.00426706
3 0 33 0.00266102
3 0 34 0.0041277
3 0 35 -0.00509414
3 0 36 0.00244934
3 0 37 0.00475445
3 0 38 0.000182879
3 0 39 -0.000148864
3 0 40 0.000295705
3 0 41 0.000948998
3 0 42 -0.00325289
3 0 43 0.000326918
3 0 44 0.00395868
3 0 45 0.00502767
3 0 46 0.00175362
3 0 47 -0.00650594
3 0 48 0.00337747
3 0 49 0.000302068
3 0 50 0.00204459
3 0 51 -0.00171023
3 0 52 0.00325445
3 0 53 0.00251371
3 0 54 0.00234775
3 0 55 -0.000794808
3 0 56 0.000866632
3 0 57 -0.00246584
3 0 58 0.000735363
3 0 59 -0.00138762
3 0 60 -0.00418788
3 0 61 0.00420588
3 0 62 0.0015352
3 0 63 0.00382274
3 0 64 0.000289739
3 0 65 0.00141551
3 0 66 -0.00179063
3 0 67 0.0025522
3 0 68 0.000844832
3 0 69 -0.00302828
3 0 70 -0.00104935
3 0 71 0.0062419
3 0 72 0.00328434
3 0 73 0.00273354
3 0 74 -0.00442656
3 0 75 -0.000612298
3 0 76 -0.00199715
3 0 77 0.000191759
3 0 78 0.00156483
3 0 79 -0.00314963
3 0 80 -0.00482962
3 0 81 -0.00634137
3 0 82 0.00038289
3 0 83 0.0049562
3 0 84 0.00416366
3 0 85 0.00662111
3 0 86 0.00264445
3 0 87 0.00365329
3 0 88 0.000245959
3 0 89 -0.00222629
3 0 90 0.000583047
3 0 91 -0.00166361
3 0 92 -0.00197962
3 0 93 -0.00139189
3 0 94 -0.00329305
3 0 95 0.0046575
3 0 96 -0.00314798
3 0 97 4.44648e-06
3 0 98 0.00329649
3 0 99 -0.00235985
3 0 100 0.0018581
3 0 101 -0.00573313
3 0 102 -0.00430185
3 0 103 -0.00228929
3 0 104 -0.00304789
3 0 105 -0.00692872
3 0 106 0.000729273
3 0 107 -0.00280266
3 0 108 -5.07268e-06
3 0 109 0.00436903
3 0 110 -0.00318687
3 0 111 0.00142514
3 0 112 -0.00525735
3 0 113 -0.000401861
3 0 114 -0.00407036
3 0 115 -0.000273832
3 0 116 0.000607972
3 0 117 -0.00117232
3 0 118 -0.00585779
3 0 119 0.00501716
3 0 120 -0.00177703
3 0 121 -0.00182917
3 0 122 0.00277457
3 0 123 0.00123908
3 0 124 -0.000521247
3 0 125 -0.0016904
3 0 126 -4.38736e-05
3 0 127 -0.00518258
4 0 0 -0.000522832
4 0 1 -0.000837852
4 0 2 0.00330468
4 0 3 0.000345237
4 0 4 0.00202686
4 0 5 0.00246363
4 0 6 -0.000864289
4 0 7 -0.0072818
4 0 8 0.000331873
4 0 9 -0.00228636
4 0 10 0.00159252
4 0 11 0.00709522
4 0 12 0.00283968
4 0 13 -0.00253185
4 0 14 0.00232915
4 0 15 0.00778435
4 0 16 0.00977814
4 0 17 0.0015947
4 0 18 -0.000196555
4 0 19 -0.000636423
4 0 20 0.00315922
4 0 21 -0.00317092
4 0 22 -0.00438568
4 0 23 -0.000899141
4 0 24 0.00178397
4 0 25 -0.00386268
4 0 26 2.24198e-05
4 0 27 -0.00721779
4 0 28 0.00300014
4 0 29 0.00422571
4 0 30 -0.00095108
4 0 31 -0.00553026
4 0 32 0.00687547
4 0 33 -0.00405695
4 0 34 -0.00159599
4 0 35 -0.00462203
4 0 36 0.00430772
4 0 37 0.00143911
4 0 38 -0.00220531
4 0 39 -0.00208074
4 0 40 0.00589603
4 0 41 -0.000787444
4 0 42 0.00530979
4 0 43 -0.000935661
4 0 44 0.00259437
4 0 45 -0.00226978
4 0 46 -0.000264412
4 0 47 -0.00406797
4 0 48 0.000610673
4 0 49 0.00436274
4 0 50 0.00284083
4 0 51 -0.0020412
4 0 52 9.76576e-05
4 0 53 -0.00295827
4 0 54 -0.00138495
4 0 55 -0.00147938
4 0 56 -0.00306166
4 0 57 -0.000747172
4 0 58 0.00377387
4 0 59 -0.00174229
4 0 60 0.00230009
4 0 61 0.00751163
4 0 62 -0.00354494
4 0 63 -0.0035613
4 0 64 0.00035725
4 0 65 0.00229493
4 0 66 0.00098733
4 0 67 -0.00209159
4 0 68 -0.005815
4 0 69 0.00105125
4 0 70 -0.00305656
4 0 71 -0.00261029
4 0 72 0.000807851
4 0 73 -0.00323553
4 0 74 0.00373355
4 0 75 0.00329395
4 0 76 -0.00362397
4 0 77 0.00171721
4 0 78 0.00778861
4 0 79 0.00196033
4 0 80 -0.00112884
4 0 81 -0.0024385
4 0 82 0.00110837
4 0 83 0.00210822
4 0 84 -0.00103447
4 0 85 0.00800192
4 0 86 0.00810323
4 0 87 -0.000826236
4 0 88 0.00127708
4 0 89 0.00506271
4 0 90 0.000423562
4 0 91 0.000419785
4 0 92 -0.00295594
4 0 93 -0.000379123
4 0 94 0.0050678
4 0 95 0.00409796
4 0 96 0.0016123
4 0 97 0.0012331
4 0 98 -0.00579741
4 0 99 -0.000858917
4 0 100 0.000833361
4 0 101 -0.00405239
4 0 102 0.00291008
4 0 103 0.00143268
4 0 104 -0.000503291
4 0 105 -0.00366787
4 0 106 0.000368801
4 0 107 -0.00176761
4 0 108 0.00430984
4 0 109 0.000605017
4 0 110 -0.00417922
4 0 111 -0.0013129
4 0 112 0.000674549
4 0 113 -0.000285173
4 0 114 0.00453005
4 0 115 -0.000719507
4 0 116 0.00511896
4 0 117 -0.000255806
4 0 118 -0.000600092
4 0 119 0.0040231
4 0 120 -0.00653209
4 0 121 0.00175743
4 0 122 -8.01452e-05
4 0 123 0.00671835
4 0 124 0.00149999
4 0 125 -0.00196292
4 0 126 -0.00113243
4 0 127 0.00168035
5 0 0 -0.0043108
5 0 1 -0.00121216
5 0 2 -0.00160908
5 0 3 0.00450653
5 0 4 -0.00619446
5 0 5 0.00363054
5 0 6 0.0013453
5 0 7 -0.000318836
5 0 8 0.00684222
5 0 9 0.00478999
5 0 10 0.00107019
5 0 11 0.00133842
5 0 12 0.00587837
5 0 13 0.00158345
5 0 14 0.00801689
5 0 15 0.00608821
5 0 16 0.00798306
5 0 17 -0.00393816
5 0 18 0.00231356
5 0 19 0.00445117
5 0 20 -0.00025219
5 0 21 0.00278468
5 0 22 0.00231606
5 0 23 0.00138853
5 0 24 0.00151775
5 0 25 0.00230239
5 0 26 0.0026235
5 0 27 0.0112988
5 0 28 0.00998649
5 0 29 0.00111832
5 0 30 0.00291082
5 0 31 0.00612973
5 0 32 -2.86638e-05
5 0 33 0.00256752
5 0 34 0.00345408
5 0 35 0.00391166
5 0 36 -0.00140574
5 0 37 4.52928e-05
5 0 38 0.00243357
5 0 39 0.010391
5 0 40 -0.00381658
5 0 41 0.00590304
5 0 42 -0.00133841
5 0 43 0.000401768
5 0 44 0.0024853
5 0 45 0.00281728
5 0 46 -0.00309962
5 0 47 0.00364979
5 0 48 0.00180233
5 0 49 0.00347327
5 0 50 0.00191931
5 0 51 0.00141982
5 0 52 4.27194e-05
5 0 53 -0.00381106
5 0 54 -0.00424568
5 0 55 -0.000825909
5 0 56 0.00285989
5 0 57 0.00305367
5 0 58 -0.001175
5 0 59 -0.00254792
5 0 60 0.00255268
5 0 61 -0.000956389
5 0 62 0.00599247
5 0 63 0.00167357
5 0 64 0.00696246
5 0 65 0.00679389
5 0 66 0.00270292
5 0 67 0.0013894
5 0 68 -0.00290618
5 0 69 0.00284127
5 0 70 0.00187427
5 0 71 -0.00428056
5 0 72 -0.00193849
5 0 73 -0.00390298
5 0 74 0.0032137
5 0 75 -0.000855947
5 0 76 0.0056239
5 0 77 0.00126496
5 0 78 -0.00153288
5 0 79 0.00331687
5 0 80 -0.00696486
5 0 81 -5.71647e-05
5 0 82 0.00102961
5 0 83 -0.00141734
5 0 84 0.00170625
5 0 85 -0.00214728
5 0 86 0.000738099
5 0 87 0.00152738
5 0 88 0.00254138
5 0 89 0.00025219
5 0 90 0.00196477
5 0 91 -0.00217233
5 0 92 0.0017669
5 0 93 -0.00125383
5 0 94 4.34002e-05
5 0 95 0.00190793
5 0 96 0.0010028
5 0 97 -0.0012851
5 0 98 0.00318971
5 0 99 -0.00766334
5 0 100 0.00430156
5 0 101 0.00161516
5 0 102 0.00854613
5 0 103 0.00427034
5 0 104 0.00587021
5 0 105 -0.00398431
5 0 106 0.00154952
5 0 107 -0.000162356
5 0 108 0.000523813
5 0 109 0.000302599
5 0 110 0.00151144
5 0 111 0.00360113
5 0 112 -0.00685892
5 0 113 0.00712663
5 0 114 0.00250908
5 0 115 -0.00238276
5 0 116 0.000418623
5 0 117 -0.000657466
5 0 118 0.00187068
5 0 119 -0.00183937
5 0 120 -0.000780849
5 0 121 -0.00179386
5 0 122 0.00195575
5 0 123 -0.00263454
5 0 124 0.00588838
5 0 125 -0.00262516
5 0 126 0.00143415
5 0 127 0.00624188
6 0 0 -0.00859081
6 0 1 -0.00765008
6 0 2 -0.0078398
6 0 3 0.000307831
6 0 4 -0.00451982
6 0 5 -0.00316259
6 0 6 -0.00589676
6 0 7 -0.00374785
6 0 8 -0.00297638
6 0 9 0.0035956
6 0 10 -0.00272599
6 0 11 -0.00813515
6 0 12 -0.000975187
6 0 13 -0.00661059
6 0 14 0.00663154
6 0 15 -0.00159511
6 0 16 -0.00274797
6 0 17 -0.00411201
6 0 18 -0.00159186
6 0 19 -0.0031181
6 0 20 0.00240209
6 0 21 0.00267899
6 0 22 0.00193391
6 0 23 -0.00177187
6 0 24 -0.00881206
6 0 25 -0.00430807
6 0 26 -0.00486661
6 0 27 0.00183039
6 0 28 0.0192262
6 0 29 0.00916591
6 0 30 0.00405912
6 0 31 -3.99235e-05
6 0 32 -0.00340277
6 0 33 -0.00378347
6 0 34 0.00555951
6 0 35 -0.00634031
6 0 36 -0.00648465
6 0 37 -0.00172511
6 0 38 -0.00256776
6 0 39 0.00847843
6 0 40 0.00475184
6 0 41 -0.00189961
6 0 42 0.000474696
6 0 43 0.00472927
6 0 44 -0.00892266
6 0 45 -0.00259508
6 0 46 -0.0011551
6 0 47 0.00490828
6 0 48 0.00511553
6 0 49 -0.00865448
6 0 50 -0.000381048
6 0 51 -0.00263169
6 0 52 0.000178121
6 0 53 -0.000483244
6 0 54 0.00283796
6 0 55 0.00771861
6 0 56 -0.00529521
6 0 57 -0.00138219
6 0 58 -4.62465e-05
6 0 59 -0.00297986
6 0 60 0.000284723
6 0 61 0.000479705
6 0 62 -0.00232981
6 0 63 0.00376172
6 0 64 0.000410722
6 0 65 0.00350344
6 0 66 0.0044687
6 0 67 -0.00309308
6 0 68 -0.00063229
6 0 69 0.000534924
6 0 70 -0.000697394
6 0 71 0.00275344
6 0 72 0.00148211
6 0 73 -0.00187204
6 0 74 0.00210945
6 0 75 -0.00165539
6 0 76 0.00162461
6 0 77 0.00349318
6 0 78 9.26277e-05
6 0 79 0.00352009
6 0 80 -0.00296875
6 0 81 0.000913242
6 0 82 -0.00361129
6 0 83 -0.0015825
6 0 84 -0.0037515
6 0 85 -0.000723877
6 0 86 -0.00472163
6 0 87 -0.00165978
6 0 88 -0.00119555
6 0 89 0.00667142
6 0 90 0.00359444
6 0 91 -0.00475363
6 0 92 0.00299841
6 0 93 -0.00110852
6 0 94 -0.000954031
6 0 95 -0.00898103
6 0 96 -0.00825438
6 0 97 -0.00144957
6 0 98 0.00222914
6 0 99 -0.0018209
6 0 100 -0.00555028
6 0 101 -0.00241655
6 0 102 -0.000415123
6 0 103 -0.00392062
6 0 104 0.000520187
6 0 105 -0.0030595
6 0 106 -0.00155255
6 0 107 0.000182491
6 0 108 -0.00201547
6 0 109 -0.00247586
6 0 110 -0.000917221
6 0 111 -0.00399675
6 0 112 0.000668973
6 0 113 -0.00402304
6 0 114 -0.00614472
6 0 115 -0.00527828
6 0 116 -0.00045244
6 0 117 -0.000802893
6 0 118 -0.00806612
6 0 119 0.0033153
6 0 120 -0.00477924
6 0 121 0.00216577
6 0 122 -0.00776029
6 0 123 0.00431712
6 0 124 -0.00752242
6 0 125 -0.00530567
6 0 126 -0.00177772
6 0 127 0.000996302
7 0 0 0.000255546
7 0 1 -0.00182961
7 0 2 0.00134411
7 0 3 0.00348629
7 0 4 0.000192099
7 0 5 0.0044037
7 0 6 0.00700542
7 0 7 0.00133014
7 0 8 0.00605409
7 0 9 0.0017114
7 0 10 0.00390138
7 0 11 0.00669128
7 0 12 0.000880968
7 0 13 0.00420379
7 0 14 0.00386775
7 0 15 0.00274227
7 0 16 0.00343558
7 0 17 -0.00352371
7 0 18 0.00384947
7 0 19 0.00162541
7 0 20 0.000745058
7 0 21 -0.000444917
7 0 22 0.00348255
7 0 23 -0.000327067
7 0 24 0.00151564
7 0 25 0.00313078
7 0 26 0.00448426
7 0 27 0.00877832
7 0 28 0.0241051
7 0 29 0.0176371
7 0 30 0.0125188
7 0 31 0.00628364
7 0 32 0.00282866
7 0 33 0.000445236
7 0 34 -0.00315766
7 0 35 0.00268041
7 0 36 -0.00283628
7 0 37 -0.00305473
7 0 38 -0.000266953
7 0 39 0.00524794
7 0 40 -0.00432105
7 0 41 0.000137117
7 0 42 -0.00263026
7 0 43 -0.00296743
7 0 44 -0.00273013
7 0 45 -0.000944462
7 0 46 0.00408512
7 0 47 -0.000300604
7 0 48 -0.000964898
7 0 49 -0.00519906
7 0 50 -0.00474059
7 0 51 0.00131309
7 0 52 -0.000598233
7 0 53 -0.00243006
7 0 54 -0.00411821
7 0 55 -0.00093026
7 0 56 0.000898911
7 0 57 -0.00251314
7 0 58 0.00968962
7 0 59 -0.000148069
7 0 60 0.00239284
7 0 61 -0.0064827
7 0 62 0.000709396
7 0 63 0.00411856
7 0 64 -0.00316986
7 0 65 -0.00406406
7 0 66 0.000199743
7 0 67 -0.0025493
7 0 68 -0.00133211
7 0 69 -0.000464333
7 0 70 0.0023464
7 0 71 -0.000829969
7 0 72 0.00240284
7 0 73 -0.00315355
7 0 74 0.00335188
7 0 75 -0.00366352
7 0 76 0.00303483
7 0 77 -0.00165336
7 0 78 -0.000765382
7 0 79 0.00598303
7 0 80 0.0033586
7 0 81 -0.00575171
7 0 82 -0.00104189
7 0 83 0.00112316
7 0 84 0.002686
7 0 85 -0.00145729
7 0 86 -0.000365591
7 0 87 -0.00417731
7 0 88 0.00285774
7 0 89 0.00471139
7 0 90 -0.00260287
7 0 91 0.000222202
7 0 92 -0.0013972
7 0 93 0.0092807
7 0 94 -0.00195449
7 0 95 0.00103234
7 0 96 -0.00142771
7 0 97 -0.00127196
7 0 98 -0.00683193
7 0 99 -0.00100079
7 0 100 0.00381448
7 0 101 -0.00250086
7 0 102 -0.0013463
7 0 103 -0.00262449
7 0 104 0.00847767
7 0 105 0.00638502
7 0 106 3.67139e-06
7 0 107 0.00232285
7 0 108 -0.000652073
7 0 109 0.00155911
7 0 110 0.00471492
7 0 111 0.00228503
7 0 112 -0.00222192
7 0 113 -0.0047359
7 0 114 0.00137308
7 0 115 0.00365434
7 0 116 -0.000949524
7 0 117 -3.70273e-05
7 0 118 0.00484081
7 0 119 0.00127715
7 0 120 0.000623348
7 0 121 -0.00239119
7 0 122 0.000235135
7 0 123 0.00261223
7 0 124 -0.00059575
7 0 125 -0.00954155
7 0 126 0.00460608
7 0 127 0.00555647
8 0 0 -0.0045258
8 0 1 0.00197643
8 0 2 0.000357776
8 0 3 -0.00171765
8 0 4 -0.00183834
8 0 5 0.000114513
8 0 6 0.00168901
8 0 7 0.00160718
8 0 8 -0.00165965
8 0 9 -0.00465008
8 0 10 -0.00296569
8 0 11 0.00195774
8 0 12 0.000111212
8 0 13 0.00853811
8 0 14 0.00208637
8 0 15 0.000958972
8 0 16 -0.000920545
8 0 17 -0.00208926
8 0 18 -0.0012191
8 0 19 0.000165881
8 0 20 0.00323755
8 0 21 -0.0030863
8 0 22 -0.00122934
8 0 23 -0.00118906
8 0 24 -0.00113451
8 0 25 0.000419343
8 0 26 0.0018428
8 0 27 0.00376374
8 0 28 0.00384776
8 0 29 -0.00155944
8 0 30 0.00453139
8 0 31 -0.0038082
8 0 32 -0.00278541
8 0 33 -0.00121429
8 0 34 -0.00221165
8 0 35 -0.00238448
8 0 36 -0.00130531
8 0 37 0.00217372
8 0 38 0.00360132
8 0 39 -0.00476906
8 0 40 -0.000423317
8 0 41 -0.00310182
8 0 42 -0.00248634
8 0 43 0.00245343
8 0 44 0.00531189
8 0 45 -0.00467427
8 0 46 0.00145776
8 0 47 -0.00171087
8 0 48 -0.00263326
8 0 49 -0.00149017
8 0 50 -0.000732287
8 0 51 -0.00470868
8 0 52 -0.000989231
8 0 53 0.000594357
8 0 54 -0.00486602
8 0 55 0.000802231
8 0 56 0.00250058
8 0 57 -0.0012899
8 0 58 0.00049258
8 0 59 -0.000517649
8 0 60 -0.00115721
8 0 61 -0.00305931
8 0 62 -0.000466152
8 0 63 -0.00319396
8 0 64 0.00168861
8 0 65 -0.0032352
8 0 66 -0.00163945
8 0 67 -0.00353061
8 0 68 -0.00687412
8 0 69 -0.0022286
8 0 70 0.00291805
8 0 71 0.00576032
8 0 72 -0.00212755
8 0 73 0.00110277
8 0 74 0.000638787
8 0 75 -0.00566854
8 0 76 0.000998346
8 0 77 0.00147331
8 0 78 0.00288636
8 0 79 -0.0013917
8 0 80 0.00119392
8 0 81 0.00653043
8 0 82 0.00466216
8 0 83 -0.00679562
8 0 84 0.00127318
8 0 85 -0.00244075
8 0 86 -0.00240203
8 0 87 -0.000204398
8 0 88 -0.00140396
8 0 89 -0.00256958
8 0 90 0.00337884
8 0 91 0.00204096
8 0 92 -0.00046858
8 0 93 -0.000264794
8 0 94 0.00369278
8 0 95 0.0029211
8 0 96 -0.00444866
8 0 97 -0.00641394
8 0 98 -0.00275741
8 0 99 0.0028086
8 0 100 0.000215998
8 0 101 -0.00495167
8 0 102 0.00067819
8 0 103 0.000896598
8 0 104 0.00237434
8 0 105 -0.000326476
8 0 106 -0.00492164
8 0 107 -0.00040872
8 0 108 0.00622659
8 0 109 -0.0037719
8 0 110 -0.00213872
8 0 111 0.00175581
8 0 112 0.00315376
8 0 113 0.00324819
8 0 114 0.000129138
8 0 115 -0.00229511
8 0 116 -0.00163781
8 0 117 0.00145824
8 0 118 0.00257633
8 0 119 -0.000654149
8 0 120 -0.00421975
8 0 121 -0.00287719
8 0 122 0.000301598
8 0 123 -0.0018402
8 0 124 -0.00085854
8 0 125 -0.00125837
8 0 126 -0.00171465
8 0 127 0.00334424
9 0 0 -0.00274175
9 0 1 0.00268026
9 0 2 0.00704977
9 0 3 0.00275587
9 0 4 0.000566139
9 0 5 -0.00264047
9 0 6 0.0042832
9 0 7 -0.000580591
9 0 8 0.00301289
9 0 9 0.000469079
9 0 10 0.00334495
9 0 11 0.00539966
9 0 12 0.000346372
9 0 13 0.00320805
9 0 14 0.000475322
9 0 15 0.000775045
9 0 16 -0.00441907
9 0 17 0.00180075
9 0 18 -7.00799e-05
9 0 19 0.00347477
9 0 20 0.0027644
9 0 21 -0.00254594
9 0 22 0.00732695
9 0 23 0.00121074
9 0 24 0.00160526
9 0 25 -0.00140864
9 0 26 0.00342899
9 0 27 -0.000891807
9 0 28 -0.00254565
9 0 29 0.00352805
9 0 30 0.00299245
9 0 31 0.00463521
9 0 32 -0.00345764
9 0 33 0.0027137
9 0 34 0.00152585
9 0 35 0.00297106
9 0 36 -0.00505987
9 0 37 0.00504375
9 0 38 0.0066468
9 0 39 -0.0024593
9 0 40 0.0038387
9 0 41 -0.00319132
9 0 42 -0.000841629
9 0 43 0.00139321
9 0 44 0.000766872
9 0 45 0.00896062
9 0 46 0.00243941
9 0 47 0.00198757
9 0 48 -0.0013561
9 0 49 0.00588547
9 0 50 -0.00213593
9 0 51 -0.00176053
9 0 52 0.00564526
9 0 53 0.000551565
9 0 54 -0.000114369
9 0 55 0.00407599
9 0 56 -0.00248613
9 0 57 0.00339239
9 0 58 0.00417542
9 0 59 0.00369207
9 0 60 0.00201387
9 0 61 0.000266225
9 0 62 -0.00498659
9 0 63 0.00543375
9 0 64 0.00171906
9 0 65 0.00279745
9 0 66 -0.000422896
9 0 67 0.000891992
9 0 68 0.000317409
9 0 69 0.00515119
9 0 70 0.00327605
9 0 71 0.000714581
9 0 72 -0.000818623
9 0 73 -0.00459206
9 0 74 -0.00271697
9 0 75 -0.00345771
9 0 76 0.00243292
9 0 77 -0.00265039
9 0 78 -0.000962466
9 0 79 0.00667656
9 0 80 -0.00278387
9 0 81 -0.00165765
9 0 82 0.0012985
9 0 83 0.00155914
9 0 84 -0.00335141
9 0 85 0.00281406
9 0 86 0.00396492
9 0 87 -0.00607836
9 0 88 0.000268752
9 0 89 -0.0018971
9 0 90 0.00169038
9 0 91 0.0063518
9 0 92 -0.000198562
9 0 93 -0.00172146
9 0 94 0.00694232
9 0 95 0.0042728
9 0 96 0.0020098
9 0 97 0.000616596
9 0 98 -0.005324
9 0 99 0.00292481
9 0 100 0.00193609
9 0 101 -0.00151864
9 0 102 -0.00118264
9 0 103 0.00119533
9 0 104 -0.00479826
9 0 105 -0.00123773
9 0 106 -0.00108889
9 0 107 0.00343889
9 0 108 -0.000229608
9 0 109 0.00704966
9 0 110 0.00268018
9 0 111 0.00238237
9 0 112 -0.00232055
9 0 113 0.00307587
9 0 114 0.00254318
9 0 115 -0.00194912
9 0 116 -0.000830724
9 0 117 0.000857228
9 0 118 -0.000882683
9 0 119 0.00267946
9 0 120 -0.00327155
9 0 121 0.00127345
9 0 122 0.0075478
9 0 123 0.00389503
9 0 124 0.00406397
9 0 125 0.00506952
9 0 126 0.00615399
9 0 127 0.00270241
10 0 0 0.00215822
10 0 1 0.00458772
10 0 2 -0.000253825
10 0 3 0.00181266
10 0 4 0.00306603
10 0 5 0.000803676
10 0 6 0.00507635
10 0 7 0.00458154
10 0 8 0.00834335
10 0 9 0.00466336
10 0 10 0.00550293
10 0 11 0.00550021
10 0 12 0.00592509
10 0 13 0.00372102
10 0 14 -0.00275218
10 0 15 0.00434947
10 0 16 -0.00135715
10 0 17 0.00776279
10 0 18 0.00692744
10 0 19 0.00540737
10 0 20 0.00205913
10 0 21 0.0118999
10 0 22 0.00684254
10 0 23 0.00498147
10 0 24 0.00294605
10 0 25 0.00599067
10 0 26 -0.00066124
10 0 27 0.00423354
10 0 28 0.0119371
10 0 29 0.0222491
10 0 30 0.0251591
10 0 31 0.00980138
10 0 32 0.00557872
10 0 33 0.0035506
10 0 34 0.00176055
10 0 35 0.0032019
10 0 36 -0.00109201
10 0 37 0.00486071
10 0 38 -0.0023475
10 0 39 0.00710422
10 0 40 0.0028917
10 0 41 0.00431756
10 0 42 -2.10227e-05
10 0 43 0.0010336
10 0 44 -5.12716e-06
10 0 45 -0.00146061
10 0 46 0.000672503
10 0 47 0.00719733
10 0 48 0.000445985
10 0 49 -0.00131077
10 0 50 -0.00102178
10 0 51 -0.00140723
10 0 52 8.35933e-05
10 0 53 -0.00139713
10 0 54 0.000312028
10 0 55 0.00152944
10 0 56 -0.000465228
10 0 57 -0.00299336
10 0 58 -0.00305575
10 0 59 0.00299515
10 0 60 -0.00225147
10 0 61 0.000497198
10 0 62 -0.00284378
10 0 63 0.000299218
10 0 64 -0.0026433
10 0 65 -0.00348344
10 0 66 0.000382489
10 0 67 -0.0016545
10 0 68 0.00401941
10 0 69 0.00313212
10 0 70 -0.00778381
10 0 71 -0.00274355
10 0 72 0.000810965
10 0 73 -3.61851e-05
10 0 74 -0.00306427
10 0 75 0.00046326
10 0 76 0.0039773
10 0 77 -0.00136878
10 0 78 1.11033e-05
10 0 79 0.00380969
10 0 80 -8.86128e-05
10 0 81 0.00159177
10 0 82 0.00189309
10 0 83 -0.00282618
10 0 84 0.000501769
10 0 85 -0.00331652
10 0 86 0.00213855
10 0 87 -0.00303998
10 0 88 0.00302036
10 0 89 -0.00583421
10 0 90 0.000128292
10 0 91 -0.00462683
10 0 92 -0.00753323
10 0 93 -0.00448561
10 0 94 0.000160272
10 0 95 -0.000854888
10 0 96 -0.000769581
10 0 97 8.33825e-05
10 0 98 0.00225479
10 0 99 -0.00427856
10 0 100 -0.00161773
10 0 101 -0.0079989
10 0 102 -0.00215792
10 0 103 -0.000722839
10 0 104 -0.00918756
10 0 105 -0.00251109
10 0 106 -0.00298977
10 0 107 -0.00156748
10 0 108 0.00167579
10 0 109 0.000808691
10 0 110 0.00171437
10 0 111 -0.000747096
10 0 112 0.00206529
10 0 113 -0.00134557
10 0 114 -0.00101127
10 0 115 -0.00155489
10 0 116 -0.00279933
10 0 117 -0.00342704
10 0 118 -0.00530193
10 0 119 -0.00538284
10 0 120 0.00156076
10 0 121 0.00110573
10 0 122 0.00188033
10 0 123 0.00335169
10 0 124 -3.7556e-05
10 0 125 0.00487788
10 0 126 0.000684948
10 0 127 0.00829841
11 0 0 0.00748183
11 0 1 0.00478276
11 0 2 0.00634165
11 0 3 -4.89666e-06
11 0 4 -0.00266145
11 0 5 -0.00328376
11 0 6 -0.000820266
11 0 7 0.00290047
11 0 8 0.00175017
11 0 9 0.00679297
11 0 10 0.00395061
11 0 11 -0.00280942
11 0 12 0.00343899
11 0 13 -0.00226674
11 0 14 -0.00126321
11 0 15 1.08865e-05
11 0 16 0.000803298
11 0 17 0.00545075
11 0 18 -0.00163053
11 0 19 -0.00394983
11 0 20 0.00666933
11 0 21 0.00385339
11 0 22 0.00569532
11 0 23 0.00246654
11 0 24 0.00453838
11 0 25 0.00430384
11 0 26 0.00574742
11 0 27 0.00206938
11 0 28 0.0237018
11 0 29 0.0294806
11 0 30 0.0268007
11 0 31 0.0168665
11 0 32 -0.000112499
11 0 33 0.00209353
11 0 34 0.00757733
11 0 35 0.00209928
11 0 36 0.00579927
11 0 37 -0.000590144
11 0 38 0.00788722
11 0 39 -0.000804057
11 0 40 0.00697633
11 0 41 0.0010694
11 0 42 -0.00022717
11 0 43 0.00470814
11 0 44 -0.0027755
11 0 45 0.0027674
11 0 46 0.000640638
11 0 47 -0.00124256
11 0 48 0.00245124
11 0 49 0.00331329
11 0 50 -0.00351423
11 0 51 0.00176598
11 0 52 -0.000260311
11 0 53 0.010962
11 0 54 0.00344092
11 0 55 -0.0010064
11 0 56 0.000800371
11 0 57 -0.00329157
11 0 58 0.00269695
11 0 59 0.000930661
11 0 60 0.00263625
11 0 61 0.00225697
11 0 62 0.00180202
11 0 63 0.0045305
11 0 64 0.00196192
11 0 65 0.00751212
11 0 66 -0.0031737
11 0 67 0.00494676
11 0 68 -0.00388263
11 0 69 0.00204401
11 0 70 0.00143797
11 0 71 0.000160895
11 0 72 0.00372345
11 0 73 0.00203194
11 0 74 -0.00617749
11 0 75 0.00236181
11 0 76 0.00178762
11 0 77 0.000721378
11 0 78 0.00172707
11 0 79 -0.00347664
11 0 80 -0.000890487
11 0 81 0.000798054
11 0 82 -0.00366116
11 0 83 -0.00120269
11 0 84 0.000769641
11 0 85 -0.00213773
11 0 86 0.00167779
11 0 87 0.00553745
11 0 88 0.00264776
11 0 89 -0.00203705
11 0 90 0.00522274
11 0 91 -0.00313799
11 0 92 -0.002157
11 0 93 0.0067995
11 0 94 0.00458151
11 0 95 -0.00116044
11 0 96 0.000834771
11 0 97 0.00319447
11 0 98 -0.0027132
11 0 99 0.00449695
11 0 100 0.0002634
11 0 101 0.00249132
11 0 102 0.000933163
11 0 103 -0.00155743
11 0 104 0.00913352
11 0 105 0.00067657
11 0 106 0.00164434
11 0 107 3.31202e-05
11 0 108 -0.00624418
11 0 109 0.00241917
11 0 110 0.000825005
11 0 111 0.0067527
11 0 112 -0.00386219
11 0 113 0.000904499
11 0 114 0.00790986
11 0 115 0.00180298
11 0 116 0.000405172
11 0 117 0.00663899
11 0 118 0.00927169
11 0 119 0.0092815
11 0 120 0.000654823
11 0 121 -0.000112848
11 0 122 -0.00391321
11 0 123 0.007313
11 0 124 0.00521994
11 0 125 0.01045
11 0 126 0.00726935
11 0 127 -0.00284155
12 0 0 -0.00188461
12 0 1 0.00346931
12 0 2 0.00339074
12 0 3 0.00445839
12 0 4 -0.00327645
12 0 5 0.00389546
12 0 6 0.00535778
12 0 7 0.00217229
12 0 8 0.00677827
12 0 9 -0.00232853
12 0 10 0.00145869
12 0 11 0.00693458
12 0 12 -0.00487041
12 0 13 0.000407864
12 0 14 -9.5926e-05
12 0 15 0.00248827
12 0 16 0.000996394
12 0 17 0.00725512
12 0 18 -0.00179701
12 0 19 0.00663677
12 0 20 0.0013993
12 0 21 -0.00455139
12 0 22 -0.00120109
12 0 23 0.00425079
12 0 24 0.00116237
12 0 25 0.00439819
12 0 26 0.00213063
12 0 27 0.00506373
12 0 28 0.0346323
12 0 29 0.0320152
12 0 30 0.0084356
12 0 31 0.00823615
12 0 32 -0.00242205
12 0 33 0.00400934
12 0 34 0.00668531
12 0 35 0.00356455
12 0 36 0.00305344
12 0 37 0.00477118
12 0 38 0.00122278
12 0 39 -1.68998e-05
12 0 40 0.000531081
12 0 41 0.00379543
12 0 42 0.00465249
12 0 43 -0.00284333
12 0 44 0.00367815
12 0 45 -0.0047295
12 0 46 0.00208719
12 0 47 -0.00100124
12 0 48 -0.00629303
12 0 49 -0.00222551
12 0 50 8.70877e-05
12 0 51 0.00197968
12 0 52 0.001518
12 0 53 0.00257197
12 0 54 0.00565442
12 0 55 0.00175345
12 0 56 -0.00179321
12 0 57 0.00235042
12 0 58 0.000972591
12 0 59 -0.000957065
12 0 60 0.000943645
12 0 61 -0.00329533
12 0 62 -0.00117173
12 0 63 -0.00373845
12 0 64 -0.00194939
12 0 65 0.000361619
12 0 66 0.0023213
12 0 67 0.00565966
12 0 68 0.000514404
12 0 69 -0.000762762
12 0 70 0.000373773
12 0 71 0.000975517
12 0 72 -0.000947023
12 0 73 0.00265818
12 0 74 -0.00260079
12 0 75 -0.00144777
12 0 76 2.30458e-05
12 0 77 -0.0066328
12 0 78 0.00634677
12 0 79 -0.00168004
12 0 80 -0.00191741
12 0 81 -0.00131108
12 0 82 4.20189e-06
12 0 83 -0.000110797
12 0 84 -0.00283296
12 0 85 0.00295321
12 0 86 -0.002796
12 0 87 -0.00321888
12 0 88 0.000675319
12 0 89 -0.000590333
12 0 90 0.000340739
12 0 91 0.00161465
12 0 92 0.000770891
12 0 93 -0.000420399
12 0 94 -0.00435545
12 0 95 0.00370509
12 0 96 0.00423883
12 0 97 0.00410804
12 0 98 0.00377651
12 0 99 0.00170081
12 0 100 0.00605785
12 0 101 0.00379982
12 0 102 0.00334107
12 0 103 0.00209874
12 0 104 -0.00150255
12 0 105 0.0033666
12 0 106 -0.00171872
12 0 107 0.00511049
12 0 108 0.00401412
12 0 109 0.00903287
12 0 110 0.00307284
12 0 111 0.000133956
12 0 112 0.00471404
12 0 113 -0.000113512
12 0 114 0.00417195
12 0 115 0.00374544
12 0 116 0.000817284
12 0 117 -0.00211498
12 0 118 0.00378965
12 0 119 0.00212379
12 0 120 0.0029307
12 0 121 -0.00307135
12 0 122 0.00283313
12 0 123 0.000753049
12 0 124 -0.000617472
12 0 125 0.00171717
12 0 126 0.0032287
12 0 127 -0.00187588
13 0 0 -0.00424003
13 0 1 0.00124817
13 0 2 0.000440704
13 0 3 -0.00324255
13 0 4 -0.00179231
13 0 5 0.000522644
13 0 6 -0.000366283
13 0 7 -0.00531591
13 0 8 0.00257948
13 0 9 -0.0012834
13 0 10 -0.00207103
13 0 11 0.00221436
13 0 12 -0.00196193
13 0 13 -0.00157935
13 0 14 -0.00032552
13 0 15 -0.00454715
13 0 16 -0.00362855
13 0 17 -0.000864499
13 0 18 -0.00105125
13 0 19 0.00180204
13 0 20 -0.0023557
13 0 21 -0.00854203
13 0 22 -0.00124214
13 0 23 0.00208043
13 0 24 0.00196073
13 0 25 -0.00644336
13 0 26 -0.00278659
13 0 27 0.00832108
13 0 28 0.0261136
13 0 29 0.0171613
13 0 30 0.00612599
13 0 31 0.00427803
13 0 32 -0.00235896
13 0 33 -0.00147512
13 0 34 0.0019286
13 0 35 -0.00309024
13 0 36 0.000205055
13 0 37 -0.00791337
13 0 38 -0.00165887
13 0 39 0.0015481
13 0 40 -0.00190922
13 0 41 -0.004047
13 0 42 -0.00960714
13 0 43 -0.00275598
13 0 44 -0.00302026
13 0 45 -0.00277737
13 0 46 0.000473047
13 0 47 -0.0031245
13 0 48 -0.00435015
13 0 49 -0.002028
13 0 50 -0.000999588
13 0 51 -0.00518992
13 0 52 0.00439076
13 0 53 -0.00364255
13 0 54 -0.00342168
13 0 55 -0.00247227
13 0 56 0.00262949
13 0 57 0.00210334
13 0 58 -0.00197969
13 0 59 -0.00379242
13 0 60 -0.00565759
13 0 61 -0.0020335
13 0 62 -0.00278102
13 0 63 -0.00884631
13 0 64 -0.00685384
13 0 65 1.25606e-05
13 0 66 -0.00194789
13 0 67 0.000349347
13 0 68 0.00432396
13 0 69 0.00305534
13 0 70 -3.23601e-05
13 0 71 0.00349027
13 0 72 0.00298316
13 0 73 -0.00355794
13 0 74 6.4079e-05
13 0 75 -0.00111029
13 0 76 0.00481726
13 0 77 -0.00136416
13 0 78 -0.00447652
13 0 79 0.0015849
13 0 80 -0.000525082
13 0 81 -0.00233083
13 0 82 -0.00168392
13 0 83 3.04439e-05
13 0 84 -0.00258862
13 0 85 -0.00544568
13 0 86 0.00198768
13 0 87 -0.005327
13 0 88 -0.00432877
13 0 89 -0.00302963
13 0 90 -0.00549245
13 0 91 -0.0019448
13 0 92 0.000498875
13 0 93 -0.00803082
13 0 94 -0.00358951
13 0 95 -0.0044804
13 0 96 -0.00481199
13 0 97 -0.00282164
13 0 98 -0.00954025
13 0 99 -0.00921193
13 0 100 -0.00993597
13 0 101 -0.00510045
13 0 102 -0.00151627
13 0 103 -0.00547921
13 0 104 -0.00489133
13 0 105 -0.00444897
13 0 106 -0.00107079
13 0 107 0.00134267
13 0 108 0.00187016
13 0 109 -0.00220101
13 0 110 0.00396584
13 0 111 -0.00624944
13 0 112 0.00171482
13 0 113 -0.00644294
13 0 114 -0.0026157
13 0 115 0.000993613
13 0 116 -0.00160494
13 0 117 0.00183287
13 0 118 -0.00892573
13 0 119 -0.00027488
13 0 120 -0.00284326
13 0 121 -0.00252501
13 0 122 0.00416718
13 0 123 -0.000806396
13 0 124 0.00131096
13 0 125 0.00454496
13 0 126 -0.00216146
13 0 127 -0.00147243
14 0 0 -0.00225304
14 0 1 -0.00549295
14 0 2 0.000323404
14 0 3 7.69016e-05
14 0 4 -0.00334391
14 0 5 -0.00272449
14 0 6 -0.00194487
14 0 7 0.00102673
14 0 8 0.0035849
14 0 9 0.00105488
14 0 10 -0.00154548
14 0 11 -0.00531609
14 0 12 0.00156466
14 0 13 -0.0044653
14 0 14 0.000222275
14 0 15 -0.0020662
14 0 16 0.00078306
14 0 17 -0.00384285
14 0 18 0.00300676
14 0 19 0.000132239
14 0 20 0.00432009
14 0 21 0.00349583
14 0 22 0.00290245
14 0 23 -0.00245832
14 0 24 0.010227
14 0 25 -0.00292344
14 0 26 -0.000538691
14 0 27 0.00968609
14 0 28 0.023075
14 0 29 0.0267643
14 0 30 0.0271841
14 0 31 0.0200746
14 0 32 0.00418726
14 0 33 0.00158042
14 0 34 0.00305453
14 0 35 0.00334371
14 0 36 0.00214575
14 0 37 0.00512463
14 0 38 -0.000856064
14 0 39 -0.00536086
14 0 40 0.00563689
14 0 41 0.0076733
14 0 42 0.00253463
14 0 43 0.00155146
14 0 44 0.00130719
14 0 45 -0.00266485
14 0 46 0.00496522
14 0 47 0.00558165
14 0 48 0.000564631
14 0 49 -0.00236623
14 0 50 0.00132038
14 0 51 0.000133537
14 0 52 -0.0088654
14 0 53 -0.00201055
14 0 54 0.00344154
14 0 55 0.00272418
14 0 56 -0.00217353
14 0 57 0.00328693
14 0 58 0.00612832
14 0 59 0.00491867
14 0 60 0.00165937
14 0 61 0.00228278
14 0 62 0.00469118
14 0 63 0.00265136
14 0 64 0.00248193
14 0 65 0.00920762
14 0 66 0.00293545
14 0 67 0.00329866
14 0 68 0.00570891
14 0 69 -0.0017347
14 0 70 0.00327701
14 0 71 -0.00808148
14 0 72 0.00289536
14 0 73 0.000420911
14 0 74 0.00186419
14 0 75 0.000292708
14 0 76 -0.00448524
14 0 77 -0.00145529
14 0 78 -0.00279045
14 0 79 6.33679e-05
14 0 80 0.00106378
14 0 81 -0.00627488
14 0 82 -0.00383972
14 0 83 0.00746766
14 0 84 -0.00064067
14 0 85 0.00253417
14 0 86 0.00703764
14 0 87 0.000337025
14 0 88 -0.00175433
14 0 89 0.00218559
14 0 90 -0.00160461
14 0 91 0.011181
14 0 92 -0.00182521
14 0 93 -0.00295241
14 0 94 0.00107221
14 0 95 0.00196924
14 0 96 0.00193582
14 0 97 0.00433347
14 0 98 0.00587122
14 0 99 -0.00301494
14 0 100 -0.00345788
14 0 101 -0.00309093
14 0 102 -0.00187035
14 0 103 0.00564857
14 0 104 -0.0036547
14 0 105 -0.00965686
14 0 106 -0.000954366
14 0 107 0.00197511
14 0 108 0.00491358
14 0 109 0.00642356
14 0 110 -0.00244173
14 0 111 -0.0047907
14 0 112 -0.00187264
14 0 113 -0.00545583
14 0 114 -0.0113959
14 0 115 0.000694902
14 0 116 -0.00680091
14 0 117 -0.00235456
14 0 118 -0.00109139
14 0 119 0.00410597
14 0 120 -0.00382997
14 0 121 -0.00141618
14 0 122 -0.00325511
14 0 123 0.00409761
14 0 124 -0.00169941
14 0 125 -0.00668393
14 0 126 -0.00742661
14 0 127 -0.000335083
15 0 0 -0.00667633
15 0 1 0.00583352
15 0 2 -0.00521184
15 0 3 -0.000889934
15 0 4 0.00195985
15 0 5 0.000817921
15 0 6 0.00105898
15 0 7 -0.00613404
15 0 8 -0.00297003
15 0 9 -0.00162076
15 0 10 0.00785998
15 0 11 0.00223997
15 0 12 0.000626659
15 0 13 0.00580636
15 0 14 0.00115177
15 0 15 0.00208521
15 0 16 0.00727692
15 0 17 0.00540196
15 0 18 -0.00185472
15 0 19 0.00503192
15 0 20 0.00169292
15 0 21 0.00245453
15 0 22 -0.000364697
15 0 23 -0.00512075
15 0 24 -0.00336567
15 0 25 0.00457758
15 0 26 0.00833719
15 0 27 0.0084822
15 0 28 0.017181
15 0 29 0.0119423
15 0 30 0.0158997
15 0 31 0.0075108
15 0 32 0.00580081
15 0 33 -0.00461081
15 0 34 0.00119368
15 0 35 -0.00204731
15 0 36 -0.00284086
15 0 37 0.00119411
15 0 38 -0.00241457
15 0 39 0.00230872
15 0 40 -0.00769425
15 0 41 -0.00261139
15 0 42 0.002508
15 0 43 -0.003522
15 0 44 -0.00150642
15 0 45 -0.00210373
15 0 46 -0.00163886
15 0 47 -0.00173444
15 0 48 -0.00298947
15 0 49 0.00235545
15 0 50 0.000248876
15 0 51 -0.00404833
15 0 52 0.000499948
15 0 53 0.00586829
15 0 54 -0.00203225
15 0 55 -0.00517036
15 0 56 0.00403568
15 0 57 -0.00157144
15 0 58 -0.00111779
15 0 59 -0.000761118
15 0 60 -0.00425438
15 0 61 -0.000746447
15 0 62 -0.00348693
15 0 63 -0.00750108
15 0 64 0.00154139
15 0 65 -0.00460902
15 0 66 0.00564557
15 0 67 -0.00340834
15 0 68 0.00162662
15 0 69 -0.00394448
15 0 70 -0.00444229
15 0 71 0.00649277
15 0 72 0.000975359
15 0 73 0.00609386
15 0 74 0.0043388
15 0 75 0.00136081
15 0 76 -4.64042e-05
15 0 77 -0.00121031
15 0 78 -0.00476178
15 0 79 -0.000269017
15 0 80 -0.00693922
15 0 81 -0.000409512
15 0 82 0.00125057
15 0 83 -0.00461268
15 0 84 0.00227841
15 0 85 -0.00011048
15 0 86 0.000232039
15 0 87 0.00235546
15 0 88 -0.00195604
15 0 89 0.000265689
15 0 90 0.00496041
15 0 91 -0.00132955
15 0 92 -0.00383311
15 0 93 0.000447982
15 0 94 0.0040143
15 0 95 0.000305226
15 0 96 -5.41874e-05
15 0 97 -0.00125625
15 0 98 0.00153224
15 0 99 0.00277453
15 0 100 0.00462515
15 0 101 -0.00148496
15 0 102 0.00218378
15 0 103 0.00205705
15 0 104 0.012201
15 0 105 0.00413383
15 0 106 0.00632907
15 0 107 0.000680599
15 0 108 -0.00123345
15 0 109 0.000661161
15 0 110 0.00359655
15 0 111 -0.00105407
15 0 112 -0.00433364
15 0 113 0.00683165
15 0 114 0.001215
15 0 115 -0.00571122
15 0 116 0.000789612
15 0 117 -0.00334988
15 0 118 -0.00263577
15 0 119 -0.000201236
15 0 120 -0.000248436
15 0 121 -0.00505769
15 0 122 -0.002195
15 0 123 0.00188123
15 0 124 -0.00333539
15 0 125 0.00301525
15 0 126 -0.00167455
15 0 127 -0.00223235
16 0 0 0.00913191
16 0 1 0.000759159
16 0 2 -9.54893e-05
16 0 3 -0.0029584
16 0 4 0.00357738
16 0 5 -0.000573869
16 0 6 0.00217148
16 0 7 0.000143135
16 0 8 0.00256496
16 0 9 0.00425641
16 0 10 -0.00240464
16 0 11 0.00138364
16 0 12 0.000676075
16 0 13 0.0004388
16 0 14 0.00141827
16 0 15 -0.00422751
16 0 16 0.00453442
16 0 17 -0.00147859
16 0 18 0.00410821
16 0 19 0.00152477
16 0 20 0.0105809
16 0 21 0.0019697
16 0 22 0.00342867
16 0 23 0.00736418
16 0 24 0.00308312
16 0 25 0.00898805
16 0 26 -0.00348225
16 0 27 0.00762939
16 0 28 0.02325
16 0 29 0.0146562
16 0 30 0.00372152
16 0 31 0.00387359
16 0 32 -4.47563e-05
16 0 33 0.0036069
16 0 34 0.00603699
16 0 35 0.00111724
16 0 36 0.000955294
16 0 37 0.0050848
16 0 38 0.00140632
16 0 39 -0.00313806
16 0 40 0.00376691
16 0 41 0.00412135
16 0 42 0.00166848
16 0 43 0.00247542
16 0 44 -0.00422824
16 0 45 -0.000591509
16 0 46 -0.00336513
16 0 47 -0.000582675
16 0 48 0.00476572
16 0 49 0.00148206
16 0 50 -0.00630443
16 0 51 -0.00389751
16 0 52 0.00129457
16 0 53 -0.00282305
16 0 54 0.000252905
16 0 55 0.00982516
16 0 56 -0.00369331
16 0 57 0.002633
16 0 58 -0.00267911
16 0 59 0.00394483
16 0 60 0.000447146
16 0 61 0.00438055
16 0 62 0.00422418
16 0 63 0.00607209
16 0 64 -0.00141132
16 0 65 0.00531599
16 0 66 -0.000267616
16 0 67 -0.00160405
16 0 68 -0.000873138
16 0 69 -0.00375369
16 0 70 -0.00329745
16 0 71 -0.000871276
16 0 72 -0.00217187
16 0 73 0.0018066
16 0 74 -0.0025617
16 0 75 0.00383491
16 0 76 -0.000883581
16 0 77 0.000977101
16 0 78 -0.00133477
16 0 79 -0.000421502
16 0 80 0.000100633
16 0 81 0.000652766
16 0 82 0.00755903
16 0 83 0.00414257
16 0 84 -0.0018671
16 0 85 0.00417213
16 0 86 0.000980581
16 0 87 -0.000557406
16 0 88 0.00606279
16 0 89 0.000264372
16 0 90 2.63922e-05
16 0 91 0.000212777
16 0 92 0.000612119
16 0 93 0.002455
16 0 94 -0.00160216
16 0 95 -0.000785221
16 0 96 0.00523073
16 0 97 0.00487064
16 0 98 0.00407857
16 0 99 0.00946502
16 0 100 0.00186472
16 0 101 0.00299314
16 0 102 0.00103738
16 0 103 0.00758547
16 0 104 0.000877427
16 0 105 0.00455669
16 0 106 -0.00252383
16 0 107 -0.000235847
16 0 108 0.00121321
16 0 109 -0.000170079
16 0 110 -0.000393027
16 0 111 0.00644442
16 0 112 0.003153
16 0 113 4.91545e-05
16 0 114 0.000434968
16 0 115 0.00536671
16 0 116 -0.000451143
16 0 117 0.00234755
16 0 118 0.00105268
16 0 119 -0.00618522
16 0 120 0.000319465
16 0 121 -0.00112988
16 0 122 0.00504299
16 0 123 0.00630484
16 0 124 -1.70431e-05
16 0 125 -0.00252092
16 0 126 0.00863183
16 0 127 -0.00329832
17 0 0 -0.00220999
17 0 1 0.00407452
17 0 2 0.00676638
17 0 3 -0.0022877
17 0 4 0.007539
17 0 5 0.00350287
17 0 6 0.00101536
17 0 7 0.00235446
17 0 8 0.00160221
17 0 9 -0.00071316
17 0 10 -0.00270997
17 0 11 0.00268069
17 0 12 -0.0015544
17 0 13 -1.44583e-05
17 0 14 0.0047488
17 0 15 0.00101403
17 0 16 0.00310437
17 0 17 0.00227546
17 0 18 0.00183065
17 0 19 -0.000867969
17 0 20 -0.00369697
17 0 21 -0.00249764
17 0 22 0.000877581
17 0 23 0.00646779
17 0 24 0.00534914
17 0 25 -0.00323747
17 0 26 0.00181768
17 0 27 0.00183033
17 0 28 0.0492984
17 0 29 0.0371907
17 0 30 0.0122724
17 0 31 0.0109324
17 0 32 0.000747898
17 0 33 0.00393951
17 0 34 -6.20775e-05
17 0 35 0.00369412
17 0 36 0.00249953
17 0 37 -0.000303409
17 0 38 -0.00186346
17 0 39 -0.00357249
17 0 40 -0.00149377
17 0 41 0.00440878
17 0 42 -0.000283114
17 0 43 0.000768421
17 0 44 0.000227814
17 0 45 -0.000950669
17 0 46 0.00292179
17 0 47 0.007325
17 0 48 -0.00310379
17 0 49 0.00501977
17 0 50 0.000771171
17 0 51 -0.000695728
17 0 52 -0.00115565
17 0 53 0.00546775
17 0 54 0.00230365
17 0 55 -0.00199784
17 0 56 0.00493575
17 0 57 -0.00419029
17 0 58 -0.00385458
17 0 59 0.00178877
17 0 60 -0.000471875
17 0 61 0.00364306
17 0 62 0.00470903
17 0 63 -0.0016233
17 0 64 0.00129897
17 0 65 0.000645834
17 0 66 -0.000316207
17 0 67 0.00261668
17 0 68 0.000981693
17 0 69 0.00206101
17 0 70 -0.00823748
17 0 71 0.000629033
17 0 72 -0.000555133
17 0 73 -0.00229394
17 0 74 0.00183644
17 0 75 0.00329206
17 0 76 -0.00286844
17 0 77 -0.00445662
17 0 78 -0.00377893
17 0 79 0.0118675
17 0 80 -0.00267153
17 0 81 0.00109852
17 0 82 -0.000972754
17 0 83 0.00176696
17 0 84 -0.00410195
17 0 85 0.00436815
17 0 86 -0.00372306
17 0 87 0.00223717
17 0 88 -0.00239352
17 0 89 0.00874047
17 0 90 0.00394139
17 0 91 -0.00151408
17 0 92 0.00323164
17 0 93 -0.00668837
17 0 94 0.00759044
17 0 95 0.00253569
17 0 96 -0.00211379
17 0 97 -0.00385874
17 0 98 0.00156925
17 0 99 -0.00396008
17 0 100 -0.0070584
17 0 101 0.00130614
17 0 102 -0.00366842
17 0 103 0.00382521
17 0 104 0.00179936
17 0 105 -0.00334148
17 0 106 0.00016849
17 0 107 0.00293252
17 0 108 0.00394977
17 0 109 -0.00167949
17 0 110 0.00609078
17 0 111 0.00637818
17 0 112 -0.00332772
17 0 113 0.00237474
17 0 114 0.00802699
17 0 115 -0.00261073
17 0 116 0.00484005
17 0 117 -0.000214451
17 0 118 -0.00191806
17 0 119 -0.00287426
17 0 120 0.00196537
17 0 121 -0.00350136
17 0 122 -0.00336699
17 0 123 0.00177773
17 0 124 -0.00748605
17 0 125 0.000852279
17 0 126 -0.00407429
17 0 127 0.00270152
18 0 0 0.00175984
18 0 1 -0.00410502
18 0 2 0.00277306
18 0 3 0.00172749
18 0 4 -0.0038162
18 0 5 0.00156298
18 0 6 0.000270282
18 0 7 -0.00285479
18 0 8 -0.00662248
18 0 9 0.00229615
18 0 10 0.00341755
18 0 11 -0.00383058
18 0 12 0.00183211
18 0 13 -0.00411268
18 0 14 0.000741864
18 0 15 0.00185604
18 0 16 0.0002482
18 0 17 -0.00511764
18 0 18 0.00362768
18 0 19 0.00580307
18 0 20 0.00101259
18 0 21 -0.00132366
18 0 22 -0.000895803
18 0 23 0.00385844
18 0 24 0.00145723
18 0 25 0.00124296
18 0 26 0.00162684
18 0 27 0.00325688
18 0 28 0.00315787
18 0 29 0.00449742
18 0 30 0.00283104
18 0 31 -0.00341365
18 0 32 -0.00465604
18 0 33 -0.00215403
18 0 34 -0.000952391
18 0 35 0.000953856
18 0 36 0.00602528
18 0 37 -0.00354478
18 0 38 0.00106287
18 0 39 -0.00140649
18 0 40 0.000661794
18 0 41 0.000261867
18 0 42 -0.000776945
18 0 43 0.00180502
18 0 44 -0.00515161
18 0 45 -0.00433505
18 0 46 0.000123403
18 0 47 0.00479126
18 0 48 0.00333178
18 0 49 -0.00678892
18 0 50 -0.00234756
18 0 51 0.00116499
18 0 52 -0.0025165
18 0 53 -0.00149863
18 0 54 0.00257437
18 0 55 -0.00215303
18 0 56 0.001105
18 0 57 0.00298853
18 0 58 -0.00116316
18 0 59 -0.00317501
18 0 60 0.0011334
18 0 61 8.66547e-05
18 0 62 0.00089864
18 0 63 0.00245461
18 0 64 0.0014226
18 0 65 -0.000562301
18 0 66 -0.00167391
18 0 67 0.00663453
18 0 68 -0.00425508
18 0 69 -0.0019553
18 0 70 0.000121225
18 0 71 -0.00254975
18 0 72 0.00398983
18 0 73 -0.00203396
18 0 74 0.00136639
18 0 75 0.00134111
18 0 76 -0.00436761
18 0 77 0.00567317
18 0 78 -0.000403153
18 0 79 0.00358815
18 0 80 -0.00677222
18 0 81 0.00301648
18 0 82 -0.00139607
18 0 83 -0.00165405
18 0 84 0.00233627
18 0 85 -0.00238699
18 0 86 0.00250354
18 0 87 0.00157348
18 0 88 0.00331578
18 0 89 -0.00181992
18 0 90 -0.00127041
18 0 91 -0.00323662
18 0 92 0.00441448
18 0 93 0.00172738
18 0 94 0.00176664
18 0 95 0.00271618
18 0 96 -0.00310637
18 0 97 -0.00295439
18 0 98 -0.004141
18 0 99 0.00107079
18 0 100 -0.00100093
18 0 101 0.000388786
18 0 102 0.00392681
18 0 103 0.00418099
18 0 104 -0.00470201
18 0 105 0.00169109
18 0 106 0.00275725
18 0 107 -0.00304942
18 0 108 0.00414935
18 0 109 0.00292057
18 0 110 -0.00196595
18 0 111 0.0050998
18 0 112 0.0014392
18 0 113 0.0116752
18 0 114 0.00839114
18 0 115 0.00180307
18 0 116 0.00329229
18 0 117 0.00606991
18 0 118 0.00315499
18 0 119 0.0057479
18 0 120 0.000431302
18 0 121 0.00487593
18 0 122 0.00016472
18 0 123 -0.000353671
18 0 124 3.8357e-05
18 0 125 -0.0063212
18 0 126 0.00105984
18 0 127 -0.000386939
19 0 0 -0.00478849
19 0 1 -0.00104464
19 0 2 0.00430451
19 0 3 -0.00193953
19 0 4 0.00344046
19 0 5 -0.00496109
19 0 6 0.00209699
19 0 7 0.00189126
19 0 8 -0.000968012
19 0 9 0.00285349
19 0 10 0.00163065
19 0 11 -0.000206997
19 0 12 -0.00366833
19 0 13 -0.00176969
19 0 14 0.00168689
19 0 15 0.00208401
19 0 16 0.00385504
19 0 17 7.7254e-05
19 0 18 -0.000730923
19 0 19 7.4412e-05
19 0 20 0.0026238
19 0 21 0.00245372
19 0 22 0.00487018
19 0 23 -0.00445562
19 0 24 -0.000898167
19 0 25 -0.00181511
19 0 26 7.37712e-06
19 0 27 0.000873693
19 0 28 0.00250486
19 0 29 -0.0026936
19 0 30 -0.0011846
19 0 31 -0.000319126
19 0 32 -0.000320866
19 0 33 0.0021392
19 0 34 0.00106519
19 0 35 0.00351027
19 0 36 -0.000689009
19 0 37 0.000250461
19 0 38 -0.00722715
19 0 39 -0.0075223
19 0 40 -0.0035963
19 0 41 -0.00213654
19 0 42 0.00545795
19 0 43 0.00151058
19 0 44 8.89665e-05
19 0 45 0.00224231
19 0 46 0.00527356
19 0 47 0.00304085
19 0 48 -0.00594671
19 0 49 -0.00300092
19 0 50 -0.00256581
19 0 51 0.00959485
19 0 52 -0.00247387
19 0 53 -0.00018243
19 0 54 -0.00462407
19 0 55 0.000327333
19 0 56 -0.00164651
19 0 57 -0.00644857
19 0 58 -0.00186938
19 0 59 0.00246107
19 0 60 0.00241264
19 0 61 -0.000527814
19 0 62 0.00222972
19 0 63 -0.000350455
19 0 64 0.00470108
19 0 65 0.0089042
19 0 66 0.000686034
19 0 67 -0.00107964
19 0 68 0.00134034
19 0 69 0.00479572
19 0 70 0.000807108
19 0 71 0.00210587
19 0 72 0.000599128
19 0 73 -0.00081358
19 0 74 -0.00297567
19 0 75 -0.00360048
19 0 76 -0.00102421
19 0 77 0.00109634
19 0 78 0.00283806
19 0 79 0.000114908
19 0 80 -0.00178413
19 0 81 6.8057e-05
19 0 82 0.00556637
19 0 83 -0.00219613
19 0 84 -0.00509622
19 0 85 0.00242808
19 0 86 -0.000269486
19 0 87 0.00310815
19 0 88 0.00230245
19 0 89 0.00597573
19 0 90 -0.00371674
19 0 91 -0.00352149
19 0 92 0.0040697
19 0 93 -0.00490775
19 0 94 0.00144406
19 0 95 0.00038534
19 0 96 -0.00127231
19 0 97 -0.00182694
19 0 98 -0.00418854
19 0 99 -0.00166927
19 0 100 -0.00413425
19 0 101 -0.00122009
19 0 102 -0.00176453
19 0 103 -0.0023818
19 0 104 -0.00967156
19 0 105 0.00107686
19 0 106 -0.00415998
19 0 107 -0.00531471
19 0 108 -0.00273463
19 0 109 -0.00669809
19 0 110 -0.00262112
19 0 111 -0.00813416
19 0 112 -0.00169646
19 0 113 -0.0081422
19 0 114 -0.00264583
19 0 115 -0.00242958
19 0 116 -0.000794135
19 0 117 -0.000485125
19 0 118 -0.00126851
19 0 119 0.00363023
19 0 120 0.000237137
19 0 121 -0.00187806
19 0 122 -0.000560788
19 0 123 -0.000446326
19 0 124 -0.000809015
19 0 125 -0.00514193
19 0 126 -0.00115139
19 0 127 -0.00537666
20 0 0 -0.00486067
20 0 1 0.00145784
20 0 2 -0.00171799
20 0 3 -0.00152191
20 0 4 -0.0027067
20 0 5 -0.00456497
20 0 6 -0.000290411
20 0 7 -0.00879903
20 0 8 -0.00046508
20 0 9 -1.45794e-05
20 0 10 -0.00228234
20 0 11 -0.000789586
20 0 12 -0.00893051
20 0 13 -0.00553153
20 0 14 -0.00424244
20 0 15 -0.00351818
20 0 16 -0.00357443
20 0 17 -0.00170874
20 0 18 0.00256014
20 0 19 0.00103017
20 0 20 0.00422718
20 0 21 -0.000137084
20 0 22 0.00033968
20 0 23 0.00465899
20 0 24 0.00248672
20 0 25 -0.00188907
20 0 26 0.00376644
20 0 27 0.00325163
20 0 28 -0.00430395
20 0 29 -0.00357295
20 0 30 -0.00127175
20 0 31 -0.00295884
20 0 32 -0.00504029
20 0 33 0.00116739
20 0 34 -0.000803892
20 0 35 0.00180982
20 0 36 0.00191723
20 0 37 0.00273925
20 0 38 -0.00138829
20 0 39 0.00747254
20 0 40 0.000443195
20 0 41 0.00734338
20 0 42 0.00201206
20 0 43 0.00293281
20 0 44 0.00315024
20 0 45 0.0027774
20 0 46 0.0039569
20 0 47 -2.84123e-05
20 0 48 0.00518679
20 0 49 -0.00190345
20 0 50 -0.00305849
20 0 51 -0.00396355
20 0 52 0.000592446
20 0 53 -0.00083472
20 0 54 0.0078782
20 0 55 0.0050174
20 0 56 0.000107683
20 0 57 -0.000472504
20 0 58 -0.00276489
20 0 59 0.00133605
20 0 60 -0.00232534
20 0 61 0.00367879
20 0 62 -0.00300306
20 0 63 -0.00175471
20 0 64 -0.00477013
20 0 65 -0.00219601
20 0 66 -0.00361923
20 0 67 0.000742704
20 0 68 -0.00418599
20 0 69 -0.0022845
20 0 70 -0.00240802
20 0 71 0.00178402
20 0 72 -0.000647764
20 0 73 0.00249488
20 0 74 -0.00311048
20 0 75 0.000813434
20 0 76 0.000913116
20 0 77 0.00650195
20 0 78 -0.00579641
20 0 79 0.0037451
20 0 80 -0.000358757
20 0 81 0.00222843
20 0 82 0.00267304
20 0 83 0.000241368
20 0 84 0.000125667
20 0 85 -0.00320007
20 0 86 0.00190764
20 0 87 0.00236999
20 0 88 0.00460751
20 0 89 0.00201821
20 0 90 0.00145142
20 0 91 0.00296097
20 0 92 0.00528577
20 0 93 -0.0013725
20 0 94 0.0010361
20 0 95 0.00330558
20 0 96 0.00198227
20 0 97 -0.00259978
20 0 98 -0.00377007
20 0 99 0.000752828
20 0 100 0.00102266
20 0 101 -0.00624144
20 0 102 0.00123505
20 0 103 -0.00194134
20 0 104 -0.00036138
20 0 105 -0.00437466
20 0 106 0.00499016
20 0 107 0.0002443
20 0 108 0.00399443
20 0 109 0.00679469
20 0 110 0.00441772
20 0 111 0.00757219
20 0 112 0.00580317
20 0 113 0.00334166
20 0 114 -8.03978e-05
20 0 115 0.00224237
20 0 116 0.00241037
20 0 117 0.00569642
20 0 118 0.00744559
20 0 119 0.0054739
20 0 120 -0.000838505
20 0 121 0.00345361
20 0 122 -0.00237698
20 0 123 -0.00115215
20 0 124 -0.00475812
20 0 125 -0.00163943
20 0 126 -0.000700645
20 0 127 0.00382249
21 0 0 0.00242284
21 0 1 -0.00533917
21 0 2 0.0013491
21 0 3 -0.000847272
21 0 4 0.000285668
21 0 5 -0.00133933
21 0 6 2.95074e-05
21 0 7 0.00311709
21 0 8 0.00552268
21 0 9 0.00278415
21 0 10 -0.00190027
21 0 11 -0.00154618
21 0 12 -0.00290193
21 0 13 -0.000664677
21 0 14 0.0062254
21 0 15 -0.00198117
21 0 16 -0.000429293
21 0 17 0.000665421
21 0 18 0.0075143
21 0 19 0.00345758
21 0 20 0.00042915
21 0 21 0.00236465
21 0 22 -0.00462343
21 0 23 0.00160803
21 0 24 0.000593418
21 0 25 0.000383931
21 0 26 -0.00257876
21 0 27 -0.000738981
21 0 28 -0.0020109
21 0 29 0.00133726
21 0 30 0.00293622
21 0 31 0.00416208
21 0 32 -0.00331225
21 0 33 0.00279128
21 0 34 0.00158662
21 0 35 -0.00135584
21 0 36 0.00407017
21 0 37 -0.00633391
21 0 38 -0.00466634
21 0 39 -0.00150565
21 0 40 -0.00311089
21 0 41 -0.00133367
21 0 42 0.00490734
21 0 43 -0.00887322
21 0 44 -0.000855434
21 0 45 0.00695962
21 0 46 0.000983158
21 0 47 0.00251258
21 0 48 -0.00253454
21 0 49 0.00227328
21 0 50 9.13064e-05
21 0 51 -0.00175804
21 0 52 -0.00292599
21 0 53 -0.00345048
21 0 54 0.000745773
21 0 55 -0.00160188
21 0 56 0.000258051
21 0 57 0.00383081
21 0 58 0.000136799
21 0 59 -0.000988379
21 0 60 0.00337839
21 0 61 0.000319525
21 0 62 -0.000166983
21 0 63 0.00207554
21 0 64 -0.000101444
21 0 65 0.00499799
21 0 66 -0.00871023
21 0 67 0.00239568
21 0 68 -0.00107505
21 0 69 0.000754023
21 0 70 -0.000155488
21 0 71 -0.000500807
21 0 72 -0.00119507
21 0 73 0.00420719
21 0 74 -0.00234517
21 0 75 0.00208598
21 0 76 -0.00228013
21 0 77 -0.00335043
21 0 78 -0.00249383
21 0 79 0.00302377
21 0 80 0.00509909
21 0 81 0.00673753
21 0 82 -0.00495209
21 0 83 0.00479364
21 0 84 -0.00235522
21 0 85 0.000608597
21 0 86 -0.000657741
21 0 87 -0.00117344
21 0 88 0.00283238
21 0 89 0.000668398
21 0 90 -0.000536222
21 0 91 -0.00102473
21 0 92 0.00583
21 0 93 -0.00103079
21 0 94 0.00370929
21 0 95 0.000476369
21 0 96 -0.00555222
21 0 97 -0.00241999
21 0 98 0.000157559
21 0 99 -0.00684975
21 0 100 -0.000371824
21 0 101 -0.00633666
21 0 102 0.00362288
21 0 103 -0.00287721
21 0 104 -0.00482158
21 0 105 0.00339378
21 0 106 -0.00199041
21 0 107 -0.00157646
21 0 108 -0.00135992
21 0 109 -0.00742659
21 0 110 0.00532261
21 0 111 -0.00135027
21 0 112 0.00537659
21 0 113 -0.00334707
21 0 114 0.00691601
21 0 115 0.00204721
21 0 116 0.00485856
21 0 117 0.000104118
21 0 118 -0.00393181
21 0 119 -0.00131396
21 0 120 0.00016564
21 0 121 -0.00436457
21 0 122 -0.00386459
21 0 123 0.00818964
21 0 124 0.000460415
21 0 125 -0.00459959
21 0 126 -0.00281628
21 0 127 -0.0014414
22 0 0 -0.00300429
22 0 1 -0.00265377
22 0 2 -0.00225225
22 0 3 0.00290646
22 0 4 0.00302779
22 0 5 -0.00469214
22 0 6 -0.000916516
22 0 7 -0.00377584
22 0 8 0.00308106
22 0 9 0.00145602
22 0 10 0.000370299
22 0 11 -0.00488272
22 0 12 -0.00221243
22 0 13 0.00499031
22 0 14 0.00329216
22 0 15 0.0010799
22 0 16 0.00652977
22 0 17 0.00369165
22 0 18 -0.00382605
22 0 19 0.00217609
22 0 20 0.000295514
22 0 21 0.00123993
22 0 22 0.00429313
22 0 23 0.00208264
22 0 24 0.00230188
22 0 25 0.000361184
22 0 26 -0.00356278
22 0 27 -0.00620821
22 0 28 0.00427247
22 0 29 -0.00264104
22 0 30 0.00149595
22 0 31 -0.00125011
22 0 32 0.00163073
22 0 33 0.00103965
22 0 34 0.00104839
22 0 35 0.00778029
22 0 36 0.00272179
22 0 37 -0.0020875
22 0 38 -0.00145397
22 0 39 -0.00188541
22 0 40 -0.0030638
22 0 41 -0.00290036
22 0 42 0.000350446
22 0 43 -0.00704736
22 0 44 0.00108928
22 0 45 0.00422625
22 0 46 -0.00281623
22 0 47 0.00313877
22 0 48 0.0045266
22 0 49 0.000726911
22 0 50 0.00244926
22 0 51 0.00328796
22 0 52 -0.00209182
22 0 53 0.00382629
22 0 54 -0.00292574
22 0 55 0.00215094
22 0 56 0.00415646
22 0 57 0.00105541
22 0 58 0.00591754
22 0 59 0.00830575
22 0 60 0.00180478
22 0 61 0.0051574
22 0 62 0.000938416
22 0 63 0.00350091
22 0 64 0.00140821
22 0 65 0.000135773
22 0 66 0.00116639
22 0 67 -0.00240939
22 0 68 -0.00058123
22 0 69 0.00150078
22 0 70 0.000968765
22 0 71 -0.00422633
22 0 72 0.00333947
22 0 73 -0.00164619
22 0 74 -0.0041315
22 0 75 0.00613461
22 0 76 0.00445887
22 0 77 0.000117572
22 0 78 0.00324615
22 0 79 0.00416433
22 0 80 -0.000983214
22 0 81 -0.000195195
22 0 82 -0.000757205
22 0 83 -0.00389644
22 0 84 -0.00645247
22 0 85 0.0021158
22 0 86 0.00803733
22 0 87 0.00176672
22 0 88 -0.00322706
22 0 89 0.00742364
22 0 90 -2.42901e-05
22 0 91 2.90549e-06
22 0 92 -0.00429317
22 0 93 -0.00554918
22 0 94 -0.000250067
22 0 95 -0.00544977
22 0 96 0.0018981
22 0 97 0.00281704
22 0 98 -0.000698749
22 0 99 -0.00448371
22 0 100 0.00379403
22 0 101 0.00173821
22 0 102 0.00381771
22 0 103 0.00329756
22 0 104 0.00419479
22 0 105 -0.00225799
22 0 106 -0.000831808
22 0 107 -0.00050686
22 0 108 -0.00122866
22 0 109 0.00228393
22 0 110 0.00126193
22 0 111 0.00492709
22 0 112 0.00449434
22 0 113 0.000101394
22 0 114 -0.00122517
22 0 115 -0.000225247
22 0 116 -0.000500906
22 0 117 0.00267061
22 0 118 0.00126207
22 0 119 0.00451573
22 0 120 0.0018206
22 0 121 0.00184117
22 0 122 0.00183473
22 0 123 -0.000222595
22 0 124 -0.00294678
22 0 125 0.00232814
22 0 126 -0.00427896
22 0 127 -0.00252539
23 0 0 0.00093261
23 0 1 -0.0015424
23 0 2 0.00511087
23 0 3 -0.00451491
23 0 4 -0.00143054
23 0 5 -0.000383386
23 0 6 -0.00259661
23 0 7 0.00235418
23 0 8 0.00306805
23 0 9 0.00466342
23 0 10 0.00548416
23 0 11 -0.00601137
23 0 12 0.00219696
23 0 13 -0.00165109
23 0 14 -0.00235282
23 0 15 -0.00563308
23 0 16 0.000244872
23 0 17 -0.000343601
23 0 18 -0.00218426
23 0 19 -0.000116671
23 0 20 -0.000882433
23 0 21 -0.000639083
23 0 22 0.00106359
23 0 23 0.00456362
23 0 24 -0.00159474
23 0 25 -0.00434694
23 0 26 -0.00191591
23 0 27 0.000209039
23 0 28 0.0019587
23 0 29 0.0030199
23 0 30 0.00644882
23 0 31 0.000448002
23 0 32 -9.50969e-05
23 0 33 0.00435994
23 0 34 0.000439396
23 0 35 0.00473728
23 0 36 0.000978145
23 0 37 0.00961849
23 0 38 -0.00299585
23 0 39 -0.00178674
23 0 40 -0.00229905
23 0 41 -0.00369189
23 0 42 -0.00104577
23 0 43 -0.00482232
23 0 44 -0.00399581
23 0 45 0.00172445
23 0 46 0.00662936
23 0 47 0.00616178
23 0 48 0.00165183
23 0 49 0.00055776
23 0 50 0.000417636
23 0 51 -0.00623244
23 0 52 0.00189052
23 0 53 -0.0017759
23 0 54 0.000496516
23 0 55 -0.0017764
23 0 56 -0.00325052
23 0 57 -0.00392195
23 0 58 0.00403755
23 0 59 0.0014643
23 0 60 -0.00368813
23 0 61 0.000198258
23 0 62 0.0024122
23 0 63 0.00294195
23 0 64 0.00638039
23 0 65 0.00277651
23 0 66 -0.00448833
23 0 67 0.00437424
23 0 68 0.00179971
23 0 69 -0.00563359
23 0 70 -0.00101837
23 0 71 -0.00403714
23 0 72 0.000757934
23 0 73 -0.00734975
23 0 74 -0.00113576
23 0 75 0.00329381
23 0 76 0.00536842
23 0 77 -0.000648452
23 0 78 -0.00615686
23 0 79 0.000763935
23 0 80 0.000259788
23 0 81 0.00439564
23 0 82 0.00182831
23 0 83 0.00356958
23 0 84 0.00348391
23 0 85 0.00239988
23 0 86 0.00119231
23 0 87 -0.00117109
23 0 88 0.00460617
23 0 89 -0.00199415
23 0 90 -0.0043631
23 0 91 0.000417997
23 0 92 0.00495993
23 0 93 0.000348475
23 0 94 0.00323266
23 0 95 -0.00661334
23 0 96 -0.00285257
23 0 97 0.00174453
23 0 98 0.00340709
23 0 99 -0.000467599
23 0 100 -0.00396895
23 0 101 8.26856e-05
23 0 102 0.00274026
23 0 103 -0.00295175
23 0 104 0.000281505
23 0 105 -0.00152675
23 0 106 0.00799268
23 0 107 -0.00610185
23 0 108 0.000404811
23 0 109 -0.00216408
23 0 110 0.0044949
23 0 111 -0.00297576
23 0 112 0.00100135
23 0 113 0.000834022
23 0 114 -0.0017303
23 0 115 0.00682916
23 0 116 0.00258183
23 0 117 -0.00144303
23 0 118 -0.000620221
23 0 119 -0.00543169
23 0 120 0.00364165
23 0 121 0.000666618
23 0 122 -0.00997207
23 0 123 -0.00451927
23 0 124 -0.00194879
23 0 125 -0.00310755
23 0 126 0.00457243
23 0 127 -0.00432441
24 0 0 -0.00252298
24 0 1 -0.000159669
24 0 2 -0.00560251
24 0 3 0.000976654
24 0 4 -0.00714284
24 0 5 0.00285203
24 0 6 -0.00603888
24 0 7 0.00195793
24 0 8 0.000709479
24 0 9 0.00194655
24 0 10 -0.00850712
24 0 11 -0.000951478
24 0 12 -8.7542e-05
24 0 13 -0.00532784
24 0 14 -0.00198974
24 0 15 -0.00237821
24 0 16 -0.00336727
24 0 17 0.00365323
24 0 18 -0.00487254
24 0 19 0.00395582
24 0 20 0.00127645
24 0 21 0.00345745
24 0 22 0.00456534
24 0 23 -0.000870973
24 0 24 0.00129019
24 0 25 0.00644407
24 0 26 -3.9922e-05
24 0 27 -0.00134722
24 0 28 -0.00947853
24 0 29 0.00374749
24 0 30 -0.000869882
24 0 31 -0.00750514
24 0 32 -0.000425876
24 0 33 -0.00749191
24 0 34 -0.00216524
24 0 35 -0.0051993
24 0 36 0.00190115
24 0 37 -0.00142892
24 0 38 -0.0115624
24 0 39 0.000896905
24 0 40 -0.00778379
24 0 41 0.000880351
24 0 42 -0.00356769
24 0 43 -0.000437028
24 0 44 -0.00362274
24 0 45 -0.00111907
24 0 46 -0.00206395
24 0 47 0.00300532
24 0 48 -0.00220328
24 0 49 0.000938577
24 0 50 -0.00297515
24 0 51 0.00245922
24 0 52 -0.00194427
24 0 53 0.000449894
24 0 54 -0.00092457
24 0 55 -0.00335564
24 0 56 -0.0053697
24 0 57 -0.00313126
24 0 58 -0.0016843
24 0 59 -0.00237212
24 0 60 -0.00043129
24 0 61 -0.00664836
24 0 62 -0.00482664
24 0 63 0.000182313
24 0 64 0.00716584
24 0 65 0.00148601
24 0 66 -0.00249522
24 0 67 -0.00112256
24 0 68 -0.00459495
24 0 69 -0.00253144
24 0 70 0.00142415
24 0 71 -9.37033e-05
24 0 72 -0.00168509
24 0 73 -0.00144372
24 0 74 0.00072818
24 0 75 -0.00169476
24 0 76 0.00541607
24 0 77 0.00532568
24 0 78 0.00260946
24 0 79 0.00120146
24 0 80 -0.000856632
24 0 81 0.00336344
24 0 82 -0.000846713
24 0 83 -0.00406701
24 0 84 0.000219512
24 0 85 -0.000318233
24 0 86 0.00488649
24 0 87 0.00264132
24 0 88 0.000951044
24 0 89 -0.000705024
24 0 90 0.000468874
24 0 91 -0.00228875
24 0 92 -0.00295358
24 0 93 -0.00258206
24 0 94 0.00507901
24 0 95 -0.000707097
24 0 96 -0.00162879
24 0 97 0.00105875
24 0 98 -0.00493024
24 0 99 -0.00162169
24 0 100 -0.00126451
24 0 101 -0.00135202
24 0 102 -0.00427165
24 0 103 -0.00254252
24 0 104 -0.00100374
24 0 105 0.00370131
24 0 106 0.0010757
24 0 107 -0.00467405
24 0 108 -0.0026066
24 0 109 -0.00603587
24 0 110 -0.00430041
24 0 111 -0.00178245
24 0 112 -0.00492576
24 0 113 -0.00618531
24 0 114 -0.0043356
24 0 115 -0.00324601
24 0 116 0.00278285
24 0 117 -0.00461424
24 0 118 -0.00229137
24 0 119 -0.00276524
24 0 120 0.000124731
24 0 121 -0.00136936
24 0 122 -0.00274893
24 0 123 -0.00560261
24 0 124 -0.00438896
24 0 125 -0.00246245
24 0 126 0.00172752
24 0 127 0.00170828
25 0 0 0.00190796
25 0 1 -0.000769078
25 0 2 -0.000224268
25 0 3 0.00322154
25 0 4 0.00409012
25 0 5 0.00160605
25 0 6 0.00253323
25 0 7 0.00369215
25 0 8 0.00267276
25 0 9 0.00737355
25 0 10 -0.000158535
25 0 11 -0.00590991
25 0 12 0.00305047
25 0 13 0.00618344
25 0 14 -0.00200495
25 0 15 -0.00596958
25 0 16 0.000368119
25 0 17 -0.000298141
25 0 18 0.000560736
25 0 19 0.00681681
25 0 20 -0.00683896
25 0 21 0.00298642
25 0 22 0.00347868
25 0 23 -0.000178149
25 0 24 -0.000740137
25 0 25 -0.00191149
25 0 26 0.00170546
25 0 27 -0.000410493
25 0 28 0.00172916
25 0 29 0.00200015
25 0 30 0.0130358
25 0 31 0.00681468
25 0 32 0.00363096
25 0 33 -0.00171335
25 0 34 0.00578756
25 0 35 0.00435901
25 0 36 0.000458536
25 0 37 0.00502636
25 0 38 0.00576741
25 0 39 0.00351513
25 0 40 0.00606034
25 0 41 0.00780672
25 0 42 0.00697643
25 0 43 -0.00550542
25 0 44 0.000198361
25 0 45 0.0035079
25 0 46 0.00435049
25 0 47 -0.00185778
25 0 48 -0.000671959
25 0 49 -0.00250955
25 0 50 0.00447228
25 0 51 -0.00368557
25 0 52 0.00737029
25 0 53 -0.0048517
25 0 54 -0.00225026
25 0 55 0.00340924
25 0 56 -0.00528669
25 0 57 -0.00431948
25 0 58 -0.00178101
25 0 59 0.00224918
25 0 60 -0.00136301
25 0 61 0.00522949
25 0 62 0.000404029
25 0 63 0.00177834
25 0 64 0.00792629
25 0 65 -0.00294006
25 0 66 0.00474167
25 0 67 -0.000409988
25 0 68 -0.000805298
25 0 69 0.000229239
25 0 70 0.0021021
25 0 71 -0.00384921
25 0 72 0.00185874
25 0 73 0.000642556
25 0 74 -0.00182046
25 0 75 0.00116336
25 0 76 -0.00287279
25 0 77 -0.000482919
25 0 78 0.00407309
25 0 79 0.00205857
25 0 80 -0.00558462
25 0 81 -0.00325985
25 0 82 0.00610693
25 0 83 -0.000953723
25 0 84 -0.000405384
25 0 85 -0.00576426
25 0 86 0.00594378
25 0 87 0.0028078
25 0 88 0.00135291
25 0 89 0.00217398
25 0 90 -0.00290566
25 0 91 0.00231331
25 0 92 0.00368772
25 0 93 0.00466447
25 0 94 0.00365101
25 0 95 0.00773805
25 0 96 0.000346118
25 0 97 -0.000792948
25 0 98 0.00308712
25 0 99 0.00372804
25 0 100 0.00227026
25 0 101 0.00135665
25 0 102 0.00376668
25 0 103 0.00279944
25 0 104 0.00685464
25 0 105 0.00130554
25 0 106 0.00125725
25 0 107 -0.0059087
25 0 108 0.00190507
25 0 109 0.00612716
25 0 110 0.00415807
25 0 111 -0.00456163
25 0 112 0.000686576
25 0 113 -0.00605066
25 0 114 0.00213493
25 0 115 -0.00140216
25 0 116 -0.000345657
25 0 117 -0.0012158
25 0 118 0.0071181
25 0 119 0.00617207
25 0 120 0.00347561
25 0 121 0.00202986
25 0 122 -0.00168611
25 0 123 0.00381354
25 0 124 0.00374567
25 0 125 -0.00291603
25 0 126 0.00418259
25 0 127 -0.00308956
26 0 0 0.00394213
26 0 1 -0.00329195
26 0 2 0.00220177
26 0 3 -0.00251439
26 0 4 -0.00918791
26 0 5 -0.0071848
26 0 6 -0.00479259
26 0 7 0.00186147
26 0 8 -0.00617833
26 0 9 -0.0012163
26 0 10 0.004254
26 0 11 0.00210989
26 0 12 -0.0039484
26 0 13 -0.00227723
26 0 14 -0.00171251
26 0 15 -0.00294146
26 0 16 -0.00222497
26 0 17 -0.00268962
26 0 18 0.00181162
26 0 19 -0.00271321
26 0 20 0.00277349
26 0 21 0.0061457
26 0 22 0.00231736
26 0 23 -0.00418963
26 0 24 -0.00625525
26 0 25 -0.00570674
26 0 26 -0.00246836
26 0 27 -0.00133463
26 0 28 -0.00353979
26 0 29 0.000456356
26 0 30 0.00133333
26 0 31 5.44912e-05
26 0 32 -0.00208374
26 0 33 -0.00692769
26 0 34 0.00075966
26 0 35 -0.00488172
26 0 36 0.0016655
26 0 37 -0.00319059
26 0 38 -0.00110555
26 0 39 -0.00913212
26 0 40 -0.000766042
26 0 41 -0.00235199
26 0 42 0.000715648
26 0 43 -0.00379245
26 0 44 -0.00437857
26 0 45 -1.32585e-06
26 0 46 0.00327118
26 0 47 0.000782372
26 0 48 -0.00739534
26 0 49 -0.00207446
26 0 50 -0.00317482
26 0 51 -0.00536033
26 0 52 0.00605666
26 0 53 -0.00246598
26 0 54 0.000367904
26 0 55 -3.74893e-05
26 0 56 0.000396435
26 0 57 0.000368354
26 0 58 0.00163083
26 0 59 0.00357607
26 0 60 -0.00184753
26 0 61 -0.0035712
26 0 62 -0.00450038
26 0 63 -0.000363426
26 0 64 -0.00337471
26 0 65 0.00112213
26 0 66 0.00147807
26 0 67 0.0103382
26 0 68 0.00340648
26 0 69 0.000351802
26 0 70 0.0038241
26 0 71 0.00126158
26 0 72 0.00283606
26 0 73 -0.00725409
26 0 74 -0.00614206
26 0 75 -0.00168608
26 0 76 -0.0020166
26 0 77 0.00119201
26 0 78 -0.000406686
26 0 79 -0.0053517
26 0 80 -0.000299849
26 0 81 -0.00325357
26 0 82 0.00167874
26 0 83 0.000392729
26 0 84 -0.0013904
26 0 85 -0.00183377
26 0 86 -0.00302151
26 0 87 -0.0042895
26 0 88 -0.00125095
26 0 89 0.00304683
26 0 90 -0.00455035
26 0 91 -0.00046196
26 0 92 0.0019526
26 0 93 -0.000522039
26 0 94 -0.000786871
26 0 95 -0.000336894
26 0 96 -0.000953325
26 0 97 -0.00338808
26 0 98 -0.00175309
26 0 99 -0.00495662
26 0 100 0.00107769
26 0 101 -0.00185499
26 0 102 -0.00443904
26 0 103 -0.00172443
26 0 104 0.00318107
26 0 105 0.00172946
26 0 106 8.81309e-05
26 0 107 0.00159464
26 0 108 -0.00513668
26 0 109 0.000983254
26 0 110 -0.00236186
26 0 111 -0.00436884
26 0 112 9.16175e-05
26 0 113 -0.00530946
26 0 114 -0.00626031
26 0 115 -0.00439571
26 0 116 0.00220397
26 0 117 -0.00103286
26 0 118 0.00576729
26 0 119 -0.0014104
26 0 120 0.00072666
26 0 121 0.00320653
26 0 122 -0.00507954
26 0 123 0.000973426
26 0 124 0.00042397
26 0 125 4.56451e-05
26 0 126 -0.00628284
26 0 127 -0.00517346
27 0 0 -0.00622722
27 0 1 0.00711084
27 0 2 0.00236118
27 0 3 0.00218157
27 0 4 -0.00220997
27 0 5 0.000901757
27 0 6 0.00238011
27 0 7 -0.00167621
27 0 8 -0.0012725
27 0 9 -0.00242149
27 0 10 -0.00568994
27 0 11 0.00167951
27 0 12 0.00161362
27 0 13 0.00548303
27 0 14 -0.00435925
27 0 15 -0.00341814
27 0 16 -0.00908474
27 0 17 0.00571783
27 0 18 2.54157e-05
27 0 19 0.00227882
27 0 20 0.00263682
27 0 21 -0.00207181
27 0 22 -0.000973406
27 0 23 0.000678791
27 0 24 0.00646135
27 0 25 -0.00194524
27 0 26 -0.00127247
27 0 27 -0.00437567
27 0 28 -0.00208705
27 0 29 -0.00166985
27 0 30 0.00210817
27 0 31 -0.00230778
27 0 32 0.00422455
27 0 33 0.00332268
27 0 34 -0.000699252
27 0 35 -0.00200455
27 0 36 -0.00583389
27 0 37 -0.00010342
27 0 38 0.00538423
27 0 39 0.00249371
27 0 40 -0.00300353
27 0 41 0.00483556
27 0 42 -0.00526203
27 0 43 0.00228671
27 0 44 -0.00276348
27 0 45 0.00184635
27 0 46 0.00136411
27 0 47 -0.0012604
27 0 48 0.000682326
27 0 49 -0.00125683
27 0 50 0.00176604
27 0 51 0.00153538
27 0 52 -0.00960715
27 0 53 -0.00513417
27 0 54 0.00204867
27 0 55 -0.00363524
27 0 56 -0.00263211
27 0 57 0.00512108
27 0 58 0.000558021
27 0 59 -0.0020765
27 0 60 -0.00287133
27 0 61 0.000423315
27 0 62 -0.0002552
27 0 63 -0.00351171
27 0 64 0.00243929
27 0 65 -0.00382048
27 0 66 0.00200078
27 0 67 -0.000806045
27 0 68 -0.00475468
27 0 69 0.000927732
27 0 70 -0.0004971
27 0 71 -0.000219362
27 0 72 -0.00331224
27 0 73 -0.00213122
27 0 74 0.00299791
27 0 75 0.000932102
27 0 76 0.00241343
27 0 77 0.0013843
27 0 78 -0.000189478
27 0 79 -0.000910261
27 0 80 0.00264335
27 0 81 -0.00350639
27 0 82 -0.00304918
27 0 83 0.000592896
27 0 84 0.00651802
27 0 85 -0.00561182
27 0 86 0.00187801
27 0 87 -0.00258373
27 0 88 -0.00790593
27 0 89 0.00141818
27 0 90 -0.00242328
27 0 91 0.00256063
27 0 92 -0.00626416
27 0 93 -0.00241268
27 0 94 0.00261642
27 0 95 0.00230018
27 0 96 0.00153685
27 0 97 0.00480978
27 0 98 0.00494454
27 0 99 -0.00559636
27 0 100 0.00114496
27 0 101 0.000460968
27 0 102 0.00656524
27 0 103 -0.00556124
27 0 104 -0.00815348
27 0 105 -0.00380364
27 0 106 0.000230927
27 0 107 -0.00444775
27 0 108 0.00053516
27 0 109 -0.00258858
27 0 110 -0.00486708
27 0 111 -0.000433297
27 0 112 0.00767641
27 0 113 -0.0045958
27 0 114 0.00166372
27 0 115 -0.0018281
27 0 116 -0.00207335
27 0 117 0.000654964
27 0 118 -0.00450003
27 0 119 -0.00361445
27 0 120 -0.00221554
27 0 121 -0.000638889
27 0 122 0.000893695
27 0 123 -0.000545506
27 0 124 -0.00561075
27 0 125 0.000417011
27 0 126 -0.00514475
27 0 127 -0.00391108
28 0 0 -0.00217939
28 0 1 0.0036456
28 0 2 0.000259043
28 0 3 0.00722027
28 0 4 -0.00105605
28 0 5 0.00377358
28 0 6 0.010342
28 0 7 0.00381449
28 0 8 0.0031532
28 0 9 0.00337006
28 0 10 -0.00394524
28 0 11 0.00186661
28 0 12 0.00312896
28 0 13 -0.00254438
28 0 14 -0.0013336
28 0 15 -0.00509331
28 0 16 -0.00214352
28 0 17 -0.00650453
28 0 18 0.00136884
28 0 19 -0.0022012
28 0 20 0.0012454
28 0 21 -0.00468453
28 0 22 0.000680883
28 0 23 -0.00335428
28 0 24 0.00441433
28 0 25 0.00150909
28 0 26 -0.00207202
28 0 27 -0.00406658
28 0 28 0.0048141
28 0 29 -0.00147586
28 0 30 0.00211191
28 0 31 0.000872533
28 0 32 0.00116179
28 0 33 0.000242712
28 0 34 0.00866923
28 0 35 0.00503609
28 0 36 -0.00134565
28 0 37 0.0043542
28 0 38 -0.00402786
28 0 39 0.000866444
28 0 40 0.00136692
28 0 41 0.000117791
28 0 42 0.000556686
28 0 43 -0.00157742
28 0 44 0.00504035
28 0 45 -0.00185795
28 0 46 -0.00185744
28 0 47 0.000556004
28 0 48 -0.0040376
28 0 49 0.00330775
28 0 50 0.00372132
28 0 51 -0.00699795
28 0 52 0.00092451
28 0 53 -0.00398302
28 0 54 0.00284184
28 0 55 0.00303901
28 0 56 -0.00157415
28 0 57 0.000822485
28 0 58 0.000584088
28 0 59 0.00415114
28 0 60 -0.00146115
28 0 61 0.00227057
28 0 62 -0.00106681
28 0 63 -0.00142855
28 0 64 -0.00322553
28 0 65 0.000146352
28 0 66 -0.000821974
28 0 67 -0.00189583
28 0 68 0.00278426
28 0 69 -0.00539024
28 0 70 0.00109427
28 0 71 -0.000322361
28 0 72 1.29e-05
28 0 73 0.00280084
28 0 74 0.00396987
28 0 75 -0.00153401
28 0 76 0.00236238
28 0 77 0.00135881
28 0 78 -0.00346187
28 0 79 0.00505127
28 0 80 -0.00518526
28 0 81 0.00105149
28 0 82 0.00200834
28 0 83 0.00106246
28 0 84 -0.00409833
28 0 85 0.0039059
28 0 86 -7.39308e-05
28 0 87 -0.000308369
28 0 88 -0.00302395
28 0 89 0.00220498
28 0 90 0.00424238
28 0 91 0.00276039
28 0 92 0.00297318
28 0 93 -0.00163875
28 0 94 -0.00346021
28 0 95 0.00431968
28 0 96 0.00232191
28 0 97 -0.00764092
28 0 98 0.00306676
28 0 99 0.000352319
28 0 100 0.00647888
28 0 101 0.00126287
28 0 102 0.00203627
28 0 103 0.00074233
28 0 104 0.000939342
28 0 105 0.00252729
28 0 106 0.00429602
28 0 107 0.00478335
28 0 108 0.00230799
28 0 109 0.00370928
28 0 110 0.0029943
28 0 111 0.0069005
28 0 112 -0.00115963
28 0 113 0.0019536
28 0 114 0.00509289
28 0 115 0.00593678
28 0 116 0.00960572
28 0 117 -0.00139668
28 0 118 -0.00301607
28 0 119 0.00363389
28 0 120 0.00136853
28 0 121 0.000473186
28 0 122 0.00937738
28 0 123 0.00466432
28 0 124 0.00330593
28 0 125 0.00337407
28 0 126 0.00256183
28 0 127 0.00372324
